Q4,Q5,Q7,Q8,Q10,Q11,Q12,Q13,Q14,Q16,Q17,Q18,Q20,Q21,Q22,Q23,Q24,Q25,Q26,Q27,Q28,Q29,Q30_2,Q31_2,Q32,Q33,Q34,Q35,Q36,Q77,Q63,Q64,Q65,Q66,Q67,Q68,Q75,Q69,Q70,Q71,Q72,Q73,Q43,Q44,Q45,Q46,Q49,Q50,Q51,Q52,Q82,Q53,Q76,experiment,version,partisantreatment,gc,outparty,pid,item.crime
Female,White/Caucasian,"Less than 30,000",High School / GED,Republican,NA,Strong Republican,NA,22,NA,NA,NA,NA,NA,NA,NA,NA,NA,NA,NA,NA,NA,,,NA,NA,NA,NA,NA,NA,NA,NA,NA,NA,NA,NA,NA,NA,NA,NA,NA,NA,NA,NA,NA,NA,NA,NA,NA,NA,NA,NA,NA,2,1,2,2,NA,NA,NA
Female,White/Caucasian,"30,000 – 39,999",Some College,Republican,NA,Strong Republican,NA,62,NA,NA,NA,NA,NA,NA,NA,NA,NA,NA,NA,NA,NA,,,NA,NA,NA,NA,NA,NA,NA,NA,NA,NA,NA,NA,NA,NA,NA,NA,NA,NA,NA,NA,NA,NA,NA,NA,NA,NA,NA,NA,NA,2,1,2,2,NA,NA,NA
Female,White/Caucasian,"70,000 – 79,999",4-year College Degree,Republican,NA,Strong Republican,NA,67,NA,NA,NA,NA,NA,NA,NA,NA,NA,NA,NA,NA,NA,,,NA,NA,NA,NA,NA,NA,NA,NA,NA,NA,NA,NA,NA,NA,NA,NA,NA,NA,NA,NA,NA,NA,NA,NA,NA,NA,NA,NA,NA,2,1,1,2,NA,NA,NA
Male,White/Caucasian,"Less than 30,000",4-year College Degree,Republican,NA,Strong Republican,NA,42,NA,NA,NA,NA,NA,NA,NA,NA,NA,NA,NA,NA,NA,,,NA,NA,NA,NA,NA,NA,NA,NA,NA,NA,NA,NA,NA,NA,NA,NA,NA,NA,NA,NA,NA,NA,NA,NA,NA,NA,NA,NA,NA,1,2,2,2,NA,NA,NA
Male,White/Caucasian,"Less than 30,000",Masters Degree,Other,Neither,NA,NA,NA,NA,NA,NA,NA,NA,NA,NA,NA,NA,NA,NA,NA,NA,,,NA,NA,NA,NA,NA,NA,NA,NA,NA,NA,NA,NA,NA,NA,NA,NA,NA,NA,NA,NA,NA,NA,NA,NA,NA,NA,NA,NA,NA,1,2,1,2,NA,NA,NA
Female,White/Caucasian,"Less than 30,000",4-year College Degree,Democrat,NA,NA,Strong Democrat,61,NA,NA,NA,NA,NA,NA,NA,NA,NA,NA,NA,NA,NA,,,NA,NA,NA,NA,NA,NA,NA,NA,NA,NA,NA,NA,NA,NA,NA,NA,NA,NA,NA,NA,NA,NA,NA,NA,NA,NA,NA,NA,NA,1,2,1,2,NA,NA,NA
Female,White/Caucasian,"30,000 – 39,999",Some College,Democrat,NA,NA,Strong Democrat,62,NA,NA,NA,NA,NA,NA,NA,NA,NA,NA,NA,NA,NA,,,NA,NA,NA,NA,NA,NA,NA,NA,NA,NA,NA,NA,NA,NA,NA,NA,NA,NA,NA,NA,NA,NA,NA,NA,NA,NA,NA,NA,NA,1,1,1,2,NA,NA,NA
Female,White/Caucasian,"Less than 30,000",High School / GED,Democrat,NA,NA,Strong Democrat,61,NA,NA,NA,NA,NA,NA,NA,NA,NA,NA,NA,NA,NA,,,NA,NA,NA,NA,NA,NA,NA,NA,NA,NA,NA,NA,NA,NA,NA,NA,NA,NA,NA,NA,NA,NA,NA,NA,NA,NA,NA,NA,NA,2,2,2,2,NA,NA,NA
Male,White/Caucasian,"Less than 30,000",High School / GED,Republican,NA,Strong Republican,NA,56,NA,NA,NA,NA,NA,NA,NA,NA,NA,NA,NA,NA,NA,,,NA,NA,NA,NA,NA,NA,NA,NA,NA,NA,NA,NA,NA,NA,NA,NA,NA,NA,NA,NA,NA,NA,NA,NA,NA,NA,NA,NA,NA,1,1,1,2,NA,NA,NA
Female,White/Caucasian,"30,000 – 39,999",4-year College Degree,Democrat,NA,NA,Not a strong Democrat,58,NA,NA,NA,NA,NA,NA,NA,NA,NA,NA,NA,NA,NA,,,NA,NA,NA,NA,NA,NA,NA,NA,NA,NA,NA,NA,NA,NA,NA,NA,NA,NA,NA,NA,NA,NA,NA,NA,NA,NA,NA,NA,NA,1,2,2,2,NA,NA,NA
Male,White/Caucasian,"30,000 – 39,999",4-year College Degree,Republican,NA,Strong Republican,NA,64,NA,NA,NA,NA,NA,NA,NA,NA,NA,NA,NA,NA,NA,,,NA,NA,NA,NA,NA,NA,NA,NA,NA,NA,NA,NA,NA,NA,NA,NA,NA,NA,NA,NA,NA,NA,NA,NA,NA,NA,NA,NA,NA,1,2,1,2,NA,NA,NA
Male,White/Caucasian,"70,000 – 79,999",4-year College Degree,Democrat,NA,NA,Strong Democrat,63,NA,NA,NA,NA,NA,NA,NA,NA,NA,NA,NA,NA,NA,,,NA,NA,NA,NA,NA,NA,NA,NA,NA,NA,NA,NA,NA,NA,NA,NA,NA,NA,NA,NA,NA,NA,NA,NA,NA,NA,NA,NA,NA,2,1,1,2,NA,NA,NA
Female,White/Caucasian,"50,000 – 59,999",Some College,Republican,NA,Not a strong Republican,NA,29,NA,NA,NA,NA,NA,NA,NA,NA,NA,NA,NA,NA,NA,,,NA,NA,NA,NA,NA,NA,NA,NA,NA,NA,NA,NA,NA,NA,NA,NA,NA,NA,NA,NA,NA,NA,NA,NA,NA,NA,NA,NA,NA,1,2,1,2,NA,NA,NA
Male,White/Caucasian,"Less than 30,000",High School / GED,Republican,NA,Not a strong Republican,NA,56,NA,NA,NA,NA,NA,NA,NA,NA,NA,NA,NA,NA,NA,,,NA,NA,NA,NA,NA,NA,NA,NA,NA,NA,NA,NA,NA,NA,NA,NA,NA,NA,NA,NA,NA,NA,NA,NA,NA,NA,NA,NA,NA,1,2,2,2,NA,NA,NA
Male,White/Caucasian,"50,000 – 59,999",Some College,Republican,NA,Strong Republican,NA,57,NA,NA,NA,NA,NA,NA,NA,NA,NA,NA,NA,NA,NA,,,NA,NA,NA,NA,NA,NA,NA,NA,NA,NA,NA,NA,NA,NA,NA,NA,NA,NA,NA,NA,NA,NA,NA,NA,NA,NA,NA,NA,NA,2,1,1,2,NA,NA,NA
Male,White/Caucasian,"30,000 – 39,999",4-year College Degree,Democrat,NA,NA,Strong Democrat,64,NA,NA,NA,NA,NA,NA,NA,NA,NA,NA,NA,NA,NA,,,NA,NA,NA,NA,NA,NA,NA,NA,NA,NA,NA,NA,NA,NA,NA,NA,NA,NA,NA,NA,NA,NA,NA,NA,NA,NA,NA,NA,NA,2,2,1,2,NA,NA,NA
Female,Native American,"40,000 – 49,999",Some College,Democrat,NA,NA,Not a strong Democrat,Under 18,NA,NA,NA,NA,NA,NA,NA,NA,NA,NA,NA,NA,NA,,,NA,NA,NA,NA,NA,NA,NA,NA,NA,NA,NA,NA,NA,NA,NA,NA,NA,NA,NA,NA,NA,NA,NA,NA,NA,NA,NA,NA,NA,2,1,1,2,NA,NA,NA
Female,White/Caucasian,"50,000 – 59,999",4-year College Degree,Republican,NA,Strong Republican,NA,71,NA,NA,NA,NA,NA,NA,NA,NA,NA,NA,NA,NA,NA,,,NA,NA,NA,NA,NA,NA,NA,NA,NA,NA,NA,NA,NA,NA,NA,NA,NA,NA,NA,NA,NA,NA,NA,NA,NA,NA,NA,NA,NA,2,2,1,2,NA,NA,NA
Male,African American,"60,000 – 69,999",4-year College Degree,Democrat,NA,NA,Strong Democrat,20,NA,NA,NA,NA,NA,NA,NA,NA,NA,NA,NA,NA,NA,,,NA,NA,NA,NA,NA,NA,NA,NA,NA,NA,NA,NA,NA,NA,NA,NA,NA,NA,NA,NA,NA,NA,NA,NA,NA,NA,NA,NA,NA,1,1,1,2,NA,NA,NA
Female,White/Caucasian,"100,000 or more",Masters Degree,Republican,NA,Not a strong Republican,NA,54,NA,NA,NA,NA,NA,NA,NA,NA,NA,NA,NA,NA,NA,,,NA,NA,NA,NA,NA,NA,NA,NA,NA,NA,NA,NA,NA,NA,NA,NA,NA,NA,NA,NA,NA,NA,NA,NA,NA,NA,NA,NA,NA,2,1,2,2,NA,NA,NA
Female,White/Caucasian,"Less than 30,000",High School / GED,Republican,NA,Strong Republican,NA,36,NA,NA,NA,NA,NA,NA,NA,NA,NA,NA,NA,NA,NA,,,NA,NA,NA,NA,NA,NA,NA,NA,NA,NA,NA,NA,NA,NA,NA,NA,NA,NA,NA,NA,NA,NA,NA,NA,NA,NA,NA,NA,NA,2,2,1,2,NA,NA,NA
Female,White/Caucasian,"70,000 – 79,999",Masters Degree,Democrat,NA,NA,Strong Democrat,22,NA,NA,NA,NA,NA,NA,NA,NA,NA,NA,NA,NA,NA,,,NA,NA,NA,NA,NA,NA,NA,NA,NA,NA,NA,NA,NA,NA,NA,NA,NA,NA,NA,NA,NA,NA,NA,NA,NA,NA,NA,NA,NA,2,2,2,2,NA,NA,NA
Female,White/Caucasian,"40,000 – 49,999",4-year College Degree,Republican,NA,Strong Republican,NA,48,NA,NA,NA,NA,NA,NA,NA,NA,NA,NA,NA,NA,NA,,,NA,NA,NA,NA,NA,NA,NA,NA,NA,NA,NA,NA,NA,NA,NA,NA,NA,NA,NA,NA,NA,NA,NA,NA,NA,NA,NA,NA,NA,2,1,1,2,NA,NA,NA
Female,Other,"Less than 30,000",2-year College Degree,Republican,NA,Not a strong Republican,NA,36,NA,NA,NA,NA,NA,NA,NA,NA,NA,NA,NA,NA,NA,,,NA,NA,NA,NA,NA,NA,NA,NA,NA,NA,NA,NA,NA,NA,NA,NA,NA,NA,NA,NA,NA,NA,NA,NA,NA,NA,NA,NA,NA,1,1,2,2,NA,NA,NA
Female,White/Caucasian,"30,000 – 39,999",High School / GED,Democrat,NA,NA,Strong Democrat,59,NA,NA,NA,NA,NA,NA,NA,NA,NA,NA,NA,NA,NA,,,NA,NA,NA,NA,NA,NA,NA,NA,NA,NA,NA,NA,NA,NA,NA,NA,NA,NA,NA,NA,NA,NA,NA,NA,NA,NA,NA,NA,NA,1,1,1,2,NA,NA,NA
Female,African American,"Less than 30,000",High School / GED,Democrat,NA,NA,Strong Democrat,45,NA,NA,NA,NA,NA,NA,NA,NA,NA,NA,NA,NA,NA,,,NA,NA,NA,NA,NA,NA,NA,NA,NA,NA,NA,NA,NA,NA,NA,NA,NA,NA,NA,NA,NA,NA,NA,NA,NA,NA,NA,NA,NA,2,1,2,2,NA,NA,NA
Male,White/Caucasian,"100,000 or more",Less than High School,Democrat,NA,NA,Strong Democrat,35,NA,NA,NA,NA,NA,NA,NA,NA,NA,NA,NA,NA,NA,,,NA,NA,NA,NA,NA,NA,NA,NA,NA,NA,NA,NA,NA,NA,NA,NA,NA,NA,NA,NA,NA,NA,NA,NA,NA,NA,NA,NA,NA,2,1,1,2,NA,NA,NA
Male,African American,"Less than 30,000",Less than High School,Democrat,NA,NA,Strong Democrat,Under 18,NA,NA,NA,NA,NA,NA,NA,NA,NA,NA,NA,NA,NA,,,NA,NA,NA,NA,NA,NA,NA,NA,NA,NA,NA,NA,NA,NA,NA,NA,NA,NA,NA,NA,NA,NA,NA,NA,NA,NA,NA,NA,NA,2,1,1,2,NA,NA,NA
Female,African American,"40,000 – 49,999",Some College,Republican,NA,Strong Republican,NA,19,NA,NA,NA,NA,NA,NA,NA,NA,NA,NA,NA,NA,NA,,,NA,NA,NA,NA,NA,NA,NA,NA,NA,NA,NA,NA,NA,NA,NA,NA,NA,NA,NA,NA,NA,NA,NA,NA,NA,NA,NA,NA,NA,1,2,1,2,NA,NA,NA
Male,African American,"50,000 – 59,999",4-year College Degree,Democrat,NA,NA,Strong Democrat,21,NA,NA,NA,NA,NA,NA,NA,NA,NA,NA,NA,NA,NA,,,NA,NA,NA,NA,NA,NA,NA,NA,NA,NA,NA,NA,NA,NA,NA,NA,NA,NA,NA,NA,NA,NA,NA,NA,NA,NA,NA,NA,NA,2,2,1,2,NA,NA,NA
Female,White/Caucasian,"Less than 30,000",Less than High School,Republican,NA,Not a strong Republican,NA,30,NA,NA,NA,NA,NA,NA,NA,NA,NA,NA,NA,NA,NA,,,NA,NA,NA,NA,NA,NA,NA,NA,NA,NA,NA,NA,NA,NA,NA,NA,NA,NA,NA,NA,NA,NA,NA,NA,NA,NA,NA,NA,NA,1,2,1,2,NA,NA,NA
Female,White/Caucasian,"50,000 – 59,999",High School / GED,Democrat,NA,NA,Strong Democrat,59,NA,NA,NA,NA,NA,NA,NA,NA,NA,NA,NA,NA,NA,,,NA,NA,NA,NA,NA,NA,NA,NA,NA,NA,NA,NA,NA,NA,NA,NA,NA,NA,NA,NA,NA,NA,NA,NA,NA,NA,NA,NA,NA,2,1,1,2,NA,NA,NA
Male,African American,"Less than 30,000",High School / GED,Democrat,NA,NA,Strong Democrat,59,NA,NA,NA,NA,NA,NA,NA,NA,NA,NA,NA,NA,NA,,,NA,NA,NA,NA,NA,NA,NA,NA,NA,NA,NA,NA,NA,NA,NA,NA,NA,NA,NA,NA,NA,NA,NA,NA,NA,NA,NA,NA,NA,2,2,2,2,NA,NA,NA
Female,White/Caucasian,"50,000 – 59,999",4-year College Degree,Democrat,NA,NA,Strong Democrat,21,NA,NA,NA,NA,NA,NA,NA,NA,NA,NA,NA,NA,NA,,,NA,NA,NA,NA,NA,NA,NA,NA,NA,NA,NA,NA,NA,NA,NA,NA,NA,NA,NA,NA,NA,NA,NA,NA,NA,NA,NA,NA,NA,2,2,1,2,NA,NA,NA
Female,African American,"Less than 30,000",2-year College Degree,Democrat,NA,NA,Strong Democrat,27,NA,NA,NA,NA,NA,NA,NA,NA,NA,NA,NA,NA,NA,,,NA,NA,NA,NA,NA,NA,NA,NA,NA,NA,NA,NA,NA,NA,NA,NA,NA,NA,NA,NA,NA,NA,NA,NA,NA,NA,NA,NA,NA,2,1,2,2,NA,NA,NA
Female,African American,"50,000 – 59,999",High School / GED,Democrat,NA,NA,Strong Democrat,22,NA,NA,NA,NA,NA,NA,NA,NA,NA,NA,NA,NA,NA,,,NA,NA,NA,NA,NA,NA,NA,NA,NA,NA,NA,NA,NA,NA,NA,NA,NA,NA,NA,NA,NA,NA,NA,NA,NA,NA,NA,NA,NA,2,1,2,2,NA,NA,NA
Male,White/Caucasian,"40,000 – 49,999",4-year College Degree,Democrat,NA,NA,Strong Democrat,25,NA,NA,NA,NA,NA,NA,NA,NA,NA,NA,NA,NA,NA,,,NA,NA,NA,NA,NA,NA,NA,NA,NA,NA,NA,NA,NA,NA,NA,NA,NA,NA,NA,NA,NA,NA,NA,NA,NA,NA,NA,NA,NA,1,2,2,2,NA,NA,NA
Female,White/Caucasian,"Less than 30,000",Some College,Republican,NA,Strong Republican,NA,38,NA,NA,NA,NA,NA,NA,NA,NA,NA,NA,NA,NA,NA,,,NA,NA,NA,NA,NA,NA,NA,NA,NA,NA,NA,NA,NA,NA,NA,NA,NA,NA,NA,NA,NA,NA,NA,NA,NA,NA,NA,NA,NA,1,1,1,2,NA,NA,NA
Female,White/Caucasian,"40,000 – 49,999",Masters Degree,Republican,NA,Strong Republican,NA,34,NA,NA,NA,NA,NA,NA,NA,NA,NA,NA,NA,NA,NA,,,NA,NA,NA,NA,NA,NA,NA,NA,NA,NA,NA,NA,NA,NA,NA,NA,NA,NA,NA,NA,NA,NA,NA,NA,NA,NA,NA,NA,NA,1,1,2,2,NA,NA,NA
Female,White/Caucasian,"80,000 – 89,999",4-year College Degree,Republican,NA,Not a strong Republican,NA,54,NA,NA,NA,NA,NA,NA,NA,NA,NA,NA,NA,NA,NA,,,NA,NA,NA,NA,NA,NA,NA,NA,NA,NA,NA,NA,NA,NA,NA,NA,NA,NA,NA,NA,NA,NA,NA,NA,NA,NA,NA,NA,NA,2,1,1,2,NA,NA,NA
Female,White/Caucasian,"80,000 – 89,999",2-year College Degree,Democrat,NA,NA,Strong Democrat,46,NA,NA,NA,NA,NA,NA,NA,NA,NA,NA,NA,NA,NA,,,NA,NA,NA,NA,NA,NA,NA,NA,NA,NA,NA,NA,NA,NA,NA,NA,NA,NA,NA,NA,NA,NA,NA,NA,NA,NA,NA,NA,NA,1,2,2,2,NA,NA,NA
Male,White/Caucasian,"Less than 30,000",Less than High School,Other,Democratic Party,NA,NA,Under 18,NA,NA,NA,NA,NA,NA,NA,NA,NA,NA,NA,NA,NA,,,NA,NA,NA,NA,NA,NA,NA,NA,NA,NA,NA,NA,NA,NA,NA,NA,NA,NA,NA,NA,NA,NA,NA,NA,NA,NA,NA,NA,NA,1,2,1,2,NA,NA,NA
Male,Native American,"80,000 – 89,999",Masters Degree,Democrat,NA,NA,Strong Democrat,35,NA,NA,NA,NA,NA,NA,NA,NA,NA,NA,NA,NA,NA,,,NA,NA,NA,NA,NA,NA,NA,NA,NA,NA,NA,NA,NA,NA,NA,NA,NA,NA,NA,NA,NA,NA,NA,NA,NA,NA,NA,NA,NA,1,2,2,2,NA,NA,NA
Male,Pacific Islander,"90,000 – 99,999",Masters Degree,Democrat,NA,NA,Strong Democrat,32,NA,NA,NA,NA,NA,NA,NA,NA,NA,NA,NA,NA,NA,,,NA,NA,NA,NA,NA,NA,NA,NA,NA,NA,NA,NA,NA,NA,NA,NA,NA,NA,NA,NA,NA,NA,NA,NA,NA,NA,NA,NA,NA,1,1,1,2,NA,NA,NA
Female,African American,"Less than 30,000",High School / GED,Democrat,NA,NA,Not a strong Democrat,36,NA,NA,NA,NA,NA,NA,NA,NA,NA,NA,NA,NA,NA,,,NA,NA,NA,NA,NA,NA,NA,NA,NA,NA,NA,NA,NA,NA,NA,NA,NA,NA,NA,NA,NA,NA,NA,NA,NA,NA,NA,NA,NA,1,2,1,2,NA,NA,NA
Male,White/Caucasian,"50,000 – 59,999",High School / GED,Democrat,NA,NA,Strong Democrat,23,Yes,No,No,TRUE,FALSE,TRUE,TRUE,TRUE,FALSE,TRUE,FALSE,TRUE,TRUE,80,75,Somewhat agree,Strongly agree,Strongly disagree,No,Yes,4,5- Very like me,4,4,4,4,5- Very like me,5- Very like me,5- Very like me,5- Very like me,4,4,5- Very like me,NA,NA,NA,NA,Washington,Strongly support,Justified,Yes,NA,NA,NA,1,2,2,1,Republican,Democrat,NA
Female,Native American,"70,000 – 79,999",2-year College Degree,Democrat,NA,NA,Strong Democrat,24,No,No,Yes,FALSE,TRUE,TRUE,FALSE,TRUE,FALSE,TRUE,FALSE,FALSE,TRUE,78,73,Strongly agree,Somewhat agree,Neither agree nor disagree,No,Yes,4,3,4,2,3,4,4,5- Very like me,3,3,5- Very like me,3,2,NA,NA,NA,NA,NA,NA,NA,NA,NA,4 - 30 days in jail,Strongly support,2,2,2,1,Republican,Democrat,arson
Female,White/Caucasian,"50,000 – 59,999",2-year College Degree,Republican,NA,Strong Republican,NA,67,No,No,Yes,FALSE,TRUE,TRUE,TRUE,TRUE,FALSE,FALSE,TRUE,TRUE,TRUE,17,88,Neither agree nor disagree,Neither agree nor disagree,Strongly disagree,No,No,1 - Not at all,2,3,3,1- Very unlike me,2,3,4,1- Very unlike me,2,3,3,3,NA,NA,NA,NA,Oregon,Strongly oppose,Unjustified,Yes,NA,NA,NA,1,1,2,1,Democrat,Republican,NA
Female,White/Caucasian,"Less than 30,000",Some College,Independent,Republican Party,NA,NA,27,No,No,No,FALSE,TRUE,FALSE,TRUE,TRUE,TRUE,TRUE,TRUE,TRUE,TRUE,53,61,Neither agree nor disagree,Strongly disagree,Strongly disagree,No,No,1 - Not at all,2,3,5- Very like me,4,3,4,3,1- Very unlike me,2,3,4,2,NA,NA,NA,NA,NA,NA,NA,NA,NA,6 - 10 years in prison,Oppose,2,2,1,1,Democrat,Republican,assault with a deadly weapon
Female,White/Caucasian,"50,000 – 59,999",Some College,Democrat,NA,NA,Not a strong Democrat,55,No,No,Yes,FALSE,FALSE,TRUE,FALSE,TRUE,TRUE,TRUE,FALSE,TRUE,TRUE,89,32,Neither agree nor disagree,Somewhat disagree,Strongly agree,No,No,1 - Not at all,4,2,3,5- Very like me,3,3,2,2,1- Very unlike me,1- Very unlike me,1- Very unlike me,1- Very unlike me,NA,NA,NA,NA,NA,NA,NA,NA,NA,7 months to 1 year in jail,Oppose,2,2,2,1,Republican,Democrat,assault with a deadly weapon
Female,White/Caucasian,"60,000 – 69,999",High School / GED,Democrat,NA,NA,Strong Democrat,66,No,No,Yes,TRUE,TRUE,TRUE,TRUE,TRUE,FALSE,FALSE,TRUE,FALSE,FALSE,98,7,Somewhat agree,Somewhat disagree,Somewhat disagree,No,No,1 - Not at all,1- Very unlike me,2,2,1- Very unlike me,1- Very unlike me,1- Very unlike me,2,1- Very unlike me,1- Very unlike me,1- Very unlike me,2,1- Very unlike me,Florida,Strongly oppose,Unjustified,Yes,NA,NA,NA,NA,NA,NA,NA,1,2,1,1,Republican,Democrat,NA
Female,White/Caucasian,"70,000 – 79,999",High School / GED,Independent,Democratic Party,NA,NA,25,No,No,No,FALSE,FALSE,FALSE,TRUE,FALSE,FALSE,FALSE,FALSE,TRUE,TRUE,62,0,Strongly disagree,Strongly disagree,Strongly disagree,No,No,1 - Not at all,1- Very unlike me,1- Very unlike me,1- Very unlike me,1- Very unlike me,1- Very unlike me,1- Very unlike me,1- Very unlike me,1- Very unlike me,1- Very unlike me,1- Very unlike me,2,1- Very unlike me,NA,NA,NA,NA,NA,NA,NA,NA,NA,Community service,Strongly support,2,1,2,1,Republican,Democrat,protesting without a permit
Female,Pacific Islander,"90,000 – 99,999",High School / GED,Democrat,NA,NA,Not a strong Democrat,32,No,No,No,FALSE,TRUE,FALSE,FALSE,TRUE,FALSE,FALSE,TRUE,TRUE,FALSE,70,70,Neither agree nor disagree,Somewhat agree,Neither agree nor disagree,No,Yes,3,3,3,2,4,2,3,4,4,2,3,3,2,Nevada,Neither support nor oppose,Justified,Yes,NA,NA,NA,NA,NA,NA,NA,1,1,1,1,Republican,Democrat,NA
Female,White/Caucasian,"90,000 – 99,999",4-year College Degree,Democrat,NA,NA,Not a strong Democrat,42,No,No,Yes,FALSE,FALSE,TRUE,TRUE,TRUE,TRUE,TRUE,TRUE,TRUE,TRUE,100,2,Strongly agree,Strongly disagree,Somewhat agree,No,No,1 - Not at all,1- Very unlike me,1- Very unlike me,3,1- Very unlike me,1- Very unlike me,1- Very unlike me,1- Very unlike me,1- Very unlike me,1- Very unlike me,1- Very unlike me,1- Very unlike me,1- Very unlike me,NA,NA,NA,NA,NA,NA,NA,NA,NA,2 - 5 years in prison,Strongly oppose,2,2,2,1,Republican,Democrat,arson
Male,White/Caucasian,"50,000 – 59,999",Some College,Democrat,NA,NA,Not a strong Democrat,55,No,No,Yes,FALSE,FALSE,TRUE,FALSE,TRUE,TRUE,TRUE,FALSE,TRUE,TRUE,22,91,Neither agree nor disagree,Strongly disagree,Somewhat agree,No,No,1 - Not at all,5- Very like me,1- Very unlike me,1- Very unlike me,4,2,2,1- Very unlike me,1- Very unlike me,1- Very unlike me,1- Very unlike me,1- Very unlike me,1- Very unlike me,Alabama,Oppose,Unjustified,Yes,NA,NA,NA,NA,NA,NA,NA,1,1,1,1,Republican,Democrat,NA
Female,White/Caucasian,"Less than 30,000",4-year College Degree,Republican,NA,Strong Republican,NA,67,No,No,No,TRUE,TRUE,TRUE,TRUE,TRUE,TRUE,TRUE,FALSE,TRUE,TRUE,40,80,Somewhat disagree,Strongly disagree,Strongly disagree,No,No,1 - Not at all,1- Very unlike me,3,4,1- Very unlike me,4,3,1- Very unlike me,2,3,3,4,3,NA,NA,NA,NA,NA,NA,NA,NA,NA,2 - 5 years in prison,Oppose,2,2,2,1,Democrat,Republican,arson
Female,White/Caucasian,"30,000 – 39,999",Some College,Democrat,NA,NA,Strong Democrat,53,NA,NA,NA,FALSE,FALSE,TRUE,TRUE,TRUE,FALSE,FALSE,TRUE,TRUE,TRUE,100,15,Neither agree nor disagree,Neither agree nor disagree,Neither agree nor disagree,No,No,1 - Not at all,1- Very unlike me,1- Very unlike me,1- Very unlike me,1- Very unlike me,1- Very unlike me,1- Very unlike me,1- Very unlike me,1- Very unlike me,1- Very unlike me,1- Very unlike me,1- Very unlike me,1- Very unlike me,NA,NA,NA,NA,NA,NA,NA,NA,NA,Community service,NA,2,2,2,1,Republican,Democrat,assault
Female,White/Caucasian,"Less than 30,000",High School / GED,Independent,Neither,NA,NA,NA,NA,NA,NA,NA,NA,NA,NA,NA,NA,NA,NA,NA,NA,,,NA,NA,NA,NA,NA,NA,NA,NA,NA,NA,NA,NA,NA,NA,NA,NA,NA,NA,NA,NA,NA,NA,NA,NA,NA,NA,NA,NA,NA,1,2,1,2,NA,NA,NA
Female,White/Caucasian,"60,000 – 69,999",High School / GED,Democrat,NA,NA,Strong Democrat,66,No,No,Yes,TRUE,TRUE,TRUE,TRUE,TRUE,FALSE,FALSE,TRUE,FALSE,FALSE,96,9,Somewhat agree,Strongly disagree,Somewhat disagree,No,No,1 - Not at all,1- Very unlike me,2,2,1- Very unlike me,1- Very unlike me,2,1- Very unlike me,1- Very unlike me,1- Very unlike me,1- Very unlike me,2,1- Very unlike me,NA,NA,NA,NA,Oregon,Strongly oppose,Unjustified,Yes,NA,NA,NA,1,1,2,1,Republican,Democrat,NA
Female,Other,"Less than 30,000",High School / GED,Democrat,NA,NA,Strong Democrat,35,NA,NA,NA,FALSE,FALSE,TRUE,TRUE,TRUE,TRUE,FALSE,TRUE,TRUE,TRUE,0,8,Neither agree nor disagree,Strongly agree,Neither agree nor disagree,No,No,1 - Not at all,1- Very unlike me,5- Very like me,1- Very unlike me,1- Very unlike me,3,5- Very like me,1- Very unlike me,1- Very unlike me,3,1- Very unlike me,5- Very like me,1- Very unlike me,NA,NA,NA,NA,Oregon,Strongly oppose,Unjustified,Yes,NA,NA,NA,1,1,2,1,Republican,Democrat,NA
Female,White/Caucasian,"30,000 – 39,999",High School / GED,Republican,NA,Strong Republican,NA,32,NA,NA,NA,TRUE,FALSE,TRUE,TRUE,TRUE,FALSE,TRUE,TRUE,FALSE,TRUE,50,100,Strongly agree,Strongly agree,Somewhat disagree,No,Yes,4,1- Very unlike me,1- Very unlike me,1- Very unlike me,1- Very unlike me,5- Very like me,4,1- Very unlike me,1- Very unlike me,1- Very unlike me,1- Very unlike me,4,3,Florida,Support,Justified,Yes,NA,NA,NA,NA,NA,NA,NA,1,1,1,1,Democrat,Republican,NA
Female,African American,"Less than 30,000",Some College,Democrat,NA,NA,Strong Democrat,41,NA,NA,NA,FALSE,TRUE,TRUE,TRUE,TRUE,TRUE,TRUE,TRUE,FALSE,TRUE,9,91,Somewhat agree,Strongly disagree,Somewhat agree,Yes,No,3,4,4,5- Very like me,3,3,4,5- Very like me,4,5- Very like me,3,4,4,NA,NA,NA,NA,NA,NA,NA,NA,NA,Community service,Support,2,2,1,1,Republican,Democrat,vandalism
Female,White/Caucasian,"Less than 30,000",2-year College Degree,Republican,NA,Strong Republican,NA,52,NA,NA,NA,FALSE,FALSE,FALSE,TRUE,FALSE,TRUE,TRUE,TRUE,TRUE,TRUE,0,100,Strongly agree,Strongly disagree,Neither agree nor disagree,No,No,1 - Not at all,1- Very unlike me,3,5- Very like me,1- Very unlike me,2,5- Very like me,3,5- Very like me,2,2,3,3,NA,NA,NA,NA,Oregon,Strongly support,Unjustified,Yes,NA,NA,NA,1,1,2,1,Democrat,Republican,NA
Male,White/Caucasian,"50,000 – 59,999",High School / GED,Democrat,NA,NA,Strong Democrat,40,NA,NA,NA,FALSE,TRUE,TRUE,TRUE,TRUE,FALSE,FALSE,FALSE,FALSE,FALSE,100,50,Neither agree nor disagree,Neither agree nor disagree,Neither agree nor disagree,No,No,1 - Not at all,1- Very unlike me,5- Very like me,5- Very like me,1- Very unlike me,1- Very unlike me,1- Very unlike me,1- Very unlike me,1- Very unlike me,2,1- Very unlike me,1- Very unlike me,1- Very unlike me,NA,NA,NA,NA,Oregon,Strongly oppose,Unjustified,Yes,NA,NA,NA,1,1,2,1,Republican,Democrat,NA
Female,White/Caucasian,"100,000 or more",Some College,Democrat,NA,NA,Strong Democrat,64,No,No,Yes,FALSE,TRUE,TRUE,TRUE,TRUE,FALSE,FALSE,TRUE,FALSE,FALSE,100,0,Strongly agree,Strongly agree,Strongly agree,No,No,1 - Not at all,2,3,3,3,2,3,3,2,2,1- Very unlike me,2,1- Very unlike me,NA,NA,NA,NA,NA,NA,NA,NA,NA,11 - 15 years in prison,Strongly oppose,2,1,2,1,Republican,Democrat,arson
Male,White/Caucasian,"Less than 30,000",Some College,Democrat,NA,NA,Strong Democrat,28,NA,NA,NA,NA,NA,NA,NA,NA,NA,NA,NA,NA,NA,,,NA,NA,NA,NA,NA,NA,NA,NA,NA,NA,NA,NA,NA,NA,NA,NA,NA,NA,NA,NA,NA,NA,NA,NA,NA,NA,NA,NA,NA,1,1,1,2,NA,NA,NA
Female,White/Caucasian,"30,000 – 39,999",High School / GED,Other,Neither,NA,NA,NA,NA,NA,NA,NA,NA,NA,NA,NA,NA,NA,NA,NA,NA,,,NA,NA,NA,NA,NA,NA,NA,NA,NA,NA,NA,NA,NA,NA,NA,NA,NA,NA,NA,NA,NA,NA,NA,NA,NA,NA,NA,NA,NA,2,2,1,2,NA,NA,NA
Female,White/Caucasian,"90,000 – 99,999",4-year College Degree,Independent,Democratic Party,NA,NA,23,No,No,Yes,FALSE,TRUE,FALSE,FALSE,TRUE,TRUE,TRUE,TRUE,TRUE,TRUE,55,80,Strongly disagree,Strongly disagree,Strongly disagree,No,No,2,1- Very unlike me,3,1- Very unlike me,2,3,2,2,2,3,1- Very unlike me,3,1- Very unlike me,NA,NA,NA,NA,NA,NA,NA,NA,NA,Community service,Neither support nor oppose,2,2,2,1,Republican,Democrat,vandalism
Female,White/Caucasian,"100,000 or more",2-year College Degree,Democrat,NA,NA,Not a strong Democrat,35,No,No,Yes,FALSE,FALSE,TRUE,TRUE,TRUE,TRUE,TRUE,TRUE,TRUE,TRUE,82,49,Somewhat disagree,Somewhat disagree,Somewhat disagree,No,No,1 - Not at all,1- Very unlike me,3,5- Very like me,3,2,3,3,2,1- Very unlike me,2,3,1- Very unlike me,NA,NA,NA,NA,Oregon,Neither support nor oppose,Unjustified,Yes,NA,NA,NA,1,2,2,1,Republican,Democrat,NA
Male,African American,"Less than 30,000",High School / GED,Democrat,NA,NA,Strong Democrat,28,Yes,No,Yes,TRUE,TRUE,TRUE,TRUE,TRUE,TRUE,TRUE,TRUE,TRUE,TRUE,77,71,Strongly agree,Somewhat agree,Strongly agree,Yes,Yes,4,3,2,3,2,3,2,3,2,4,2,3,2,NA,NA,NA,NA,NA,NA,NA,NA,NA,4 - 6 months in jail,Strongly support,2,2,2,1,Republican,Democrat,assault
Female,White/Caucasian,"50,000 – 59,999",High School / GED,Independent,Neither,NA,NA,NA,NA,NA,NA,NA,NA,NA,NA,NA,NA,NA,NA,NA,NA,,,NA,NA,NA,NA,NA,NA,NA,NA,NA,NA,NA,NA,NA,NA,NA,NA,NA,NA,NA,NA,NA,NA,NA,NA,NA,NA,NA,NA,NA,2,2,1,2,NA,NA,NA
Male,White/Caucasian,"70,000 – 79,999",4-year College Degree,Republican,NA,Strong Republican,NA,39,Yes,Yes,Yes,TRUE,TRUE,FALSE,TRUE,TRUE,TRUE,TRUE,FALSE,TRUE,TRUE,76,94,Somewhat agree,Somewhat agree,Somewhat disagree,Yes,No,4,4,3,1- Very unlike me,3,3,2,2,1- Very unlike me,2,2,1- Very unlike me,5- Very like me,Nevada,Support,Justified,Yes,NA,NA,NA,NA,NA,NA,NA,1,1,1,1,Democrat,Republican,NA
Male,White/Caucasian,"40,000 – 49,999",4-year College Degree,Republican,NA,Strong Republican,NA,43,Yes,Yes,Yes,TRUE,TRUE,TRUE,TRUE,TRUE,TRUE,TRUE,FALSE,TRUE,TRUE,100,100,Somewhat disagree,Somewhat disagree,Somewhat disagree,No,No,1 - Not at all,2,1- Very unlike me,1- Very unlike me,1- Very unlike me,1- Very unlike me,1- Very unlike me,1- Very unlike me,1- Very unlike me,1- Very unlike me,1- Very unlike me,1- Very unlike me,1- Very unlike me,NA,NA,NA,NA,NA,NA,NA,NA,NA,16 - 20 years in prison,Oppose,2,1,1,1,Democrat,Republican,arson
Female,White/Caucasian,"Less than 30,000",High School / GED,Democrat,NA,NA,Strong Democrat,31,No,No,Yes,TRUE,FALSE,TRUE,TRUE,TRUE,FALSE,TRUE,TRUE,FALSE,FALSE,97,86,Strongly agree,Somewhat agree,Somewhat disagree,No,No,2,4,2,2,3,3,3,3,3,3,3,3,4,NA,NA,NA,NA,NA,NA,NA,NA,NA,16 - 20 years in prison,Oppose,2,2,2,1,Republican,Democrat,arson
Male,African American,"30,000 – 39,999",Some College,Democrat,NA,NA,Strong Democrat,41,NA,NA,NA,TRUE,TRUE,FALSE,FALSE,TRUE,TRUE,TRUE,FALSE,FALSE,FALSE,72,76,Somewhat agree,Neither agree nor disagree,Somewhat agree,Yes,Yes,1 - Not at all,3,4,3,3,3,4,4,3,3,4,4,3,Florida,Neither support nor oppose,Justified,Yes,NA,NA,NA,NA,NA,NA,NA,1,1,1,1,Republican,Democrat,NA
Female,White/Caucasian,"30,000 – 39,999",Some College,Democrat,NA,NA,Not a strong Democrat,29,NA,NA,NA,NA,NA,NA,NA,NA,NA,NA,NA,NA,NA,,,NA,NA,NA,NA,NA,NA,NA,NA,NA,NA,NA,NA,NA,NA,NA,NA,NA,NA,NA,NA,NA,NA,NA,NA,NA,NA,NA,NA,NA,2,1,1,2,NA,NA,NA
Female,White/Caucasian,"90,000 – 99,999",Masters Degree,Democrat,NA,NA,Strong Democrat,31,No,Yes,Yes,FALSE,TRUE,TRUE,TRUE,TRUE,TRUE,TRUE,TRUE,TRUE,TRUE,90,20,Somewhat agree,Strongly disagree,Strongly disagree,No,No,1 - Not at all,1- Very unlike me,5- Very like me,4,2,4,4,2,1- Very unlike me,4,3,3,3,NA,NA,NA,NA,NA,NA,NA,NA,NA,2 - 5 years in prison,Strongly oppose,2,2,1,1,Republican,Democrat,assault with a deadly weapon
Male,Asian,"70,000 – 79,999",High School / GED,Democrat,NA,NA,Not a strong Democrat,38,No,No,Yes,TRUE,TRUE,TRUE,TRUE,TRUE,FALSE,FALSE,TRUE,FALSE,FALSE,61,27,Neither agree nor disagree,Neither agree nor disagree,Neither agree nor disagree,No,No,1 - Not at all,1- Very unlike me,1- Very unlike me,1- Very unlike me,1- Very unlike me,1- Very unlike me,1- Very unlike me,1- Very unlike me,1- Very unlike me,1- Very unlike me,1- Very unlike me,1- Very unlike me,1- Very unlike me,NA,NA,NA,NA,NA,NA,NA,NA,NA,Community service,Strongly oppose,2,1,1,1,Republican,Democrat,protesting without a permit
Male,White/Caucasian,"50,000 – 59,999",Masters Degree,Democrat,NA,NA,Strong Democrat,35,NA,NA,NA,FALSE,TRUE,TRUE,TRUE,FALSE,FALSE,FALSE,TRUE,TRUE,TRUE,100,100,Strongly agree,Neither agree nor disagree,Somewhat agree,Yes,Yes,5 - A great deal,5- Very like me,2,5- Very like me,5- Very like me,5- Very like me,2,3,3,5- Very like me,3,5- Very like me,4,NA,NA,NA,NA,NA,NA,NA,NA,NA,7 months to 1 year in jail,Strongly support,2,2,1,1,Republican,Democrat,arson
Female,African American,"50,000 – 59,999",Some College,Democrat,NA,NA,Strong Democrat,20,NA,NA,NA,NA,NA,NA,NA,NA,NA,NA,NA,NA,NA,,,NA,NA,NA,NA,NA,NA,NA,NA,NA,NA,NA,NA,NA,NA,NA,NA,NA,NA,NA,NA,NA,NA,NA,NA,NA,NA,NA,NA,NA,1,2,2,2,NA,NA,NA
Female,White/Caucasian,"100,000 or more",High School / GED,Independent,Republican Party,NA,NA,41,No,No,No,FALSE,TRUE,TRUE,TRUE,TRUE,TRUE,FALSE,TRUE,FALSE,TRUE,0,100,Strongly agree,Strongly agree,Somewhat agree,No,No,2,3,3,4,1- Very unlike me,3,1- Very unlike me,5- Very like me,1- Very unlike me,1- Very unlike me,3,5- Very like me,3,NA,NA,NA,NA,NA,NA,NA,NA,NA,Community service,Support,2,1,2,1,Democrat,Republican,vandalism
Female,White/Caucasian,"Less than 30,000",High School / GED,Democrat,NA,NA,Strong Democrat,45,NA,NA,NA,NA,NA,NA,NA,NA,NA,NA,NA,NA,NA,,,NA,NA,NA,NA,NA,NA,NA,NA,NA,NA,NA,NA,NA,NA,NA,NA,NA,NA,NA,NA,NA,NA,NA,NA,NA,NA,NA,NA,NA,2,2,2,2,NA,NA,NA
Male,African American,"30,000 – 39,999",Some College,Democrat,NA,NA,Strong Democrat,23,NA,NA,NA,TRUE,TRUE,TRUE,TRUE,TRUE,TRUE,TRUE,TRUE,TRUE,TRUE,72,74,Strongly agree,Somewhat agree,Strongly agree,Yes,Yes,2,2,3,2,3,3,3,2,3,1- Very unlike me,4,4,2,NA,NA,NA,NA,NA,NA,NA,NA,NA,1 - 3 days in jail,NA,2,1,2,1,Republican,Democrat,arson
Female,White/Caucasian,"Less than 30,000",High School / GED,Other,Neither,NA,NA,NA,NA,NA,NA,NA,NA,NA,NA,NA,NA,NA,NA,NA,NA,,,NA,NA,NA,NA,NA,NA,NA,NA,NA,NA,NA,NA,NA,NA,NA,NA,NA,NA,NA,NA,NA,NA,NA,NA,NA,NA,NA,NA,NA,2,1,2,2,NA,NA,NA
Female,White/Caucasian,"Less than 30,000",Some College,Independent,Democratic Party,NA,NA,31,No,No,Yes,FALSE,TRUE,TRUE,TRUE,TRUE,FALSE,FALSE,TRUE,TRUE,TRUE,77,0,Neither agree nor disagree,Neither agree nor disagree,Neither agree nor disagree,No,Yes,2,3,3,2,3,3,3,2,3,2,2,3,3,NA,NA,NA,NA,Oregon,Neither support nor oppose,Unjustified,Yes,NA,NA,NA,1,2,2,1,Republican,Democrat,NA
Male,White/Caucasian,"30,000 – 39,999",Masters Degree,Republican,NA,Strong Republican,NA,25,NA,NA,NA,FALSE,FALSE,TRUE,FALSE,TRUE,TRUE,FALSE,TRUE,TRUE,TRUE,100,100,Strongly agree,Somewhat agree,Strongly agree,Yes,No,5 - A great deal,5- Very like me,1- Very unlike me,5- Very like me,1- Very unlike me,5- Very like me,1- Very unlike me,5- Very like me,1- Very unlike me,5- Very like me,1- Very unlike me,5- Very like me,1- Very unlike me,NA,NA,NA,NA,NA,NA,NA,NA,NA,Community service,Strongly support,2,1,2,1,Democrat,Republican,assault with a deadly weapon
Female,White/Caucasian,"40,000 – 49,999",2-year College Degree,Independent,Democratic Party,NA,NA,69,No,No,Yes,FALSE,TRUE,TRUE,TRUE,TRUE,TRUE,FALSE,TRUE,TRUE,FALSE,91,9,Neither agree nor disagree,Somewhat disagree,Somewhat disagree,No,No,1 - Not at all,1- Very unlike me,2,1- Very unlike me,1- Very unlike me,1- Very unlike me,1- Very unlike me,2,1- Very unlike me,1- Very unlike me,1- Very unlike me,2,1- Very unlike me,NA,NA,NA,NA,Oregon,Oppose,Unjustified,Yes,NA,NA,NA,1,1,2,1,Republican,Democrat,NA
Female,White/Caucasian,"40,000 – 49,999",Some College,Republican,NA,Strong Republican,NA,48,No,No,Yes,FALSE,FALSE,TRUE,FALSE,TRUE,TRUE,TRUE,TRUE,TRUE,TRUE,5,76,Somewhat agree,Strongly disagree,Neither agree nor disagree,No,No,1 - Not at all,2,3,2,1- Very unlike me,3,2,3,1- Very unlike me,3,3,3,3,NA,NA,NA,NA,NA,NA,NA,NA,NA,Community service,Oppose,2,2,2,1,Democrat,Republican,vandalism
Female,White/Caucasian,"50,000 – 59,999",4-year College Degree,Democrat,NA,NA,Strong Democrat,30,Yes,Yes,Yes,FALSE,FALSE,FALSE,TRUE,FALSE,FALSE,TRUE,TRUE,TRUE,TRUE,100,85,Somewhat agree,Neither agree nor disagree,Somewhat agree,No,No,4,3,2,5- Very like me,4,2,4,5- Very like me,4,5- Very like me,4,5- Very like me,4,Florida,Strongly support,Justified,Yes,NA,NA,NA,NA,NA,NA,NA,1,1,1,1,Republican,Democrat,NA
Female,White/Caucasian,"50,000 – 59,999",Less than High School,Republican,NA,Strong Republican,NA,55,No,Yes,Yes,FALSE,TRUE,TRUE,TRUE,TRUE,FALSE,FALSE,FALSE,FALSE,FALSE,0,86,Neither agree nor disagree,Neither agree nor disagree,Neither agree nor disagree,No,No,1 - Not at all,1- Very unlike me,3,1- Very unlike me,1- Very unlike me,1- Very unlike me,1- Very unlike me,1- Very unlike me,1- Very unlike me,1- Very unlike me,1- Very unlike me,1- Very unlike me,1- Very unlike me,NA,NA,NA,NA,NA,NA,NA,NA,NA,More than 20 years in prison,Oppose,2,1,2,1,Democrat,Republican,murder
Female,African American,"Less than 30,000",Less than High School,Democrat,NA,NA,Strong Democrat,64,No,No,No,FALSE,TRUE,TRUE,FALSE,TRUE,FALSE,FALSE,TRUE,FALSE,FALSE,72,0,Neither agree nor disagree,Somewhat agree,Somewhat agree,No,No,1 - Not at all,5- Very like me,5- Very like me,2,5- Very like me,5- Very like me,2,1- Very unlike me,4,4,2,1- Very unlike me,2,NA,NA,NA,NA,Oregon,Strongly support,Unjustified,Yes,NA,NA,NA,1,1,2,1,Republican,Democrat,NA
Male,African American,"100,000 or more",2-year College Degree,Democrat,NA,NA,Strong Democrat,25,NA,NA,NA,FALSE,TRUE,TRUE,TRUE,FALSE,FALSE,TRUE,TRUE,TRUE,TRUE,86,62,Somewhat disagree,Neither agree nor disagree,Somewhat disagree,Yes,No,4,2,4,2,3,4,3,4,4,3,3,4,3,Florida,Strongly support,Justified,No,NA,NA,NA,NA,NA,NA,NA,1,1,1,1,Republican,Democrat,NA
Female,African American,"Less than 30,000",2-year College Degree,Democrat,NA,NA,Not a strong Democrat,19,NA,NA,NA,TRUE,FALSE,FALSE,FALSE,FALSE,TRUE,FALSE,TRUE,FALSE,FALSE,60,0,Somewhat agree,Somewhat agree,Somewhat agree,No,Yes,3,3,3,3,3,3,3,3,3,3,3,3,3,Nevada,Neither support nor oppose,Unjustified,Yes,NA,NA,NA,NA,NA,NA,NA,1,1,1,1,Republican,Democrat,NA
Male,African American,"30,000 – 39,999",High School / GED,Democrat,NA,NA,Strong Democrat,19,No,Yes,No,TRUE,TRUE,TRUE,TRUE,TRUE,FALSE,TRUE,TRUE,TRUE,TRUE,53,53,Neither agree nor disagree,Neither agree nor disagree,Neither agree nor disagree,No,Yes,3,3,5- Very like me,3,3,3,3,5- Very like me,5- Very like me,5- Very like me,5- Very like me,3,5- Very like me,NA,NA,NA,NA,NA,NA,NA,NA,NA,2 - 5 years in prison,Support,2,1,2,1,Republican,Democrat,murder
Male,White/Caucasian,"100,000 or more",Doctoral Degree,Republican,NA,Not a strong Republican,NA,30,No,No,Yes,FALSE,TRUE,TRUE,FALSE,TRUE,TRUE,FALSE,FALSE,TRUE,FALSE,0,63,Neither agree nor disagree,Neither agree nor disagree,Neither agree nor disagree,No,No,1 - Not at all,1- Very unlike me,3,1- Very unlike me,1- Very unlike me,3,1- Very unlike me,1- Very unlike me,1- Very unlike me,2,1- Very unlike me,2,2,Georgia,Strongly oppose,Unjustified,No,NA,NA,NA,NA,NA,NA,NA,1,1,1,1,Democrat,Republican,NA
Female,African American,"30,000 – 39,999",Some College,Democrat,NA,NA,Strong Democrat,30,No,No,Yes,TRUE,TRUE,TRUE,TRUE,TRUE,FALSE,FALSE,FALSE,FALSE,FALSE,85,40,Neither agree nor disagree,Strongly disagree,Neither agree nor disagree,No,No,1 - Not at all,2,2,1- Very unlike me,2,2,2,1- Very unlike me,1- Very unlike me,3,2,1- Very unlike me,1- Very unlike me,Florida,Strongly oppose,Unjustified,Yes,NA,NA,NA,NA,NA,NA,NA,1,2,1,1,Republican,Democrat,NA
Female,White/Caucasian,"30,000 – 39,999",High School / GED,Democrat,NA,NA,Strong Democrat,30,No,No,Yes,FALSE,TRUE,TRUE,TRUE,TRUE,FALSE,FALSE,TRUE,FALSE,FALSE,80,0,Neither agree nor disagree,Somewhat disagree,Neither agree nor disagree,No,No,1 - Not at all,3,2,4,4,2,3,1- Very unlike me,2,2,3,3,2,NA,NA,NA,NA,Oregon,Strongly oppose,Unjustified,Yes,NA,NA,NA,1,1,2,1,Republican,Democrat,NA
Male,White/Caucasian,"Less than 30,000",Some College,Democrat,NA,NA,Not a strong Democrat,48,Yes,Yes,Yes,FALSE,TRUE,TRUE,TRUE,TRUE,TRUE,TRUE,TRUE,TRUE,TRUE,46,24,Neither agree nor disagree,Strongly disagree,Somewhat disagree,No,No,1 - Not at all,3,2,4,3,2,3,2,2,3,2,3,2,NA,NA,NA,NA,Oregon,Neither support nor oppose,Unjustified,Yes,NA,NA,NA,1,2,2,1,Republican,Democrat,NA
Female,White/Caucasian,"100,000 or more","Professional Degree (JD, MD)",Republican,NA,Strong Republican,NA,34,NA,NA,NA,TRUE,TRUE,TRUE,TRUE,TRUE,TRUE,TRUE,TRUE,TRUE,TRUE,100,100,Strongly agree,Strongly agree,Strongly agree,Yes,Yes,5 - A great deal,5- Very like me,5- Very like me,5- Very like me,5- Very like me,5- Very like me,5- Very like me,5- Very like me,5- Very like me,5- Very like me,5- Very like me,5- Very like me,5- Very like me,NA,NA,NA,NA,NA,NA,NA,NA,NA,16 - 20 years in prison,Strongly support,2,1,1,1,Democrat,Republican,assault
Male,White/Caucasian,"30,000 – 39,999",Some College,Republican,NA,Not a strong Republican,NA,47,No,No,Yes,TRUE,FALSE,TRUE,TRUE,TRUE,TRUE,TRUE,TRUE,FALSE,TRUE,60,66,Neither agree nor disagree,Strongly disagree,Neither agree nor disagree,No,No,1 - Not at all,4,3,3,4,1- Very unlike me,2,1- Very unlike me,1- Very unlike me,1- Very unlike me,1- Very unlike me,2,1- Very unlike me,NA,NA,NA,NA,NA,NA,NA,NA,NA,Community service,Oppose,2,1,1,1,Democrat,Republican,protesting without a permit
Male,White/Caucasian,"30,000 – 39,999",Some College,Independent,Republican Party,NA,NA,36,No,No,Yes,FALSE,TRUE,TRUE,TRUE,TRUE,FALSE,TRUE,TRUE,FALSE,TRUE,0,51,Neither agree nor disagree,Strongly agree,Neither agree nor disagree,No,No,3,5- Very like me,3,4,3,2,4,2,4,2,3,3,4,NA,NA,NA,NA,NA,NA,NA,NA,NA,Community service,Support,2,1,1,1,Democrat,Republican,protesting without a permit
Female,Asian,"70,000 – 79,999",High School / GED,Democrat,NA,NA,Strong Democrat,21,No,No,Yes,FALSE,TRUE,TRUE,TRUE,TRUE,TRUE,FALSE,FALSE,FALSE,FALSE,80,55,Somewhat disagree,Strongly disagree,Strongly disagree,No,No,2,2,4,3,2,2,2,2,2,1- Very unlike me,1- Very unlike me,2,2,NA,NA,NA,NA,NA,NA,NA,NA,NA,6 - 10 years in prison,Oppose,2,2,1,1,Republican,Democrat,murder
Male,African American,"60,000 – 69,999",Some College,Republican,NA,Not a strong Republican,NA,35,NA,NA,NA,TRUE,TRUE,TRUE,TRUE,TRUE,TRUE,FALSE,TRUE,FALSE,TRUE,44,72,Neither agree nor disagree,Neither agree nor disagree,Neither agree nor disagree,No,No,3,1- Very unlike me,3,3,1- Very unlike me,1- Very unlike me,4,1- Very unlike me,1- Very unlike me,1- Very unlike me,1- Very unlike me,1- Very unlike me,1- Very unlike me,NA,NA,NA,NA,Oregon,Strongly oppose,Unjustified,Yes,NA,NA,NA,1,2,2,1,Democrat,Republican,NA
Female,White/Caucasian,"Less than 30,000",High School / GED,Democrat,NA,NA,Strong Democrat,60,No,No,Yes,TRUE,FALSE,TRUE,FALSE,TRUE,TRUE,TRUE,TRUE,TRUE,TRUE,53,49,Somewhat disagree,Strongly disagree,Strongly disagree,No,No,1 - Not at all,3,2,2,4,2,4,2,4,2,1- Very unlike me,4,2,NA,NA,NA,NA,Oregon,Strongly oppose,Unjustified,Yes,NA,NA,NA,1,1,2,1,Republican,Democrat,NA
Female,White/Caucasian,"40,000 – 49,999",Some College,Democrat,NA,NA,Not a strong Democrat,58,No,No,Yes,FALSE,TRUE,TRUE,FALSE,TRUE,TRUE,FALSE,TRUE,TRUE,TRUE,50,49,Neither agree nor disagree,Strongly disagree,Strongly disagree,No,No,1 - Not at all,1- Very unlike me,3,2,1- Very unlike me,2,3,3,1- Very unlike me,1- Very unlike me,3,4,2,NA,NA,NA,NA,NA,NA,NA,NA,NA,7 months to 1 year in jail,Oppose,2,1,1,1,Republican,Democrat,assault
Female,White/Caucasian,"Less than 30,000",2-year College Degree,Democrat,NA,NA,Not a strong Democrat,31,No,No,Yes,FALSE,TRUE,TRUE,TRUE,TRUE,TRUE,TRUE,TRUE,TRUE,TRUE,84,0,Somewhat agree,Somewhat agree,Neither agree nor disagree,No,Yes,4,NA,NA,NA,NA,NA,NA,NA,NA,NA,NA,NA,NA,NA,NA,NA,NA,NA,NA,NA,NA,NA,NA,NA,2,1,1,3,Republican,Democrat,NA
Female,White/Caucasian,"100,000 or more",2-year College Degree,Republican,NA,Not a strong Republican,NA,36,No,No,Yes,FALSE,TRUE,TRUE,TRUE,TRUE,FALSE,FALSE,TRUE,TRUE,FALSE,19,73,Strongly disagree,Strongly disagree,Strongly disagree,No,No,1 - Not at all,1- Very unlike me,1- Very unlike me,1- Very unlike me,1- Very unlike me,1- Very unlike me,1- Very unlike me,1- Very unlike me,1- Very unlike me,1- Very unlike me,1- Very unlike me,1- Very unlike me,1- Very unlike me,Florida,Strongly oppose,Unjustified,Yes,NA,NA,NA,NA,NA,NA,NA,1,1,1,1,Democrat,Republican,NA
Female,African American,"Less than 30,000",High School / GED,Democrat,NA,NA,Strong Democrat,22,No,No,Yes,FALSE,TRUE,TRUE,TRUE,TRUE,FALSE,FALSE,TRUE,TRUE,FALSE,100,1,Neither agree nor disagree,Neither agree nor disagree,Strongly disagree,No,No,3,NA,NA,NA,NA,NA,NA,NA,NA,NA,NA,NA,NA,NA,NA,NA,NA,NA,NA,NA,NA,NA,NA,NA,2,1,2,3,Republican,Democrat,NA
Female,White/Caucasian,"Less than 30,000",High School / GED,Republican,NA,Strong Republican,NA,33,NA,NA,NA,NA,NA,NA,NA,NA,NA,NA,NA,NA,NA,,,NA,NA,NA,NA,NA,NA,NA,NA,NA,NA,NA,NA,NA,NA,NA,NA,NA,NA,NA,NA,NA,NA,NA,NA,NA,NA,NA,NA,NA,1,1,2,3,NA,NA,NA
Female,White/Caucasian,"50,000 – 59,999",2-year College Degree,Republican,NA,Strong Republican,NA,35,NA,NA,NA,NA,NA,NA,NA,NA,NA,NA,NA,NA,NA,,,NA,NA,NA,NA,NA,NA,NA,NA,NA,NA,NA,NA,NA,NA,NA,NA,NA,NA,NA,NA,NA,NA,NA,NA,NA,NA,NA,NA,NA,1,1,2,3,NA,NA,NA
Female,White/Caucasian,"Less than 30,000",4-year College Degree,Democrat,NA,NA,Strong Democrat,24,No,No,Yes,FALSE,TRUE,TRUE,TRUE,TRUE,FALSE,FALSE,TRUE,FALSE,FALSE,,,NA,NA,NA,NA,NA,NA,NA,NA,NA,NA,NA,NA,NA,NA,NA,NA,NA,NA,NA,NA,NA,NA,NA,NA,NA,NA,NA,NA,NA,1,2,1,3,NA,NA,NA
Male,White/Caucasian,"60,000 – 69,999",Some College,Democrat,NA,NA,Not a strong Democrat,32,No,No,Yes,TRUE,TRUE,TRUE,TRUE,TRUE,FALSE,FALSE,TRUE,FALSE,FALSE,50,50,Strongly disagree,Strongly disagree,Strongly disagree,No,No,1 - Not at all,3,3,1- Very unlike me,4,1- Very unlike me,2,1- Very unlike me,1- Very unlike me,1- Very unlike me,1- Very unlike me,1- Very unlike me,1- Very unlike me,NA,NA,NA,NA,NA,NA,NA,NA,NA,Community service,Support,2,2,1,1,Republican,Democrat,protesting without a permit
Male,White/Caucasian,"Less than 30,000",High School / GED,Democrat,NA,NA,Not a strong Democrat,65,NA,NA,NA,NA,NA,NA,NA,NA,NA,NA,NA,NA,NA,,,NA,NA,NA,NA,NA,NA,NA,NA,NA,NA,NA,NA,NA,NA,NA,NA,NA,NA,NA,NA,NA,NA,NA,NA,NA,NA,NA,NA,NA,2,1,2,3,NA,NA,NA
Male,White/Caucasian,"40,000 – 49,999",Less than High School,Republican,NA,Strong Republican,NA,42,NA,NA,NA,TRUE,TRUE,TRUE,TRUE,TRUE,TRUE,TRUE,TRUE,FALSE,TRUE,,,NA,NA,NA,NA,NA,NA,NA,NA,NA,NA,NA,NA,NA,NA,NA,NA,NA,NA,NA,NA,NA,NA,NA,NA,NA,NA,NA,NA,NA,1,2,2,3,NA,NA,NA
Female,White/Caucasian,"30,000 – 39,999",Masters Degree,Democrat,NA,NA,Strong Democrat,31,NA,NA,NA,TRUE,TRUE,TRUE,TRUE,TRUE,TRUE,FALSE,TRUE,TRUE,FALSE,100,100,Strongly agree,Strongly agree,Strongly agree,Yes,Yes,5 - A great deal,5- Very like me,5- Very like me,5- Very like me,5- Very like me,5- Very like me,5- Very like me,5- Very like me,5- Very like me,4,4,5- Very like me,5- Very like me,Alabama,Strongly support,Justified,Yes,NA,NA,NA,NA,NA,NA,NA,1,2,1,1,Republican,Democrat,NA
Male,White/Caucasian,"100,000 or more",Doctoral Degree,Democrat,NA,NA,Strong Democrat,40,No,Yes,Yes,TRUE,TRUE,TRUE,TRUE,TRUE,TRUE,FALSE,TRUE,FALSE,FALSE,94,92,Somewhat agree,Somewhat agree,Somewhat disagree,No,Yes,1 - Not at all,NA,NA,NA,NA,NA,NA,NA,NA,NA,NA,NA,NA,NA,NA,NA,NA,NA,NA,NA,NA,NA,NA,NA,1,1,2,3,Republican,Democrat,NA
Female,African American,"Less than 30,000",High School / GED,Democrat,NA,NA,Strong Democrat,21,NA,NA,NA,TRUE,FALSE,FALSE,FALSE,FALSE,FALSE,FALSE,TRUE,FALSE,TRUE,71,21,Strongly agree,Neither agree nor disagree,Somewhat agree,Yes,No,3,NA,NA,NA,NA,NA,NA,NA,NA,NA,NA,NA,NA,NA,NA,NA,NA,NA,NA,NA,NA,NA,NA,NA,2,2,2,3,Republican,Democrat,NA
Female,Asian,"Less than 30,000","Professional Degree (JD, MD)",Republican,NA,Strong Republican,NA,36,NA,NA,NA,NA,NA,NA,NA,NA,NA,NA,NA,NA,NA,,,NA,NA,NA,NA,NA,NA,NA,NA,NA,NA,NA,NA,NA,NA,NA,NA,NA,NA,NA,NA,NA,NA,NA,NA,NA,NA,NA,NA,NA,2,1,1,3,NA,NA,NA
Male,White/Caucasian,"90,000 – 99,999",Masters Degree,Republican,NA,Strong Republican,NA,28,NA,NA,NA,NA,NA,NA,NA,NA,NA,NA,NA,NA,NA,,,NA,NA,NA,NA,NA,NA,NA,NA,NA,NA,NA,NA,NA,NA,NA,NA,NA,NA,NA,NA,NA,NA,NA,NA,NA,NA,NA,NA,NA,2,1,1,3,NA,NA,NA
Male,African American,"50,000 – 59,999",High School / GED,Democrat,NA,NA,Strong Democrat,56,No,No,No,TRUE,FALSE,TRUE,FALSE,TRUE,TRUE,TRUE,TRUE,FALSE,TRUE,21,17,Strongly agree,Somewhat disagree,Somewhat disagree,No,No,2,NA,NA,NA,NA,NA,NA,NA,NA,NA,NA,NA,NA,NA,NA,NA,NA,NA,NA,NA,NA,NA,NA,NA,2,1,2,3,Republican,Democrat,NA
Female,Other,"Less than 30,000",4-year College Degree,Democrat,NA,NA,Not a strong Democrat,49,No,No,Yes,TRUE,TRUE,TRUE,TRUE,FALSE,FALSE,FALSE,FALSE,FALSE,FALSE,,,NA,NA,NA,NA,NA,NA,NA,NA,NA,NA,NA,NA,NA,NA,NA,NA,NA,NA,NA,NA,NA,NA,NA,NA,NA,NA,NA,NA,NA,2,2,2,3,NA,NA,NA
Female,White/Caucasian,"Less than 30,000",Some College,Democrat,NA,NA,Strong Democrat,54,NA,NA,NA,FALSE,FALSE,TRUE,TRUE,TRUE,TRUE,FALSE,FALSE,FALSE,TRUE,100,0,Somewhat disagree,Somewhat disagree,Somewhat disagree,No,No,1 - Not at all,1- Very unlike me,2,4,1- Very unlike me,2,4,2,2,2,2,4,2,NA,NA,NA,NA,NA,NA,NA,NA,NA,Community service,Support,2,1,2,1,Republican,Democrat,vandalism
Female,White/Caucasian,"80,000 – 89,999",4-year College Degree,Democrat,NA,NA,Strong Democrat,64,No,Yes,Yes,FALSE,FALSE,TRUE,FALSE,TRUE,TRUE,FALSE,FALSE,TRUE,TRUE,76,22,Neither agree nor disagree,Strongly disagree,Neither agree nor disagree,No,Yes,1 - Not at all,1- Very unlike me,3,3,1- Very unlike me,2,4,3,1- Very unlike me,3,2,5- Very like me,3,NA,NA,NA,NA,NA,NA,NA,NA,NA,Community service,Neither support nor oppose,2,2,1,1,Republican,Democrat,assault
Female,White/Caucasian,"100,000 or more",High School / GED,Republican,NA,Strong Republican,NA,64,NA,NA,NA,FALSE,TRUE,TRUE,FALSE,TRUE,FALSE,FALSE,TRUE,FALSE,TRUE,3,96,Somewhat agree,Strongly disagree,Neither agree nor disagree,No,No,1 - Not at all,2,2,1- Very unlike me,1- Very unlike me,2,1- Very unlike me,1- Very unlike me,1- Very unlike me,2,2,2,2,NA,NA,NA,NA,NA,NA,NA,NA,NA,7 months to 1 year in jail,Strongly oppose,2,1,1,1,Democrat,Republican,assault
Female,Other,"90,000 – 99,999",4-year College Degree,Republican,NA,Strong Republican,NA,36,No,No,Yes,FALSE,TRUE,TRUE,TRUE,TRUE,FALSE,TRUE,FALSE,FALSE,TRUE,,,NA,NA,NA,NA,NA,NA,NA,NA,NA,NA,NA,NA,NA,NA,NA,NA,NA,NA,NA,NA,NA,NA,NA,NA,NA,NA,NA,NA,NA,1,2,2,3,NA,NA,NA
Male,White/Caucasian,"90,000 – 99,999",4-year College Degree,Democrat,NA,NA,Strong Democrat,30,Yes,Yes,Yes,TRUE,TRUE,TRUE,TRUE,TRUE,TRUE,TRUE,TRUE,TRUE,TRUE,80,35,Strongly agree,Somewhat agree,Neither agree nor disagree,Yes,Yes,5 - A great deal,4,4,4,4,4,3,3,1- Very unlike me,5- Very like me,4,4,3,NA,NA,NA,NA,NA,NA,NA,NA,NA,4 - 30 days in jail,Neither support nor oppose,2,2,1,1,Republican,Democrat,assault
Female,African American,"Less than 30,000",High School / GED,Democrat,NA,NA,Strong Democrat,21,No,No,Yes,TRUE,TRUE,FALSE,TRUE,TRUE,FALSE,FALSE,TRUE,TRUE,TRUE,100,1,Neither agree nor disagree,Neither agree nor disagree,Neither agree nor disagree,No,No,1 - Not at all,2,3,4,3,3,4,4,3,3,4,4,3,NA,NA,NA,NA,Oregon,Neither support nor oppose,Unjustified,Yes,NA,NA,NA,1,1,2,1,Republican,Democrat,NA
Male,White/Caucasian,"Less than 30,000",High School / GED,Democrat,NA,NA,Not a strong Democrat,20,No,No,Yes,FALSE,FALSE,TRUE,TRUE,TRUE,FALSE,TRUE,TRUE,FALSE,FALSE,70,5,Neither agree nor disagree,Somewhat disagree,Neither agree nor disagree,No,No,2,NA,NA,NA,NA,NA,NA,NA,NA,NA,NA,NA,NA,NA,NA,NA,NA,NA,NA,NA,NA,NA,NA,NA,2,1,1,3,Republican,Democrat,NA
Female,White/Caucasian,"30,000 – 39,999",High School / GED,Republican,NA,Strong Republican,NA,63,NA,NA,NA,NA,NA,NA,NA,NA,NA,NA,NA,NA,NA,,,NA,NA,NA,NA,NA,NA,NA,NA,NA,NA,NA,NA,NA,NA,NA,NA,NA,NA,NA,NA,NA,NA,NA,NA,NA,NA,NA,NA,NA,2,1,2,3,NA,NA,NA
Female,White/Caucasian,"Less than 30,000",Less than High School,Republican,NA,Strong Republican,NA,68,No,No,No,TRUE,TRUE,TRUE,TRUE,TRUE,FALSE,FALSE,TRUE,FALSE,FALSE,20,92,Neither agree nor disagree,Neither agree nor disagree,Neither agree nor disagree,No,No,3,NA,NA,NA,NA,NA,NA,NA,NA,NA,NA,NA,NA,NA,NA,NA,NA,NA,NA,NA,NA,NA,NA,NA,1,2,2,3,Democrat,Republican,NA
Female,White/Caucasian,"Less than 30,000",4-year College Degree,Republican,NA,Not a strong Republican,NA,48,No,No,No,TRUE,TRUE,TRUE,TRUE,TRUE,TRUE,FALSE,TRUE,FALSE,TRUE,8,95,Neither agree nor disagree,Strongly disagree,Neither agree nor disagree,No,No,1 - Not at all,NA,NA,NA,NA,NA,NA,NA,NA,NA,NA,NA,NA,NA,NA,NA,NA,NA,NA,NA,NA,NA,NA,NA,1,2,2,3,Democrat,Republican,NA
Male,Pacific Islander,"70,000 – 79,999",High School / GED,Republican,NA,Strong Republican,NA,32,No,No,No,FALSE,TRUE,FALSE,TRUE,TRUE,FALSE,TRUE,TRUE,TRUE,FALSE,20,90,Somewhat disagree,Strongly disagree,Strongly disagree,No,No,1 - Not at all,NA,NA,NA,NA,NA,NA,NA,NA,NA,NA,NA,NA,NA,NA,NA,NA,NA,NA,NA,NA,NA,NA,NA,2,1,1,3,Democrat,Republican,NA
Male,White/Caucasian,"50,000 – 59,999",4-year College Degree,Republican,NA,Strong Republican,NA,31,No,Yes,Yes,FALSE,FALSE,TRUE,TRUE,FALSE,FALSE,TRUE,TRUE,TRUE,TRUE,0,100,Neither agree nor disagree,Neither agree nor disagree,Neither agree nor disagree,No,No,1 - Not at all,NA,NA,NA,NA,NA,NA,NA,NA,NA,NA,NA,NA,NA,NA,NA,NA,NA,NA,NA,NA,NA,NA,NA,1,1,2,3,Democrat,Republican,NA
Female,White/Caucasian,"90,000 – 99,999",2-year College Degree,Democrat,NA,NA,Not a strong Democrat,58,No,No,Yes,FALSE,TRUE,TRUE,TRUE,TRUE,TRUE,FALSE,TRUE,TRUE,TRUE,,,NA,NA,NA,NA,NA,NA,NA,NA,NA,NA,NA,NA,NA,NA,NA,NA,NA,NA,NA,NA,NA,NA,NA,NA,NA,NA,NA,NA,NA,2,2,2,3,NA,NA,NA
Male,White/Caucasian,"70,000 – 79,999",Doctoral Degree,Democrat,NA,NA,Strong Democrat,45,NA,NA,NA,NA,NA,NA,NA,NA,NA,NA,NA,NA,NA,,,NA,NA,NA,NA,NA,NA,NA,NA,NA,NA,NA,NA,NA,NA,NA,NA,NA,NA,NA,NA,NA,NA,NA,NA,NA,NA,NA,NA,NA,1,1,2,3,NA,NA,NA
Female,White/Caucasian,"40,000 – 49,999",2-year College Degree,Democrat,NA,NA,Strong Democrat,49,No,Yes,Yes,TRUE,TRUE,TRUE,TRUE,FALSE,TRUE,TRUE,TRUE,TRUE,FALSE,71,72,Neither agree nor disagree,Strongly disagree,Somewhat agree,Yes,Yes,5 - A great deal,5- Very like me,4,4,5- Very like me,4,4,4,2,2,3,2,2,NA,NA,NA,NA,NA,NA,NA,NA,NA,1 - 3 days in jail,Neither support nor oppose,2,1,2,1,Republican,Democrat,arson
Female,Native American,"Less than 30,000",2-year College Degree,Republican,NA,Strong Republican,NA,24,No,No,No,FALSE,TRUE,TRUE,TRUE,TRUE,TRUE,TRUE,TRUE,TRUE,FALSE,0,89,Strongly agree,Somewhat agree,Somewhat agree,No,No,3,3,3,3,2,2,3,2,1- Very unlike me,2,2,3,2,NA,NA,NA,NA,NA,NA,NA,NA,NA,4 - 6 months in jail,Neither support nor oppose,2,1,2,1,Democrat,Republican,assault with a deadly weapon
Male,White/Caucasian,"90,000 – 99,999",Some College,Republican,NA,Not a strong Republican,NA,51,No,No,Yes,FALSE,TRUE,TRUE,FALSE,TRUE,FALSE,TRUE,TRUE,FALSE,FALSE,30,81,Somewhat agree,Strongly disagree,Somewhat agree,No,No,1 - Not at all,4,3,2,4,2,3,3,2,3,4,5- Very like me,4,NA,NA,NA,NA,Oregon,Neither support nor oppose,Unjustified,Yes,NA,NA,NA,1,1,2,1,Democrat,Republican,NA
Male,White/Caucasian,"40,000 – 49,999",4-year College Degree,Republican,NA,Strong Republican,NA,57,Yes,Yes,Yes,TRUE,FALSE,FALSE,TRUE,FALSE,TRUE,TRUE,TRUE,TRUE,TRUE,,,NA,NA,NA,NA,NA,NA,NA,NA,NA,NA,NA,NA,NA,NA,NA,NA,NA,NA,NA,NA,NA,NA,NA,NA,NA,NA,NA,NA,NA,2,1,1,3,NA,NA,NA
Male,Other,"40,000 – 49,999",High School / GED,Democrat,NA,NA,Strong Democrat,34,No,No,No,TRUE,TRUE,TRUE,TRUE,TRUE,TRUE,TRUE,TRUE,FALSE,TRUE,71,69,Strongly agree,Strongly agree,Strongly agree,Yes,No,4,5- Very like me,5- Very like me,4,4,4,3,3,3,3,4,3,4,NA,NA,NA,NA,NA,NA,NA,NA,NA,Community service,Strongly support,2,1,2,1,Republican,Democrat,assault with a deadly weapon
Female,White/Caucasian,"100,000 or more",4-year College Degree,Republican,NA,Not a strong Republican,NA,33,No,No,No,TRUE,TRUE,TRUE,TRUE,TRUE,FALSE,FALSE,TRUE,TRUE,FALSE,43,65,Neither agree nor disagree,Strongly disagree,Somewhat disagree,No,No,1 - Not at all,2,3,4,3,1- Very unlike me,3,2,1- Very unlike me,1- Very unlike me,1- Very unlike me,3,3,NA,NA,NA,NA,NA,NA,NA,NA,NA,Community service,Support,2,1,1,1,Democrat,Republican,protesting without a permit
Male,White/Caucasian,"80,000 – 89,999",4-year College Degree,Democrat,NA,NA,Strong Democrat,80,NA,NA,NA,TRUE,FALSE,TRUE,FALSE,TRUE,FALSE,FALSE,FALSE,FALSE,FALSE,65,6,Strongly disagree,Strongly disagree,Strongly disagree,No,No,1 - Not at all,2,4,1- Very unlike me,2,1- Very unlike me,1- Very unlike me,2,1- Very unlike me,1- Very unlike me,1- Very unlike me,3,2,NA,NA,NA,NA,NA,NA,NA,NA,NA,Community service,Support,2,1,2,1,Republican,Democrat,protesting without a permit
Male,White/Caucasian,"90,000 – 99,999",2-year College Degree,Democrat,NA,NA,Not a strong Democrat,35,No,No,Yes,TRUE,TRUE,TRUE,TRUE,TRUE,TRUE,TRUE,TRUE,TRUE,FALSE,,,NA,NA,NA,NA,NA,NA,NA,NA,NA,NA,NA,NA,NA,NA,NA,NA,NA,NA,NA,NA,NA,NA,NA,NA,NA,NA,NA,NA,NA,2,2,2,3,NA,NA,NA
Male,White/Caucasian,"50,000 – 59,999",Masters Degree,Democrat,NA,NA,Strong Democrat,48,Yes,Yes,Yes,FALSE,TRUE,TRUE,TRUE,TRUE,TRUE,FALSE,FALSE,FALSE,FALSE,,,NA,NA,NA,NA,NA,NA,NA,NA,NA,NA,NA,NA,NA,NA,NA,NA,NA,NA,NA,NA,NA,NA,NA,NA,NA,NA,NA,NA,NA,1,1,2,3,NA,NA,NA
Female,White/Caucasian,"70,000 – 79,999",Some College,Democrat,NA,NA,Strong Democrat,21,No,No,Yes,FALSE,TRUE,TRUE,TRUE,TRUE,FALSE,FALSE,TRUE,FALSE,FALSE,80,4,Somewhat agree,Somewhat agree,Neither agree nor disagree,No,No,3,4,2,4,4,2,2,2,1- Very unlike me,1- Very unlike me,1- Very unlike me,1- Very unlike me,2,NA,NA,NA,NA,NA,NA,NA,NA,NA,4 - 6 months in jail,Neither support nor oppose,2,1,2,1,Republican,Democrat,assault with a deadly weapon
Female,African American,"70,000 – 79,999",4-year College Degree,Republican,NA,Strong Republican,NA,72,No,No,Yes,TRUE,TRUE,TRUE,TRUE,TRUE,FALSE,FALSE,FALSE,FALSE,FALSE,89,92,Neither agree nor disagree,Strongly disagree,Strongly disagree,No,No,1 - Not at all,1- Very unlike me,3,3,4,3,2,2,1- Very unlike me,1- Very unlike me,1- Very unlike me,3,2,Florida,Strongly oppose,Unjustified,Yes,NA,NA,NA,NA,NA,NA,NA,1,1,1,1,Democrat,Republican,NA
Male,White/Caucasian,"90,000 – 99,999",Some College,Republican,NA,Strong Republican,NA,47,No,No,Yes,TRUE,TRUE,TRUE,TRUE,TRUE,FALSE,FALSE,TRUE,TRUE,FALSE,1,100,Strongly agree,Somewhat agree,Somewhat agree,No,No,1 - Not at all,1- Very unlike me,5- Very like me,4,1- Very unlike me,1- Very unlike me,5- Very like me,5- Very like me,1- Very unlike me,1- Very unlike me,1- Very unlike me,1- Very unlike me,1- Very unlike me,Florida,Strongly oppose,Unjustified,Yes,NA,NA,NA,NA,NA,NA,NA,1,2,1,1,Democrat,Republican,NA
Female,White/Caucasian,"50,000 – 59,999",2-year College Degree,Democrat,NA,NA,Strong Democrat,36,No,No,Yes,FALSE,TRUE,TRUE,TRUE,FALSE,TRUE,TRUE,TRUE,TRUE,TRUE,59,30,Neither agree nor disagree,Neither agree nor disagree,Neither agree nor disagree,No,Yes,3,4,3,3,4,2,3,1- Very unlike me,5- Very like me,1- Very unlike me,1- Very unlike me,4,3,NA,NA,NA,NA,NA,NA,NA,NA,NA,Community service,Strongly support,2,2,1,1,Republican,Democrat,vandalism
Male,African American,"50,000 – 59,999",4-year College Degree,Democrat,NA,NA,Not a strong Democrat,27,NA,NA,NA,NA,NA,NA,NA,NA,NA,NA,NA,NA,NA,,,NA,NA,NA,NA,NA,NA,NA,NA,NA,NA,NA,NA,NA,NA,NA,NA,NA,NA,NA,NA,NA,NA,NA,NA,NA,NA,NA,NA,NA,2,2,1,3,NA,NA,NA
Male,African American,"60,000 – 69,999",Masters Degree,Democrat,NA,NA,Not a strong Democrat,27,Yes,Yes,Yes,TRUE,TRUE,TRUE,FALSE,TRUE,TRUE,TRUE,FALSE,TRUE,TRUE,65,61,Neither agree nor disagree,Somewhat agree,Neither agree nor disagree,No,No,2,3,4,3,3,3,3,3,3,3,3,4,3,NA,NA,NA,NA,Oregon,Oppose,Unjustified,Yes,NA,NA,NA,1,2,2,1,Republican,Democrat,NA
Female,White/Caucasian,"Less than 30,000",Some College,Democrat,NA,NA,Strong Democrat,65,NA,NA,NA,NA,NA,NA,NA,NA,NA,NA,NA,NA,NA,,,NA,NA,NA,NA,NA,NA,NA,NA,NA,NA,NA,NA,NA,NA,NA,NA,NA,NA,NA,NA,NA,NA,NA,NA,NA,NA,NA,NA,NA,1,1,2,3,NA,NA,NA
Female,White/Caucasian,"30,000 – 39,999",4-year College Degree,Republican,NA,Strong Republican,NA,31,NA,NA,NA,NA,NA,NA,NA,NA,NA,NA,NA,NA,NA,,,NA,NA,NA,NA,NA,NA,NA,NA,NA,NA,NA,NA,NA,NA,NA,NA,NA,NA,NA,NA,NA,NA,NA,NA,NA,NA,NA,NA,NA,1,2,1,3,NA,NA,NA
Male,White/Caucasian,"Less than 30,000",Some College,Democrat,NA,NA,Not a strong Democrat,47,No,No,Yes,FALSE,TRUE,TRUE,TRUE,TRUE,FALSE,FALSE,TRUE,TRUE,FALSE,,,NA,NA,NA,NA,NA,NA,NA,NA,NA,NA,NA,NA,NA,NA,NA,NA,NA,NA,NA,NA,NA,NA,NA,NA,NA,NA,NA,NA,NA,2,2,2,3,NA,NA,NA
Female,White/Caucasian,"40,000 – 49,999",Some College,Republican,NA,Strong Republican,NA,43,NA,NA,NA,NA,NA,NA,NA,NA,NA,NA,NA,NA,NA,,,NA,NA,NA,NA,NA,NA,NA,NA,NA,NA,NA,NA,NA,NA,NA,NA,NA,NA,NA,NA,NA,NA,NA,NA,NA,NA,NA,NA,NA,1,2,2,3,NA,NA,NA
NA,NA,NA,NA,NA,NA,NA,NA,NA,NA,NA,NA,NA,NA,NA,NA,NA,NA,NA,NA,NA,NA,,,NA,NA,NA,NA,NA,NA,NA,NA,NA,NA,NA,NA,NA,NA,NA,NA,NA,NA,NA,NA,NA,NA,NA,NA,NA,NA,NA,NA,NA,1,1,2,,NA,NA,NA
NA,NA,NA,NA,NA,NA,NA,NA,NA,NA,NA,NA,NA,NA,NA,NA,NA,NA,NA,NA,NA,NA,,,NA,NA,NA,NA,NA,NA,NA,NA,NA,NA,NA,NA,NA,NA,NA,NA,NA,NA,NA,NA,NA,NA,NA,NA,NA,NA,NA,NA,NA,2,2,2,,NA,NA,NA
Female,African American,NA,NA,NA,NA,NA,NA,NA,NA,NA,NA,NA,NA,NA,NA,NA,NA,NA,NA,NA,NA,,,NA,NA,NA,NA,NA,NA,NA,NA,NA,NA,NA,NA,NA,NA,NA,NA,NA,NA,NA,NA,NA,NA,NA,NA,NA,NA,NA,NA,NA,2,2,2,,NA,NA,NA
NA,NA,NA,NA,NA,NA,NA,NA,NA,NA,NA,NA,NA,NA,NA,NA,NA,NA,NA,NA,NA,NA,,,NA,NA,NA,NA,NA,NA,NA,NA,NA,NA,NA,NA,NA,NA,NA,NA,NA,NA,NA,NA,NA,NA,NA,NA,NA,NA,NA,NA,NA,2,2,2,,NA,NA,NA
NA,NA,NA,NA,NA,NA,NA,NA,NA,NA,NA,NA,NA,NA,NA,NA,NA,NA,NA,NA,NA,NA,,,NA,NA,NA,NA,NA,NA,NA,NA,NA,NA,NA,NA,NA,NA,NA,NA,NA,NA,NA,NA,NA,NA,NA,NA,NA,NA,NA,NA,NA,1,1,1,,NA,NA,NA
NA,NA,NA,NA,NA,NA,NA,NA,NA,NA,NA,NA,NA,NA,NA,NA,NA,NA,NA,NA,NA,NA,,,NA,NA,NA,NA,NA,NA,NA,NA,NA,NA,NA,NA,NA,NA,NA,NA,NA,NA,NA,NA,NA,NA,NA,NA,NA,NA,NA,NA,NA,2,1,2,,NA,NA,NA
Male,White/Caucasian,"100,000 or more",4-year College Degree,Democrat,NA,NA,Strong Democrat,42,No,No,Yes,NA,TRUE,TRUE,NA,NA,NA,FALSE,NA,TRUE,FALSE,,,NA,NA,NA,NA,NA,NA,NA,NA,NA,NA,NA,NA,NA,NA,NA,NA,NA,NA,NA,NA,NA,NA,NA,NA,NA,NA,NA,NA,NA,2,2,2,,NA,NA,NA
Female,White/Caucasian,"40,000 – 49,999",Masters Degree,Democrat,NA,NA,Strong Democrat,55,No,No,Yes,FALSE,TRUE,TRUE,TRUE,TRUE,TRUE,FALSE,FALSE,TRUE,FALSE,93,9,NA,NA,NA,NA,NA,NA,NA,NA,NA,NA,NA,NA,NA,NA,NA,NA,NA,NA,NA,NA,NA,NA,NA,NA,NA,NA,NA,NA,NA,1,1,1,,Republican,Democrat,NA
Male,White/Caucasian,"40,000 – 49,999",High School / GED,Republican,NA,Strong Republican,NA,39,No,No,No,FALSE,TRUE,TRUE,FALSE,TRUE,TRUE,FALSE,FALSE,FALSE,FALSE,14,100,Somewhat disagree,Strongly disagree,Somewhat disagree,No,No,3,2,3,2,3,3,3,1- Very unlike me,1- Very unlike me,1- Very unlike me,2,1- Very unlike me,1- Very unlike me,NA,NA,NA,NA,NA,NA,NA,NA,NA,NA,NA,1,2,1,,Democrat,Republican,NA
Male,African American,"30,000 – 39,999",High School / GED,Democrat,NA,NA,Strong Democrat,45,NA,NA,NA,NA,NA,NA,NA,NA,NA,NA,NA,NA,NA,,,NA,NA,NA,NA,NA,NA,NA,NA,NA,NA,NA,NA,NA,NA,NA,NA,NA,NA,NA,NA,NA,NA,NA,NA,NA,NA,NA,NA,NA,2,2,1,2,NA,NA,NA
Female,White/Caucasian,"70,000 – 79,999",4-year College Degree,Independent,Neither,NA,NA,NA,NA,NA,NA,NA,NA,NA,NA,NA,NA,NA,NA,NA,NA,,,NA,NA,NA,NA,NA,NA,NA,NA,NA,NA,NA,NA,NA,NA,NA,NA,NA,NA,NA,NA,NA,NA,NA,NA,NA,NA,NA,NA,NA,2,2,1,2,NA,NA,NA
Male,White/Caucasian,"40,000 – 49,999",High School / GED,Republican,NA,Strong Republican,NA,22,No,Yes,Yes,TRUE,TRUE,TRUE,TRUE,TRUE,TRUE,TRUE,TRUE,TRUE,TRUE,79,75,Strongly agree,Somewhat agree,Neither agree nor disagree,No,No,2,4,3,2,2,2,3,3,3,2,2,2,3,NA,NA,NA,NA,Oregon,Strongly support,Justified,Yes,NA,NA,NA,1,1,2,4,Democrat,Republican,NA
Male,White/Caucasian,"Less than 30,000",High School / GED,Republican,NA,Strong Republican,NA,42,NA,NA,NA,TRUE,TRUE,TRUE,TRUE,TRUE,TRUE,TRUE,TRUE,TRUE,TRUE,88,75,Strongly agree,Strongly agree,Strongly agree,Yes,Yes,4,3,3,3,3,3,4,4,4,4,3,3,4,NA,NA,NA,NA,NA,NA,NA,NA,Florida,More than 20 years in prison,Strongly support,2,2,1,1,Democrat,Republican,arson
Male,Other,"Less than 30,000",Some College,Independent,Democratic Party,NA,NA,22,No,No,No,FALSE,FALSE,FALSE,TRUE,TRUE,TRUE,FALSE,FALSE,TRUE,TRUE,64,64,Strongly agree,Somewhat agree,Neither agree nor disagree,Yes,No,1 - Not at all,1- Very unlike me,2,3,4,5- Very like me,4,3,2,1- Very unlike me,2,3,4,South Carolina,Support,Justified,Yes,NA,NA,NA,NA,NA,NA,NA,1,2,1,4,Republican,Democrat,NA
Male,African American,"Less than 30,000",High School / GED,Democrat,NA,NA,Strong Democrat,21,NA,NA,NA,NA,NA,NA,NA,NA,NA,NA,NA,NA,NA,,,NA,NA,NA,NA,NA,NA,NA,NA,NA,NA,NA,NA,NA,NA,NA,NA,NA,NA,NA,NA,NA,NA,NA,NA,NA,NA,NA,NA,NA,1,1,1,2,NA,NA,NA
Female,African American,"Less than 30,000",4-year College Degree,Democrat,NA,NA,Strong Democrat,29,No,No,Yes,TRUE,FALSE,TRUE,TRUE,TRUE,TRUE,TRUE,TRUE,TRUE,TRUE,100,0,Strongly agree,Strongly agree,Strongly agree,No,No,1 - Not at all,3,4,1- Very unlike me,4,1- Very unlike me,4,1- Very unlike me,1- Very unlike me,1- Very unlike me,2,1- Very unlike me,1- Very unlike me,NA,NA,NA,NA,Oregon,Strongly oppose,Justified,Yes,NA,NA,NA,1,2,2,1,Republican,Democrat,NA
Male,Asian,"60,000 – 69,999",4-year College Degree,Democrat,NA,NA,Not a strong Democrat,25,No,No,Yes,FALSE,TRUE,FALSE,FALSE,TRUE,TRUE,TRUE,TRUE,TRUE,TRUE,77,20,Somewhat agree,Neither agree nor disagree,Neither agree nor disagree,No,No,1 - Not at all,2,3,4,3,2,3,2,2,3,2,4,3,NA,NA,NA,NA,Oregon,Strongly oppose,Unjustified,Yes,NA,NA,NA,1,2,2,1,Republican,Democrat,NA
Male,African American,"70,000 – 79,999",High School / GED,Democrat,NA,NA,Not a strong Democrat,19,No,No,Yes,FALSE,TRUE,TRUE,TRUE,TRUE,FALSE,FALSE,TRUE,TRUE,TRUE,80,14,Neither agree nor disagree,Somewhat disagree,Neither agree nor disagree,No,No,3,3,2,3,1- Very unlike me,3,3,2,2,2,2,2,2,NA,NA,NA,NA,Idaho,Neither support nor oppose,Unjustified,Yes,NA,NA,NA,1,1,2,1,Republican,Democrat,NA
Female,White/Caucasian,"50,000 – 59,999",Some College,Republican,NA,Not a strong Republican,NA,50,No,No,Yes,FALSE,FALSE,TRUE,TRUE,TRUE,FALSE,FALSE,TRUE,TRUE,TRUE,13,67,Somewhat agree,Strongly agree,Strongly agree,Yes,No,1 - Not at all,5- Very like me,3,5- Very like me,3,2,4,4,5- Very like me,3,3,4,3,NA,NA,NA,NA,Oregon,Neither support nor oppose,Unjustified,Yes,NA,NA,NA,1,2,2,1,Democrat,Republican,NA
Female,White/Caucasian,"100,000 or more",Less than High School,Other,Republican Party,NA,NA,Under 18,NA,NA,NA,NA,NA,NA,NA,NA,NA,NA,NA,NA,NA,,,NA,NA,NA,NA,NA,NA,NA,NA,NA,NA,NA,NA,NA,NA,NA,NA,NA,NA,NA,NA,NA,NA,NA,NA,NA,NA,NA,NA,NA,2,2,1,2,NA,NA,NA
Female,White/Caucasian,"Less than 30,000",High School / GED,Republican,NA,Not a strong Republican,NA,26,No,No,No,FALSE,TRUE,TRUE,FALSE,FALSE,FALSE,FALSE,TRUE,TRUE,FALSE,28,40,Neither agree nor disagree,Neither agree nor disagree,Neither agree nor disagree,No,No,1 - Not at all,1- Very unlike me,3,1- Very unlike me,1- Very unlike me,3,3,1- Very unlike me,3,2,3,2,2,NA,NA,NA,NA,Oregon,Neither support nor oppose,Unjustified,Yes,NA,NA,NA,1,2,2,1,Democrat,Republican,NA
Female,White/Caucasian,"Less than 30,000",High School / GED,Republican,NA,Strong Republican,NA,59,No,No,Yes,TRUE,TRUE,TRUE,TRUE,TRUE,FALSE,FALSE,TRUE,FALSE,FALSE,31,100,Strongly disagree,Strongly disagree,Neither agree nor disagree,No,No,1 - Not at all,1- Very unlike me,3,1- Very unlike me,1- Very unlike me,1- Very unlike me,1- Very unlike me,1- Very unlike me,1- Very unlike me,2,1- Very unlike me,1- Very unlike me,1- Very unlike me,NA,NA,NA,NA,NA,NA,NA,NA,Alaska,6 - 10 years in prison,Oppose,2,1,2,1,Democrat,Republican,arson
Male,Other,"Less than 30,000",High School / GED,Other,Neither,NA,NA,NA,NA,NA,NA,NA,NA,NA,NA,NA,NA,NA,NA,NA,NA,,,NA,NA,NA,NA,NA,NA,NA,NA,NA,NA,NA,NA,NA,NA,NA,NA,NA,NA,NA,NA,NA,NA,NA,NA,NA,NA,NA,NA,NA,2,1,1,2,NA,NA,NA
Male,White/Caucasian,"Less than 30,000",High School / GED,Republican,NA,Strong Republican,NA,56,No,No,No,TRUE,TRUE,TRUE,TRUE,TRUE,FALSE,TRUE,FALSE,FALSE,TRUE,100,0,Strongly disagree,Strongly disagree,Strongly disagree,No,No,1 - Not at all,3,1- Very unlike me,1- Very unlike me,1- Very unlike me,1- Very unlike me,1- Very unlike me,1- Very unlike me,1- Very unlike me,1- Very unlike me,1- Very unlike me,1- Very unlike me,1- Very unlike me,NA,NA,NA,NA,NA,NA,NA,NA,California,4 - 30 days in jail,Strongly oppose,2,2,2,1,Democrat,Republican,assault
Female,Other,"Less than 30,000",4-year College Degree,Republican,NA,Strong Republican,NA,32,NA,NA,NA,TRUE,TRUE,FALSE,TRUE,TRUE,FALSE,TRUE,TRUE,FALSE,FALSE,0,100,Strongly agree,Strongly agree,Somewhat agree,No,No,5 - A great deal,4,4,4,5- Very like me,5- Very like me,5- Very like me,4,3,5- Very like me,4,4,3,NA,NA,NA,NA,NA,NA,NA,NA,Texas,1 - 3 days in jail,Oppose,2,1,2,1,Democrat,Republican,vandalism
Female,African American,"Less than 30,000",4-year College Degree,Democrat,NA,NA,Not a strong Democrat,59,No,No,No,FALSE,FALSE,FALSE,TRUE,TRUE,TRUE,FALSE,TRUE,TRUE,TRUE,83,10,Somewhat agree,Strongly disagree,Neither agree nor disagree,No,No,1 - Not at all,4,1- Very unlike me,3,5- Very like me,1- Very unlike me,1- Very unlike me,1- Very unlike me,1- Very unlike me,3,1- Very unlike me,1- Very unlike me,4,NA,NA,NA,NA,Oregon,Strongly support,Unjustified,Yes,NA,NA,NA,1,2,2,1,Republican,Democrat,NA
Female,Other,"50,000 – 59,999",Some College,Independent,Democratic Party,NA,NA,27,No,No,No,FALSE,TRUE,TRUE,TRUE,TRUE,TRUE,FALSE,FALSE,TRUE,FALSE,25,25,Neither agree nor disagree,Strongly disagree,Neither agree nor disagree,No,No,1 - Not at all,1- Very unlike me,3,4,4,3,3,1- Very unlike me,2,3,5- Very like me,5- Very like me,1- Very unlike me,NA,NA,NA,NA,Oregon,Strongly oppose,Unjustified,Yes,NA,NA,NA,1,2,2,1,Republican,Democrat,NA
Female,White/Caucasian,"70,000 – 79,999",4-year College Degree,Democrat,NA,NA,Not a strong Democrat,25,No,No,No,TRUE,TRUE,TRUE,TRUE,TRUE,TRUE,TRUE,TRUE,TRUE,TRUE,78,64,Neither agree nor disagree,Strongly disagree,Strongly disagree,No,No,1 - Not at all,3,4,3,1- Very unlike me,2,2,2,3,2,3,3,3,NA,NA,NA,NA,Oregon,Strongly oppose,Unjustified,Yes,NA,NA,NA,1,1,2,1,Republican,Democrat,NA
Male,African American,"60,000 – 69,999",4-year College Degree,Republican,NA,Strong Republican,NA,29,NA,NA,NA,FALSE,FALSE,TRUE,FALSE,TRUE,TRUE,FALSE,TRUE,FALSE,TRUE,77,34,Somewhat agree,Somewhat agree,Somewhat disagree,No,Yes,4,3,1- Very unlike me,2,3,2,3,2,1- Very unlike me,2,1- Very unlike me,2,1- Very unlike me,NA,NA,NA,NA,NA,NA,NA,NA,Oregon,1 - 3 days in jail,Support,2,2,1,1,Democrat,Republican,vandalism
Female,Other,"40,000 – 49,999","Professional Degree (JD, MD)",Democrat,NA,NA,Not a strong Democrat,33,NA,NA,NA,NA,NA,NA,NA,NA,NA,NA,NA,NA,NA,,,NA,NA,NA,NA,NA,NA,NA,NA,NA,NA,NA,NA,NA,NA,NA,NA,NA,NA,NA,NA,NA,NA,NA,NA,NA,NA,NA,NA,NA,2,1,1,2,NA,NA,NA
Female,Other,"100,000 or more",Some College,Democrat,NA,NA,Strong Democrat,18,Yes,Yes,Yes,FALSE,FALSE,TRUE,FALSE,FALSE,TRUE,TRUE,FALSE,FALSE,TRUE,82,0,Strongly agree,Strongly agree,Strongly agree,No,Yes,1 - Not at all,5- Very like me,5- Very like me,5- Very like me,5- Very like me,5- Very like me,4,4,1- Very unlike me,5- Very like me,3,5- Very like me,3,NA,NA,NA,NA,NA,NA,NA,NA,Alaska,16 - 20 years in prison,Strongly oppose,2,2,1,1,Republican,Democrat,protesting without a permit
Female,White/Caucasian,"100,000 or more",Masters Degree,Republican,NA,Not a strong Republican,NA,46,NA,NA,NA,TRUE,TRUE,TRUE,TRUE,TRUE,FALSE,FALSE,FALSE,FALSE,FALSE,61,62,Neither agree nor disagree,Strongly disagree,Strongly disagree,No,No,1 - Not at all,2,2,2,1- Very unlike me,1- Very unlike me,2,1- Very unlike me,1- Very unlike me,1- Very unlike me,2,2,1- Very unlike me,Florida,Strongly oppose,Unjustified,Yes,NA,NA,NA,NA,NA,NA,NA,1,2,1,1,Democrat,Republican,NA
Male,Pacific Islander,"Less than 30,000",Some College,Democrat,NA,NA,Strong Democrat,30,NA,NA,NA,TRUE,TRUE,TRUE,TRUE,TRUE,TRUE,TRUE,TRUE,TRUE,TRUE,66,66,Somewhat agree,Neither agree nor disagree,Neither agree nor disagree,Yes,Yes,3,3,3,3,3,2,4,3,3,3,3,3,3,Georgia,Support,Justified,Yes,NA,NA,NA,NA,NA,NA,NA,1,1,1,1,Republican,Democrat,NA
Female,White/Caucasian,"50,000 – 59,999",Some College,Democrat,NA,NA,Strong Democrat,33,NA,NA,NA,TRUE,TRUE,FALSE,TRUE,FALSE,TRUE,TRUE,TRUE,FALSE,TRUE,91,12,Neither agree nor disagree,Somewhat disagree,Neither agree nor disagree,No,No,3,1- Very unlike me,2,3,1- Very unlike me,1- Very unlike me,2,1- Very unlike me,1- Very unlike me,1- Very unlike me,1- Very unlike me,1- Very unlike me,1- Very unlike me,NA,NA,NA,NA,NA,NA,NA,NA,Alaska,7 months to 1 year in jail,Neither support nor oppose,2,1,1,1,Republican,Democrat,arson
Female,White/Caucasian,"90,000 – 99,999",Masters Degree,Democrat,NA,NA,Not a strong Democrat,33,No,No,Yes,FALSE,TRUE,TRUE,TRUE,FALSE,FALSE,FALSE,FALSE,FALSE,FALSE,80,19,Neither agree nor disagree,Strongly disagree,Neither agree nor disagree,No,No,1 - Not at all,1- Very unlike me,2,1- Very unlike me,1- Very unlike me,3,1- Very unlike me,1- Very unlike me,1- Very unlike me,1- Very unlike me,1- Very unlike me,1- Very unlike me,1- Very unlike me,NA,NA,NA,NA,Oregon,Neither support nor oppose,Unjustified,Yes,NA,NA,NA,1,2,2,1,Republican,Democrat,NA
Female,White/Caucasian,"60,000 – 69,999",4-year College Degree,Independent,Democratic Party,NA,NA,32,Yes,No,Yes,FALSE,TRUE,TRUE,TRUE,TRUE,TRUE,TRUE,TRUE,TRUE,TRUE,62,2,Somewhat disagree,Strongly disagree,Somewhat agree,No,No,1 - Not at all,1- Very unlike me,4,4,1- Very unlike me,1- Very unlike me,5- Very like me,1- Very unlike me,1- Very unlike me,1- Very unlike me,1- Very unlike me,2,1- Very unlike me,NA,NA,NA,NA,Oregon,Strongly support,Unjustified,Yes,NA,NA,NA,1,2,2,1,Republican,Democrat,NA
Male,White/Caucasian,"100,000 or more",High School / GED,Democrat,NA,NA,Strong Democrat,42,NA,NA,NA,TRUE,FALSE,FALSE,TRUE,TRUE,TRUE,FALSE,TRUE,TRUE,TRUE,72,71,Somewhat agree,Strongly agree,Somewhat agree,Yes,Yes,4,5- Very like me,4,2,3,4,5- Very like me,3,5- Very like me,4,4,5- Very like me,4,Texas,Support,Justified,Yes,NA,NA,NA,NA,NA,NA,NA,1,2,1,1,Republican,Democrat,NA
Female,White/Caucasian,"Less than 30,000",High School / GED,Democrat,NA,NA,Strong Democrat,61,No,No,Yes,FALSE,TRUE,TRUE,FALSE,TRUE,TRUE,TRUE,TRUE,TRUE,FALSE,100,8,Strongly disagree,Somewhat agree,Neither agree nor disagree,No,No,1 - Not at all,1- Very unlike me,5- Very like me,1- Very unlike me,3,3,1- Very unlike me,5- Very like me,3,5- Very like me,5- Very like me,3,3,NA,NA,NA,NA,Oregon,Strongly oppose,Unjustified,Yes,NA,NA,NA,1,1,2,1,Republican,Democrat,NA
Female,White/Caucasian,"100,000 or more",Less than High School,Democrat,NA,NA,Strong Democrat,24,No,No,Yes,FALSE,TRUE,TRUE,TRUE,FALSE,TRUE,TRUE,FALSE,TRUE,FALSE,74,75,Somewhat agree,Strongly agree,Somewhat agree,Yes,Yes,4,4,5- Very like me,4,4,4,5- Very like me,5- Very like me,3,3,4,4,3,NA,NA,NA,NA,NA,NA,NA,NA,California,11 - 15 years in prison,Oppose,2,1,1,1,Republican,Democrat,arson
Female,White/Caucasian,"Less than 30,000",High School / GED,Republican,NA,Strong Republican,NA,27,No,No,No,TRUE,TRUE,TRUE,TRUE,TRUE,FALSE,FALSE,FALSE,FALSE,FALSE,0,100,Neither agree nor disagree,Strongly disagree,Neither agree nor disagree,No,No,1 - Not at all,1- Very unlike me,1- Very unlike me,1- Very unlike me,1- Very unlike me,1- Very unlike me,1- Very unlike me,1- Very unlike me,1- Very unlike me,1- Very unlike me,1- Very unlike me,1- Very unlike me,1- Very unlike me,NA,NA,NA,NA,NA,NA,NA,NA,Florida,Community service,Oppose,2,2,1,1,Democrat,Republican,assault
Female,White/Caucasian,"70,000 – 79,999",2-year College Degree,Republican,NA,Not a strong Republican,NA,25,No,No,Yes,FALSE,TRUE,FALSE,TRUE,TRUE,TRUE,FALSE,TRUE,TRUE,TRUE,74,70,Somewhat disagree,Strongly disagree,Somewhat disagree,No,No,1 - Not at all,3,2,2,1- Very unlike me,1- Very unlike me,2,1- Very unlike me,1- Very unlike me,1- Very unlike me,1- Very unlike me,2,1- Very unlike me,NA,NA,NA,NA,NA,NA,NA,NA,Florida,1 - 3 days in jail,Oppose,2,1,1,1,Democrat,Republican,protesting without a permit
Male,White/Caucasian,"Less than 30,000",4-year College Degree,Democrat,NA,NA,Strong Democrat,22,No,No,No,FALSE,FALSE,TRUE,TRUE,TRUE,FALSE,FALSE,TRUE,FALSE,TRUE,20,73,Neither agree nor disagree,Strongly agree,Somewhat agree,No,No,1 - Not at all,3,3,4,1- Very unlike me,3,3,4,1- Very unlike me,3,2,3,2,NA,NA,NA,NA,Oregon,Oppose,Unjustified,Yes,NA,NA,NA,1,2,2,1,Republican,Democrat,NA
Male,White/Caucasian,"70,000 – 79,999",4-year College Degree,Democrat,NA,NA,Strong Democrat,28,No,Yes,Yes,FALSE,FALSE,FALSE,TRUE,FALSE,TRUE,FALSE,TRUE,TRUE,FALSE,90,90,Strongly agree,Strongly disagree,Somewhat agree,Yes,Yes,5 - A great deal,4,4,5- Very like me,4,1- Very unlike me,4,3,5- Very like me,5- Very like me,5- Very like me,5- Very like me,4,NA,NA,NA,NA,NA,NA,NA,NA,Oregon,2 - 3 months in jail,Strongly support,2,2,1,1,Republican,Democrat,murder
Male,White/Caucasian,"Less than 30,000",High School / GED,Republican,NA,Strong Republican,NA,23,NA,NA,NA,TRUE,TRUE,TRUE,TRUE,TRUE,TRUE,TRUE,TRUE,TRUE,TRUE,3,2,Strongly agree,Strongly disagree,Strongly disagree,Yes,No,5 - A great deal,1- Very unlike me,1- Very unlike me,1- Very unlike me,1- Very unlike me,1- Very unlike me,1- Very unlike me,1- Very unlike me,1- Very unlike me,1- Very unlike me,1- Very unlike me,1- Very unlike me,1- Very unlike me,NA,NA,NA,NA,NA,NA,NA,NA,Washington,Community service,Strongly support,2,2,1,1,Democrat,Republican,assault
Male,Other,"30,000 – 39,999",2-year College Degree,Republican,NA,Strong Republican,NA,43,No,No,Yes,FALSE,FALSE,FALSE,FALSE,FALSE,TRUE,FALSE,TRUE,FALSE,FALSE,0,61,Strongly agree,Strongly agree,Strongly agree,Yes,No,5 - A great deal,5- Very like me,5- Very like me,1- Very unlike me,5- Very like me,5- Very like me,1- Very unlike me,1- Very unlike me,5- Very like me,5- Very like me,5- Very like me,1- Very unlike me,5- Very like me,NA,NA,NA,NA,NA,NA,NA,NA,Louisiana,7 months to 1 year in jail,NA,2,2,1,1,Democrat,Republican,arson
Male,Other,"30,000 – 39,999",High School / GED,Other,Democratic Party,NA,NA,38,NA,NA,NA,NA,NA,NA,NA,NA,NA,NA,NA,NA,NA,,,NA,NA,NA,NA,NA,NA,NA,NA,NA,NA,NA,NA,NA,NA,NA,NA,NA,NA,NA,NA,NA,NA,NA,NA,NA,NA,NA,NA,NA,2,2,2,2,NA,NA,NA
Female,African American,"30,000 – 39,999",Doctoral Degree,Independent,Republican Party,NA,NA,19,NA,NA,NA,TRUE,TRUE,TRUE,TRUE,TRUE,TRUE,TRUE,TRUE,TRUE,TRUE,100,100,Somewhat agree,Somewhat agree,Somewhat agree,Yes,No,5 - A great deal,5- Very like me,5- Very like me,5- Very like me,5- Very like me,1- Very unlike me,1- Very unlike me,1- Very unlike me,1- Very unlike me,1- Very unlike me,1- Very unlike me,1- Very unlike me,1- Very unlike me,NA,NA,NA,NA,NA,NA,NA,NA,California,1 - 3 days in jail,Strongly support,2,2,1,1,Democrat,Republican,protesting without a permit
Male,Other,"50,000 – 59,999",4-year College Degree,Republican,NA,Strong Republican,NA,28,Yes,Yes,Yes,TRUE,TRUE,TRUE,TRUE,TRUE,FALSE,TRUE,FALSE,TRUE,TRUE,13,76,Neither agree nor disagree,Neither agree nor disagree,Neither agree nor disagree,No,No,2,3,4,4,2,2,3,2,1- Very unlike me,2,2,2,2,Florida,Oppose,Unjustified,No,NA,NA,NA,NA,NA,NA,NA,1,2,1,1,Democrat,Republican,NA
Male,White/Caucasian,"40,000 – 49,999",4-year College Degree,Republican,NA,Strong Republican,NA,26,No,No,Yes,FALSE,TRUE,TRUE,TRUE,TRUE,FALSE,TRUE,FALSE,FALSE,FALSE,0,100,Strongly agree,Strongly agree,Strongly agree,No,No,1 - Not at all,1- Very unlike me,4,1- Very unlike me,1- Very unlike me,1- Very unlike me,1- Very unlike me,1- Very unlike me,1- Very unlike me,3,1- Very unlike me,1- Very unlike me,1- Very unlike me,Texas,Neither support nor oppose,Justified,No,NA,NA,NA,NA,NA,NA,NA,1,1,1,1,Democrat,Republican,NA
Female,White/Caucasian,"50,000 – 59,999",High School / GED,Democrat,NA,NA,Strong Democrat,37,No,Yes,Yes,FALSE,TRUE,TRUE,TRUE,TRUE,TRUE,FALSE,FALSE,TRUE,FALSE,100,0,Strongly agree,Somewhat disagree,Neither agree nor disagree,No,No,5 - A great deal,3,3,1- Very unlike me,4,3,2,1- Very unlike me,1- Very unlike me,3,1- Very unlike me,1- Very unlike me,1- Very unlike me,NA,NA,NA,NA,NA,NA,NA,NA,Washington,Community service,Neither support nor oppose,2,1,1,1,Republican,Democrat,vandalism
Male,Other,"70,000 – 79,999",Some College,Democrat,NA,NA,Not a strong Democrat,31,No,No,No,FALSE,TRUE,FALSE,TRUE,TRUE,FALSE,TRUE,FALSE,TRUE,FALSE,86,84,Strongly agree,Strongly agree,Neither agree nor disagree,No,Yes,5 - A great deal,2,3,2,5- Very like me,1- Very unlike me,1- Very unlike me,1- Very unlike me,1- Very unlike me,1- Very unlike me,1- Very unlike me,1- Very unlike me,1- Very unlike me,NA,NA,NA,NA,Washington,Support,Unjustified,Yes,NA,NA,NA,1,1,2,1,Republican,Democrat,NA
Female,White/Caucasian,"30,000 – 39,999",High School / GED,Republican,NA,Strong Republican,NA,20,No,No,Yes,FALSE,TRUE,FALSE,FALSE,TRUE,TRUE,TRUE,TRUE,TRUE,FALSE,10,100,Neither agree nor disagree,Neither agree nor disagree,Neither agree nor disagree,No,No,2,3,3,3,4,2,2,2,2,3,3,3,3,NA,NA,NA,NA,NA,NA,NA,NA,California,4 - 6 months in jail,Oppose,2,2,1,1,Democrat,Republican,vandalism
Female,Other,"Less than 30,000",Masters Degree,Republican,NA,Strong Republican,NA,45,NA,NA,NA,FALSE,FALSE,TRUE,FALSE,FALSE,FALSE,TRUE,FALSE,TRUE,FALSE,94,95,Strongly agree,Strongly agree,Strongly agree,Yes,Yes,1 - Not at all,5- Very like me,5- Very like me,5- Very like me,5- Very like me,5- Very like me,5- Very like me,5- Very like me,5- Very like me,4,4,4,3,NA,NA,NA,NA,NA,NA,NA,NA,Florida,2 - 5 years in prison,Neither support nor oppose,2,1,1,1,Democrat,Republican,murder
Female,White/Caucasian,"70,000 – 79,999",4-year College Degree,Republican,NA,Not a strong Republican,NA,28,No,No,Yes,FALSE,TRUE,TRUE,TRUE,TRUE,FALSE,FALSE,FALSE,TRUE,FALSE,26,86,Strongly agree,Neither agree nor disagree,Somewhat disagree,No,No,2,3,1- Very unlike me,3,3,1- Very unlike me,1- Very unlike me,1- Very unlike me,1- Very unlike me,1- Very unlike me,1- Very unlike me,1- Very unlike me,1- Very unlike me,NA,NA,NA,NA,Washington,Neither support nor oppose,Justified,Yes,NA,NA,NA,1,2,2,1,Democrat,Republican,NA
Female,White/Caucasian,"Less than 30,000",High School / GED,Democrat,NA,NA,Not a strong Democrat,34,No,No,Yes,FALSE,TRUE,TRUE,TRUE,TRUE,FALSE,FALSE,FALSE,FALSE,FALSE,71,38,Neither agree nor disagree,Strongly disagree,Somewhat agree,No,No,1 - Not at all,1- Very unlike me,3,3,5- Very like me,1- Very unlike me,4,2,1- Very unlike me,1- Very unlike me,3,4,5- Very like me,NA,NA,NA,NA,NA,NA,NA,NA,Florida,7 months to 1 year in jail,Neither support nor oppose,2,1,1,1,Republican,Democrat,assault
Male,White/Caucasian,"Less than 30,000",High School / GED,Democrat,NA,NA,Strong Democrat,35,NA,NA,NA,FALSE,TRUE,TRUE,TRUE,FALSE,TRUE,TRUE,FALSE,FALSE,TRUE,100,0,Strongly disagree,Strongly agree,Neither agree nor disagree,No,No,1 - Not at all,1- Very unlike me,3,1- Very unlike me,4,4,5- Very like me,1- Very unlike me,5- Very like me,5- Very like me,3,4,4,NA,NA,NA,NA,NA,NA,NA,NA,Oregon,2 - 5 years in prison,Strongly oppose,2,1,1,1,Republican,Democrat,protesting without a permit
Female,White/Caucasian,"100,000 or more",Some College,Republican,NA,Not a strong Republican,NA,36,NA,NA,NA,FALSE,TRUE,TRUE,TRUE,TRUE,TRUE,FALSE,FALSE,TRUE,FALSE,1,76,Strongly agree,Neither agree nor disagree,Strongly agree,No,No,1 - Not at all,3,3,4,5- Very like me,2,4,2,1- Very unlike me,3,3,2,3,NA,NA,NA,NA,Oregon,Neither support nor oppose,Unjustified,Yes,NA,NA,NA,1,1,2,1,Democrat,Republican,NA
Female,Pacific Islander,"Less than 30,000",Some College,Independent,Neither,NA,NA,NA,NA,NA,NA,NA,NA,NA,NA,NA,NA,NA,NA,NA,NA,,,NA,NA,NA,NA,NA,NA,NA,NA,NA,NA,NA,NA,NA,NA,NA,NA,NA,NA,NA,NA,NA,NA,NA,NA,NA,NA,NA,NA,NA,1,2,2,2,NA,NA,NA
Male,White/Caucasian,"40,000 – 49,999",2-year College Degree,Democrat,NA,NA,Not a strong Democrat,60,No,No,Yes,FALSE,FALSE,TRUE,TRUE,TRUE,TRUE,TRUE,TRUE,TRUE,TRUE,62,41,Somewhat agree,Neither agree nor disagree,Somewhat agree,No,No,5 - A great deal,5- Very like me,2,3,2,4,4,4,1- Very unlike me,3,4,4,5- Very like me,NA,NA,NA,NA,NA,NA,NA,NA,Oregon,2 - 5 years in prison,Oppose,2,2,1,1,Republican,Democrat,arson
Female,White/Caucasian,"Less than 30,000",4-year College Degree,Independent,Democratic Party,NA,NA,48,No,No,Yes,TRUE,TRUE,FALSE,TRUE,TRUE,FALSE,FALSE,TRUE,FALSE,FALSE,100,7,Somewhat agree,Strongly agree,Strongly agree,No,No,1 - Not at all,1- Very unlike me,1- Very unlike me,1- Very unlike me,1- Very unlike me,1- Very unlike me,5- Very like me,1- Very unlike me,1- Very unlike me,1- Very unlike me,1- Very unlike me,1- Very unlike me,1- Very unlike me,Florida,Oppose,Unjustified,Yes,NA,NA,NA,NA,NA,NA,NA,1,1,1,1,Republican,Democrat,NA
Female,African American,"30,000 – 39,999",High School / GED,Democrat,NA,NA,Strong Democrat,24,No,No,Yes,FALSE,TRUE,TRUE,TRUE,TRUE,TRUE,FALSE,TRUE,FALSE,FALSE,87,79,Strongly agree,Somewhat agree,Somewhat agree,No,No,3,3,4,3,4,3,4,2,4,3,2,4,3,NA,NA,NA,NA,NA,NA,NA,NA,Washington,6 - 10 years in prison,Neither support nor oppose,2,2,2,1,Republican,Democrat,murder
Male,White/Caucasian,"40,000 – 49,999",2-year College Degree,Republican,NA,Strong Republican,NA,41,NA,NA,NA,FALSE,TRUE,TRUE,FALSE,TRUE,TRUE,TRUE,FALSE,TRUE,FALSE,88,73,Somewhat agree,Strongly agree,Somewhat disagree,Yes,Yes,4,4,2,4,5- Very like me,4,2,4,5- Very like me,2,2,4,4,NA,NA,NA,NA,NA,NA,NA,NA,California,1 - 3 days in jail,Support,2,2,2,1,Democrat,Republican,assault with a deadly weapon
Male,Other,"50,000 – 59,999",4-year College Degree,Democrat,NA,NA,Strong Democrat,31,NA,NA,NA,TRUE,TRUE,TRUE,TRUE,TRUE,FALSE,FALSE,FALSE,FALSE,FALSE,84,72,Neither agree nor disagree,Strongly disagree,Strongly disagree,No,No,1 - Not at all,1- Very unlike me,1- Very unlike me,1- Very unlike me,1- Very unlike me,1- Very unlike me,1- Very unlike me,1- Very unlike me,1- Very unlike me,1- Very unlike me,1- Very unlike me,1- Very unlike me,1- Very unlike me,NA,NA,NA,NA,Washington,Neither support nor oppose,Justified,No,NA,NA,NA,1,1,2,1,Republican,Democrat,NA
Female,Other,"Less than 30,000",2-year College Degree,Democrat,NA,NA,Strong Democrat,66,No,No,Yes,FALSE,TRUE,TRUE,TRUE,TRUE,TRUE,FALSE,TRUE,TRUE,TRUE,97,58,Neither agree nor disagree,Neither agree nor disagree,Somewhat disagree,No,No,1 - Not at all,3,5- Very like me,4,1- Very unlike me,2,4,3,1- Very unlike me,1- Very unlike me,1- Very unlike me,4,1- Very unlike me,Georgia,Strongly oppose,Unjustified,Yes,NA,NA,NA,NA,NA,NA,NA,1,2,1,1,Republican,Democrat,NA
Female,White/Caucasian,"40,000 – 49,999",4-year College Degree,Democrat,NA,NA,Strong Democrat,63,NA,NA,NA,NA,NA,NA,NA,NA,NA,NA,NA,NA,NA,,,NA,NA,NA,NA,NA,NA,NA,NA,NA,NA,NA,NA,NA,NA,NA,NA,NA,NA,NA,NA,NA,NA,NA,NA,NA,NA,NA,NA,NA,1,2,1,2,NA,NA,NA
NA,NA,NA,NA,NA,NA,NA,NA,NA,NA,NA,NA,NA,NA,NA,NA,NA,NA,NA,NA,NA,NA,,,NA,NA,NA,NA,NA,NA,NA,NA,NA,NA,NA,NA,NA,NA,NA,NA,NA,NA,NA,NA,NA,NA,NA,NA,NA,NA,NA,NA,NA,2,2,2,4,NA,NA,NA
Female,Other,"40,000 – 49,999",High School / GED,Democrat,NA,NA,Strong Democrat,46,NA,NA,NA,TRUE,FALSE,TRUE,TRUE,TRUE,FALSE,FALSE,FALSE,FALSE,FALSE,73,74,Neither agree nor disagree,Somewhat disagree,Neither agree nor disagree,No,No,3,1- Very unlike me,3,4,3,1- Very unlike me,3,1- Very unlike me,1- Very unlike me,1- Very unlike me,1- Very unlike me,1- Very unlike me,1- Very unlike me,NA,NA,NA,NA,NA,NA,NA,NA,Oregon,1 - 3 days in jail,Neither support nor oppose,2,1,2,1,Republican,Democrat,vandalism
Female,Asian,"Less than 30,000",Less than High School,Other,Republican Party,NA,NA,Under 18,NA,NA,NA,NA,NA,NA,NA,NA,NA,NA,NA,NA,NA,,,NA,NA,NA,NA,NA,NA,NA,NA,NA,NA,NA,NA,NA,NA,NA,NA,NA,NA,NA,NA,NA,NA,NA,NA,NA,NA,NA,NA,NA,1,1,2,2,NA,NA,NA
Female,White/Caucasian,"40,000 – 49,999",High School / GED,Democrat,NA,NA,Not a strong Democrat,58,No,No,Yes,FALSE,TRUE,TRUE,TRUE,TRUE,FALSE,FALSE,FALSE,TRUE,FALSE,80,32,Neither agree nor disagree,Somewhat disagree,Neither agree nor disagree,No,No,1 - Not at all,2,4,4,1- Very unlike me,4,4,1- Very unlike me,1- Very unlike me,1- Very unlike me,3,5- Very like me,5- Very like me,NA,NA,NA,NA,Oregon,Neither support nor oppose,Unjustified,Yes,NA,NA,NA,1,2,2,1,Republican,Democrat,NA
Male,White/Caucasian,"30,000 – 39,999",4-year College Degree,Democrat,NA,NA,Strong Democrat,23,NA,NA,NA,TRUE,TRUE,FALSE,TRUE,TRUE,TRUE,FALSE,TRUE,FALSE,FALSE,71,65,Neither agree nor disagree,Neither agree nor disagree,Neither agree nor disagree,No,Yes,4,3,3,3,3,2,2,3,2,2,2,3,2,NA,NA,NA,NA,NA,NA,NA,NA,Alaska,1 - 3 days in jail,Neither support nor oppose,2,1,2,4,Republican,Democrat,arson
Female,White/Caucasian,"50,000 – 59,999",2-year College Degree,Democrat,NA,NA,Strong Democrat,25,Yes,Yes,Yes,FALSE,TRUE,TRUE,TRUE,TRUE,FALSE,FALSE,FALSE,FALSE,FALSE,100,0,Neither agree nor disagree,Strongly agree,Neither agree nor disagree,No,No,1 - Not at all,1- Very unlike me,2,1- Very unlike me,1- Very unlike me,1- Very unlike me,1- Very unlike me,1- Very unlike me,1- Very unlike me,3,1- Very unlike me,1- Very unlike me,1- Very unlike me,Florida,Strongly oppose,Unjustified,Yes,NA,NA,NA,NA,NA,NA,NA,1,1,1,1,Republican,Democrat,NA
Male,Native American,"30,000 – 39,999",Masters Degree,Republican,NA,Strong Republican,NA,30,NA,NA,NA,FALSE,TRUE,TRUE,FALSE,TRUE,FALSE,TRUE,FALSE,TRUE,FALSE,83,84,Somewhat agree,Strongly agree,Strongly agree,Yes,Yes,4,3,2,3,4,4,4,2,3,4,5- Very like me,3,3,NA,NA,NA,NA,Idaho,Strongly support,Justified,Yes,NA,NA,NA,1,2,2,4,Democrat,Republican,NA
Male,African American,"100,000 or more",4-year College Degree,Democrat,NA,NA,Strong Democrat,33,Yes,Yes,Yes,FALSE,FALSE,FALSE,TRUE,FALSE,TRUE,TRUE,TRUE,TRUE,TRUE,99,0,Strongly agree,Strongly agree,Somewhat agree,No,No,1 - Not at all,1- Very unlike me,2,3,2,1- Very unlike me,3,2,1- Very unlike me,2,2,2,1- Very unlike me,NA,NA,NA,NA,NA,NA,NA,NA,Oregon,11 - 15 years in prison,Strongly oppose,2,2,1,1,Republican,Democrat,assault with a deadly weapon
Male,African American,"70,000 – 79,999",Masters Degree,Republican,NA,Strong Republican,NA,35,NA,NA,NA,TRUE,TRUE,FALSE,TRUE,TRUE,FALSE,TRUE,TRUE,TRUE,FALSE,66,41,Strongly agree,Somewhat agree,Somewhat agree,Yes,No,2,3,2,4,2,3,2,1- Very unlike me,3,2,3,3,2,NA,NA,NA,NA,NA,NA,NA,NA,Florida,Community service,Oppose,2,1,1,1,Democrat,Republican,protesting without a permit
Male,White/Caucasian,"Less than 30,000",High School / GED,Republican,NA,Strong Republican,NA,27,NA,NA,NA,TRUE,TRUE,TRUE,TRUE,TRUE,TRUE,TRUE,TRUE,TRUE,TRUE,78,78,Strongly agree,Strongly agree,Strongly agree,Yes,Yes,2,1- Very unlike me,2,1- Very unlike me,2,1- Very unlike me,1- Very unlike me,2,3,1- Very unlike me,2,3,4,NA,NA,NA,NA,NA,NA,NA,NA,Alaska,Community service,Strongly support,2,1,1,4,Democrat,Republican,assault with a deadly weapon
Female,White/Caucasian,"50,000 – 59,999",4-year College Degree,Democrat,NA,NA,Strong Democrat,38,Yes,No,Yes,TRUE,TRUE,TRUE,TRUE,FALSE,FALSE,FALSE,TRUE,TRUE,TRUE,68,76,Somewhat agree,Somewhat agree,Strongly agree,Yes,Yes,4,3,3,4,3,3,4,3,4,4,4,3,4,NA,NA,NA,NA,NA,NA,NA,NA,Louisiana,7 months to 1 year in jail,Support,2,2,2,1,Republican,Democrat,vandalism
Female,Other,"Less than 30,000",High School / GED,Democrat,NA,NA,Not a strong Democrat,28,NA,NA,NA,NA,NA,NA,NA,NA,NA,NA,NA,NA,NA,,,NA,NA,NA,NA,NA,NA,NA,NA,NA,NA,NA,NA,NA,NA,NA,NA,NA,NA,NA,NA,NA,NA,NA,NA,NA,NA,NA,NA,NA,1,2,1,2,NA,NA,NA
Female,White/Caucasian,"100,000 or more",Some College,Republican,NA,Strong Republican,NA,53,No,No,No,TRUE,TRUE,TRUE,FALSE,FALSE,FALSE,FALSE,FALSE,FALSE,FALSE,100,100,Neither agree nor disagree,Neither agree nor disagree,Strongly disagree,No,No,1 - Not at all,1- Very unlike me,1- Very unlike me,5- Very like me,1- Very unlike me,1- Very unlike me,1- Very unlike me,1- Very unlike me,1- Very unlike me,1- Very unlike me,5- Very like me,3,1- Very unlike me,Florida,Strongly oppose,Unjustified,Yes,NA,NA,NA,NA,NA,NA,NA,1,2,1,1,Democrat,Republican,NA
Female,Other,"40,000 – 49,999",Some College,Democrat,NA,NA,Not a strong Democrat,23,Yes,Yes,Yes,TRUE,TRUE,TRUE,TRUE,TRUE,TRUE,FALSE,TRUE,TRUE,FALSE,99,15,Neither agree nor disagree,Neither agree nor disagree,Neither agree nor disagree,No,No,1 - Not at all,1- Very unlike me,2,2,1- Very unlike me,1- Very unlike me,2,1- Very unlike me,1- Very unlike me,1- Very unlike me,1- Very unlike me,3,2,NA,NA,NA,NA,NA,NA,NA,NA,Alaska,2 - 5 years in prison,Oppose,2,1,2,1,Republican,Democrat,assault with a deadly weapon
Female,Other,"Less than 30,000",High School / GED,Democrat,NA,NA,Not a strong Democrat,20,No,No,No,TRUE,TRUE,TRUE,FALSE,FALSE,FALSE,FALSE,FALSE,TRUE,FALSE,88,19,Somewhat agree,Somewhat agree,Neither agree nor disagree,No,No,2,2,3,3,3,3,3,3,3,3,3,3,3,NA,NA,NA,NA,Washington,Oppose,Unjustified,Yes,NA,NA,NA,1,1,2,1,Republican,Democrat,NA
Female,White/Caucasian,"30,000 – 39,999",High School / GED,Democrat,NA,NA,Strong Democrat,26,No,No,Yes,FALSE,TRUE,TRUE,TRUE,FALSE,TRUE,TRUE,TRUE,TRUE,FALSE,97,0,Somewhat agree,Somewhat agree,Neither agree nor disagree,No,No,3,4,3,3,4,3,3,3,4,3,4,3,4,NA,NA,NA,NA,NA,NA,NA,NA,California,2 - 3 months in jail,Support,2,2,1,1,Republican,Democrat,protesting without a permit
Male,White/Caucasian,"30,000 – 39,999",4-year College Degree,Democrat,NA,NA,Not a strong Democrat,24,NA,NA,NA,TRUE,FALSE,FALSE,TRUE,TRUE,TRUE,FALSE,TRUE,TRUE,FALSE,81,12,Somewhat agree,Somewhat agree,Somewhat agree,No,Yes,3,4,2,3,3,2,2,2,2,2,3,2,2,NA,NA,NA,NA,Arizona,Oppose,Unjustified,Yes,NA,NA,NA,1,1,2,1,Republican,Democrat,NA
Male,White/Caucasian,"100,000 or more",Masters Degree,Republican,NA,Not a strong Republican,NA,45,No,No,No,FALSE,FALSE,TRUE,TRUE,TRUE,FALSE,FALSE,FALSE,TRUE,FALSE,11,62,Neither agree nor disagree,Strongly disagree,Neither agree nor disagree,No,No,1 - Not at all,2,3,1- Very unlike me,1- Very unlike me,3,1- Very unlike me,1- Very unlike me,1- Very unlike me,2,2,3,1- Very unlike me,NA,NA,NA,NA,NA,NA,NA,NA,Oregon,1 - 3 days in jail,Strongly oppose,2,2,2,1,Democrat,Republican,assault
Male,African American,"50,000 – 59,999",4-year College Degree,Democrat,NA,NA,Strong Democrat,25,NA,NA,NA,TRUE,TRUE,TRUE,TRUE,TRUE,FALSE,FALSE,TRUE,FALSE,FALSE,100,95,Somewhat agree,Neither agree nor disagree,Somewhat disagree,Yes,No,1 - Not at all,3,3,3,3,3,3,2,3,4,2,2,4,NA,NA,NA,NA,NA,NA,NA,NA,California,1 - 3 days in jail,NA,2,1,1,1,Republican,Democrat,assault
Male,White/Caucasian,"90,000 – 99,999",4-year College Degree,Independent,Democratic Party,NA,NA,28,No,Yes,Yes,FALSE,TRUE,TRUE,FALSE,TRUE,FALSE,FALSE,FALSE,TRUE,TRUE,60,0,Neither agree nor disagree,Somewhat agree,Neither agree nor disagree,No,No,1 - Not at all,4,3,3,1- Very unlike me,1- Very unlike me,1- Very unlike me,1- Very unlike me,1- Very unlike me,1- Very unlike me,1- Very unlike me,1- Very unlike me,1- Very unlike me,NA,NA,NA,NA,Oregon,Strongly support,Unjustified,Yes,NA,NA,NA,1,1,2,1,Republican,Democrat,NA
Male,White/Caucasian,"40,000 – 49,999",4-year College Degree,Democrat,NA,NA,Strong Democrat,44,Yes,No,Yes,FALSE,TRUE,TRUE,TRUE,TRUE,TRUE,TRUE,TRUE,FALSE,TRUE,100,100,Neither agree nor disagree,Strongly agree,Strongly agree,Yes,Yes,3,5- Very like me,5- Very like me,1- Very unlike me,4,1- Very unlike me,1- Very unlike me,2,5- Very like me,3,2,3,3,Florida,Strongly support,Justified,Yes,NA,NA,NA,NA,NA,NA,NA,1,2,1,1,Republican,Democrat,NA
Female,White/Caucasian,"Less than 30,000",High School / GED,Democrat,NA,NA,Not a strong Democrat,19,NA,NA,NA,NA,NA,NA,NA,NA,NA,NA,NA,NA,NA,,,NA,NA,NA,NA,NA,NA,NA,NA,NA,NA,NA,NA,NA,NA,NA,NA,NA,NA,NA,NA,NA,NA,NA,NA,NA,NA,NA,NA,NA,1,1,1,2,NA,NA,NA
Female,White/Caucasian,"80,000 – 89,999",4-year College Degree,Democrat,NA,NA,Strong Democrat,39,No,No,Yes,FALSE,TRUE,TRUE,TRUE,TRUE,TRUE,TRUE,TRUE,TRUE,TRUE,84,18,Somewhat agree,Strongly disagree,Neither agree nor disagree,No,No,1 - Not at all,4,3,4,3,3,4,1- Very unlike me,2,1- Very unlike me,1- Very unlike me,3,2,NA,NA,NA,NA,NA,NA,NA,NA,Alaska,More than 20 years in prison,Strongly oppose,2,1,2,1,Republican,Democrat,murder
Female,Asian,"40,000 – 49,999",4-year College Degree,Democrat,NA,NA,Strong Democrat,38,NA,NA,NA,NA,NA,NA,NA,NA,NA,NA,NA,NA,NA,,,NA,NA,NA,NA,NA,NA,NA,NA,NA,NA,NA,NA,NA,NA,NA,NA,NA,NA,NA,NA,NA,NA,NA,NA,NA,NA,NA,NA,NA,2,2,2,2,NA,NA,NA
Male,White/Caucasian,"Less than 30,000",High School / GED,Independent,Neither,NA,NA,NA,NA,NA,NA,NA,NA,NA,NA,NA,NA,NA,NA,NA,NA,,,NA,NA,NA,NA,NA,NA,NA,NA,NA,NA,NA,NA,NA,NA,NA,NA,NA,NA,NA,NA,NA,NA,NA,NA,NA,NA,NA,NA,NA,2,1,2,2,NA,NA,NA
Male,Other,"70,000 – 79,999",High School / GED,Democrat,NA,NA,Not a strong Democrat,21,Yes,Yes,Yes,TRUE,TRUE,TRUE,FALSE,TRUE,FALSE,FALSE,TRUE,TRUE,FALSE,85,85,Somewhat agree,Strongly disagree,Neither agree nor disagree,Yes,No,4,3,5- Very like me,2,4,1- Very unlike me,5- Very like me,3,5- Very like me,2,5- Very like me,4,3,NA,NA,NA,NA,NA,NA,NA,NA,Washington,2 - 3 months in jail,Strongly support,2,1,1,4,Republican,Democrat,murder
Female,White/Caucasian,"50,000 – 59,999",High School / GED,Republican,NA,Strong Republican,NA,50,No,No,Yes,FALSE,TRUE,TRUE,FALSE,TRUE,TRUE,TRUE,TRUE,TRUE,FALSE,41,40,Neither agree nor disagree,Strongly disagree,Somewhat disagree,No,No,1 - Not at all,2,2,1- Very unlike me,1- Very unlike me,1- Very unlike me,2,3,1- Very unlike me,2,3,3,2,NA,NA,NA,NA,Oregon,Neither support nor oppose,Unjustified,Yes,NA,NA,NA,1,1,2,1,Democrat,Republican,NA
Male,Asian,"80,000 – 89,999",Masters Degree,Democrat,NA,NA,Strong Democrat,25,No,Yes,Yes,TRUE,TRUE,TRUE,FALSE,TRUE,FALSE,FALSE,FALSE,TRUE,TRUE,100,0,Strongly disagree,Strongly agree,Strongly agree,Yes,No,1 - Not at all,1- Very unlike me,3,3,1- Very unlike me,5- Very like me,5- Very like me,5- Very like me,3,3,4,3,4,NA,NA,NA,NA,NA,NA,NA,NA,Oregon,Community service,Strongly support,2,1,1,1,Republican,Democrat,vandalism
Female,White/Caucasian,"60,000 – 69,999",Some College,Democrat,NA,NA,Strong Democrat,64,No,No,Yes,FALSE,TRUE,TRUE,TRUE,TRUE,TRUE,FALSE,TRUE,FALSE,TRUE,54,5,Strongly agree,Somewhat agree,Neither agree nor disagree,No,No,1 - Not at all,5- Very like me,3,4,2,2,1- Very unlike me,1- Very unlike me,4,3,3,4,3,Florida,Strongly oppose,Unjustified,Yes,NA,NA,NA,NA,NA,NA,NA,1,1,1,1,Republican,Democrat,NA
Male,African American,"30,000 – 39,999",Masters Degree,Republican,NA,Strong Republican,NA,30,NA,NA,NA,FALSE,FALSE,FALSE,FALSE,TRUE,FALSE,FALSE,TRUE,TRUE,FALSE,0,85,Strongly agree,Strongly agree,Somewhat agree,No,Yes,4,2,2,2,3,2,2,3,3,3,3,1- Very unlike me,2,Georgia,Strongly support,Justified,Yes,NA,NA,NA,NA,NA,NA,NA,1,2,1,4,Democrat,Republican,NA
Male,White/Caucasian,"100,000 or more",4-year College Degree,Democrat,NA,NA,Strong Democrat,34,No,No,Yes,TRUE,TRUE,TRUE,TRUE,TRUE,TRUE,FALSE,FALSE,FALSE,FALSE,100,20,Strongly agree,Strongly disagree,Somewhat disagree,No,No,1 - Not at all,1- Very unlike me,1- Very unlike me,4,4,1- Very unlike me,1- Very unlike me,2,1- Very unlike me,1- Very unlike me,1- Very unlike me,1- Very unlike me,1- Very unlike me,NA,NA,NA,NA,Oregon,Strongly oppose,Unjustified,Yes,NA,NA,NA,1,1,2,1,Republican,Democrat,NA
Female,African American,"60,000 – 69,999",2-year College Degree,Democrat,NA,NA,Strong Democrat,29,Yes,No,Yes,FALSE,TRUE,FALSE,TRUE,TRUE,TRUE,TRUE,TRUE,TRUE,FALSE,60,40,Somewhat agree,Somewhat agree,Strongly agree,No,No,4,1- Very unlike me,5- Very like me,5- Very like me,4,3,5- Very like me,5- Very like me,1- Very unlike me,4,5- Very like me,5- Very like me,5- Very like me,NA,NA,NA,NA,Oregon,Neither support nor oppose,Unjustified,Yes,NA,NA,NA,1,2,2,1,Republican,Democrat,NA
Female,White/Caucasian,"90,000 – 99,999","Professional Degree (JD, MD)",Democrat,NA,NA,Strong Democrat,23,Yes,Yes,No,FALSE,TRUE,TRUE,TRUE,TRUE,TRUE,FALSE,FALSE,TRUE,FALSE,85,30,Somewhat agree,Neither agree nor disagree,Somewhat disagree,No,No,3,1- Very unlike me,2,1- Very unlike me,1- Very unlike me,1- Very unlike me,1- Very unlike me,1- Very unlike me,1- Very unlike me,1- Very unlike me,1- Very unlike me,2,1- Very unlike me,NA,NA,NA,NA,NA,NA,NA,NA,Alaska,2 - 3 months in jail,Neither support nor oppose,2,1,2,1,Republican,Democrat,vandalism
Male,White/Caucasian,"60,000 – 69,999",4-year College Degree,Republican,NA,Strong Republican,NA,34,Yes,No,Yes,FALSE,TRUE,FALSE,TRUE,FALSE,TRUE,TRUE,TRUE,TRUE,TRUE,53,100,Strongly agree,Strongly disagree,Strongly disagree,Yes,Yes,5 - A great deal,5- Very like me,5- Very like me,5- Very like me,1- Very unlike me,1- Very unlike me,5- Very like me,5- Very like me,5- Very like me,5- Very like me,1- Very unlike me,5- Very like me,1- Very unlike me,Florida,Strongly oppose,Unjustified,Yes,NA,NA,NA,NA,NA,NA,NA,1,1,1,1,Democrat,Republican,NA
Male,African American,"90,000 – 99,999",Some College,Democrat,NA,NA,Strong Democrat,40,No,No,Yes,TRUE,TRUE,TRUE,TRUE,TRUE,FALSE,FALSE,TRUE,FALSE,FALSE,65,69,Somewhat agree,Neither agree nor disagree,Somewhat agree,No,Yes,3,2,3,3,3,4,3,3,2,4,4,3,3,NA,NA,NA,NA,NA,NA,NA,NA,Florida,2 - 3 months in jail,Neither support nor oppose,2,1,2,1,Republican,Democrat,arson
Female,White/Caucasian,"70,000 – 79,999",Masters Degree,Democrat,NA,NA,Strong Democrat,35,NA,NA,NA,TRUE,TRUE,TRUE,TRUE,TRUE,FALSE,FALSE,FALSE,FALSE,FALSE,0,33,Strongly agree,Strongly agree,Strongly disagree,No,No,3,3,3,3,3,3,3,3,3,3,2,5- Very like me,5- Very like me,Florida,Oppose,Justified,Yes,NA,NA,NA,NA,NA,NA,NA,1,1,1,1,Republican,Democrat,NA
Female,African American,"40,000 – 49,999",High School / GED,Democrat,NA,NA,Not a strong Democrat,19,No,Yes,Yes,FALSE,FALSE,FALSE,FALSE,FALSE,TRUE,TRUE,TRUE,TRUE,TRUE,81,0,Somewhat agree,Neither agree nor disagree,Strongly agree,No,No,4,5- Very like me,5- Very like me,5- Very like me,5- Very like me,5- Very like me,4,5- Very like me,5- Very like me,3,5- Very like me,5- Very like me,4,NA,NA,NA,NA,NA,NA,NA,NA,Oregon,4 - 6 months in jail,Neither support nor oppose,2,1,2,1,Republican,Democrat,assault with a deadly weapon
Female,African American,"100,000 or more",2-year College Degree,Republican,NA,Strong Republican,NA,36,NA,NA,NA,FALSE,TRUE,TRUE,TRUE,FALSE,FALSE,FALSE,TRUE,FALSE,TRUE,87,80,Strongly agree,Strongly agree,Strongly agree,Yes,Yes,2,1- Very unlike me,5- Very like me,1- Very unlike me,1- Very unlike me,5- Very like me,5- Very like me,5- Very like me,1- Very unlike me,1- Very unlike me,1- Very unlike me,1- Very unlike me,1- Very unlike me,Florida,Support,Justified,Yes,NA,NA,NA,NA,NA,NA,NA,1,1,1,1,Democrat,Republican,NA
Female,White/Caucasian,"50,000 – 59,999",High School / GED,Democrat,NA,NA,Strong Democrat,29,No,Yes,Yes,FALSE,FALSE,TRUE,TRUE,TRUE,TRUE,TRUE,TRUE,TRUE,TRUE,100,3,Strongly agree,Strongly disagree,Somewhat agree,No,Yes,1 - Not at all,5- Very like me,3,5- Very like me,5- Very like me,5- Very like me,3,5- Very like me,5- Very like me,5- Very like me,2,4,3,Florida,Strongly oppose,Unjustified,Yes,NA,NA,NA,NA,NA,NA,NA,1,1,1,1,Republican,Democrat,NA
Male,White/Caucasian,"100,000 or more","Professional Degree (JD, MD)",Republican,NA,Strong Republican,NA,35,Yes,Yes,Yes,TRUE,TRUE,FALSE,TRUE,TRUE,FALSE,FALSE,FALSE,FALSE,FALSE,79,94,Somewhat disagree,Strongly disagree,Somewhat disagree,No,No,1 - Not at all,1- Very unlike me,2,3,1- Very unlike me,1- Very unlike me,2,1- Very unlike me,1- Very unlike me,1- Very unlike me,1- Very unlike me,1- Very unlike me,1- Very unlike me,Florida,Strongly oppose,Unjustified,Yes,NA,NA,NA,NA,NA,NA,NA,1,1,1,1,Democrat,Republican,NA
Female,White/Caucasian,"100,000 or more","Professional Degree (JD, MD)",Republican,NA,Not a strong Republican,NA,32,NA,NA,NA,NA,NA,NA,NA,NA,NA,NA,NA,NA,NA,,,NA,NA,NA,NA,NA,NA,NA,NA,NA,NA,NA,NA,NA,NA,NA,NA,NA,NA,NA,NA,NA,NA,NA,NA,NA,NA,NA,NA,NA,2,2,2,2,NA,NA,NA
Female,African American,"50,000 – 59,999",Some College,Democrat,NA,NA,Strong Democrat,20,No,No,No,TRUE,TRUE,FALSE,TRUE,TRUE,TRUE,FALSE,FALSE,FALSE,TRUE,81,29,Somewhat agree,Somewhat disagree,Somewhat agree,Yes,No,3,4,3,5- Very like me,1- Very unlike me,2,3,4,5- Very like me,1- Very unlike me,2,3,4,NA,NA,NA,NA,NA,NA,NA,NA,California,1 - 3 days in jail,Support,2,1,2,1,Republican,Democrat,assault with a deadly weapon
Male,Asian,"50,000 – 59,999",4-year College Degree,Democrat,NA,NA,Not a strong Democrat,24,No,No,Yes,FALSE,TRUE,TRUE,TRUE,TRUE,TRUE,TRUE,TRUE,TRUE,FALSE,54,50,Neither agree nor disagree,Neither agree nor disagree,Neither agree nor disagree,No,No,2,3,2,4,2,3,3,2,2,3,2,2,2,NA,NA,NA,NA,NA,NA,NA,NA,Oregon,4 - 30 days in jail,Oppose,2,2,2,1,Republican,Democrat,assault
Male,Other,"30,000 – 39,999",Some College,Democrat,NA,NA,Not a strong Democrat,30,Yes,No,Yes,TRUE,TRUE,FALSE,TRUE,FALSE,FALSE,FALSE,FALSE,TRUE,FALSE,86,41,Neither agree nor disagree,Neither agree nor disagree,Neither agree nor disagree,No,No,1 - Not at all,3,3,4,3,2,4,3,2,3,3,2,5- Very like me,NA,NA,NA,NA,NA,NA,NA,NA,California,4 - 30 days in jail,Neither support nor oppose,2,2,2,1,Republican,Democrat,assault
Female,White/Caucasian,"100,000 or more","Professional Degree (JD, MD)",Democrat,NA,NA,Strong Democrat,37,No,Yes,Yes,TRUE,FALSE,FALSE,TRUE,TRUE,TRUE,FALSE,TRUE,FALSE,FALSE,78,24,Somewhat agree,Neither agree nor disagree,Somewhat disagree,No,Yes,1 - Not at all,3,1- Very unlike me,2,4,3,2,1- Very unlike me,1- Very unlike me,1- Very unlike me,2,1- Very unlike me,1- Very unlike me,NA,NA,NA,NA,NA,NA,NA,NA,Louisiana,6 - 10 years in prison,Neither support nor oppose,2,2,2,1,Republican,Democrat,assault with a deadly weapon
Male,White/Caucasian,"100,000 or more",4-year College Degree,Republican,NA,Strong Republican,NA,40,No,No,Yes,FALSE,TRUE,TRUE,FALSE,TRUE,TRUE,TRUE,TRUE,TRUE,TRUE,10,80,Somewhat agree,Strongly disagree,Neither agree nor disagree,No,No,1 - Not at all,4,2,1- Very unlike me,1- Very unlike me,1- Very unlike me,1- Very unlike me,1- Very unlike me,1- Very unlike me,1- Very unlike me,1- Very unlike me,1- Very unlike me,1- Very unlike me,NA,NA,NA,NA,NA,NA,NA,NA,Oregon,Community service,Neither support nor oppose,2,1,2,1,Democrat,Republican,vandalism
Male,Asian,"30,000 – 39,999",High School / GED,Independent,Democratic Party,NA,NA,18,NA,NA,NA,TRUE,TRUE,TRUE,TRUE,TRUE,TRUE,FALSE,TRUE,TRUE,TRUE,65,66,Strongly agree,Somewhat agree,Somewhat agree,Yes,No,3,2,3,2,2,3,3,1- Very unlike me,3,3,4,2,1- Very unlike me,NA,NA,NA,NA,NA,NA,NA,NA,Washington,Community service,Support,2,1,2,1,Republican,Democrat,assault with a deadly weapon
Male,White/Caucasian,"50,000 – 59,999",High School / GED,Republican,NA,Strong Republican,NA,61,No,Yes,Yes,TRUE,TRUE,TRUE,TRUE,TRUE,FALSE,FALSE,FALSE,FALSE,FALSE,1,95,Neither agree nor disagree,Strongly agree,Neither agree nor disagree,No,No,4,3,3,2,3,1- Very unlike me,3,1- Very unlike me,1- Very unlike me,1- Very unlike me,1- Very unlike me,1- Very unlike me,1- Very unlike me,NA,NA,NA,NA,NA,NA,NA,NA,Oregon,Community service,Neither support nor oppose,2,1,1,1,Democrat,Republican,protesting without a permit
Female,White/Caucasian,"Less than 30,000",Some College,Republican,NA,Not a strong Republican,NA,54,No,No,Yes,FALSE,TRUE,TRUE,TRUE,TRUE,FALSE,FALSE,TRUE,FALSE,TRUE,0,50,Strongly disagree,Strongly disagree,Strongly disagree,No,No,1 - Not at all,1- Very unlike me,2,2,2,2,2,1- Very unlike me,1- Very unlike me,2,2,1- Very unlike me,1- Very unlike me,NA,NA,NA,NA,NA,NA,NA,NA,Oregon,More than 20 years in prison,Strongly oppose,2,2,2,1,Democrat,Republican,murder
Male,White/Caucasian,"70,000 – 79,999",Masters Degree,Democrat,NA,NA,Strong Democrat,30,NA,NA,NA,FALSE,FALSE,TRUE,FALSE,TRUE,TRUE,TRUE,TRUE,TRUE,FALSE,98,100,Strongly agree,Strongly agree,Somewhat agree,Yes,Yes,5 - A great deal,5- Very like me,5- Very like me,5- Very like me,5- Very like me,5- Very like me,5- Very like me,5- Very like me,5- Very like me,4,5- Very like me,5- Very like me,5- Very like me,NA,NA,NA,NA,NA,NA,NA,NA,Washington,2 - 5 years in prison,Strongly support,2,2,2,1,Republican,Democrat,vandalism
Female,White/Caucasian,"100,000 or more",4-year College Degree,Democrat,NA,NA,Not a strong Democrat,33,No,No,Yes,FALSE,FALSE,TRUE,FALSE,TRUE,TRUE,FALSE,TRUE,TRUE,TRUE,71,30,Neither agree nor disagree,Neither agree nor disagree,Neither agree nor disagree,No,Yes,1 - Not at all,4,2,2,3,2,2,3,1- Very unlike me,2,4,4,2,NA,NA,NA,NA,NA,NA,NA,NA,Florida,1 - 3 days in jail,Oppose,2,1,2,1,Republican,Democrat,assault
Male,African American,"Less than 30,000",Less than High School,Democrat,NA,NA,Strong Democrat,24,NA,NA,NA,FALSE,TRUE,FALSE,FALSE,FALSE,TRUE,FALSE,FALSE,TRUE,TRUE,76,72,Strongly agree,Strongly agree,Strongly agree,No,No,1 - Not at all,3,3,2,3,4,2,3,4,3,4,2,4,NA,NA,NA,NA,Nevada,Strongly support,Unjustified,No,NA,NA,NA,1,1,2,1,Republican,Democrat,NA
Female,White/Caucasian,"Less than 30,000",2-year College Degree,Other,Neither,NA,NA,NA,NA,NA,NA,NA,NA,NA,NA,NA,NA,NA,NA,NA,NA,,,NA,NA,NA,NA,NA,NA,NA,NA,NA,NA,NA,NA,NA,NA,NA,NA,NA,NA,NA,NA,NA,NA,NA,NA,NA,NA,NA,NA,NA,2,2,2,2,NA,NA,NA
Female,White/Caucasian,"40,000 – 49,999",Masters Degree,Democrat,NA,NA,Strong Democrat,31,Yes,Yes,Yes,FALSE,TRUE,TRUE,FALSE,TRUE,TRUE,FALSE,FALSE,TRUE,TRUE,85,79,Somewhat agree,Strongly agree,Somewhat agree,Yes,Yes,3,4,2,5- Very like me,3,4,4,3,5- Very like me,4,5- Very like me,3,3,NA,NA,NA,NA,Arizona,Neither support nor oppose,Justified,Yes,NA,NA,NA,1,1,2,1,Republican,Democrat,NA
Male,Other,"30,000 – 39,999",Some College,Republican,NA,Strong Republican,NA,23,NA,NA,NA,FALSE,FALSE,TRUE,TRUE,FALSE,TRUE,TRUE,TRUE,FALSE,TRUE,28,71,Strongly agree,Strongly agree,Strongly agree,No,No,1 - Not at all,1- Very unlike me,2,3,4,5- Very like me,1- Very unlike me,2,3,4,5- Very like me,1- Very unlike me,1- Very unlike me,NA,NA,NA,NA,Washington,Neither support nor oppose,Unjustified,Yes,NA,NA,NA,1,1,2,1,Democrat,Republican,NA
Male,African American,"80,000 – 89,999",2-year College Degree,Republican,NA,Strong Republican,NA,34,No,No,No,FALSE,TRUE,TRUE,TRUE,TRUE,FALSE,TRUE,TRUE,FALSE,FALSE,0,90,Somewhat agree,Somewhat agree,Somewhat agree,No,No,2,4,4,1- Very unlike me,2,2,3,2,5- Very like me,1- Very unlike me,3,2,2,NA,NA,NA,NA,Arizona,Neither support nor oppose,Unjustified,No,NA,NA,NA,1,1,2,1,Democrat,Republican,NA
Female,White/Caucasian,"80,000 – 89,999",2-year College Degree,Republican,NA,Not a strong Republican,NA,34,No,No,Yes,FALSE,TRUE,TRUE,TRUE,TRUE,TRUE,TRUE,FALSE,TRUE,TRUE,70,90,Neither agree nor disagree,Strongly disagree,Neither agree nor disagree,No,No,1 - Not at all,1- Very unlike me,4,2,1- Very unlike me,3,3,4,2,3,3,4,2,Florida,Strongly oppose,Unjustified,Yes,NA,NA,NA,NA,NA,NA,NA,1,2,1,1,Democrat,Republican,NA
Male,White/Caucasian,"100,000 or more",Masters Degree,Democrat,NA,NA,Strong Democrat,45,Yes,Yes,Yes,TRUE,TRUE,TRUE,FALSE,TRUE,TRUE,FALSE,TRUE,TRUE,FALSE,86,95,Strongly agree,Somewhat disagree,Strongly agree,Yes,Yes,5 - A great deal,4,5- Very like me,4,5- Very like me,3,5- Very like me,4,4,5- Very like me,5- Very like me,4,4,NA,NA,NA,NA,NA,NA,NA,NA,Oregon,4 - 6 months in jail,Strongly oppose,2,2,2,1,Republican,Democrat,arson
Male,Native American,"70,000 – 79,999",Masters Degree,Republican,NA,Strong Republican,NA,27,Yes,Yes,Yes,FALSE,TRUE,TRUE,TRUE,TRUE,TRUE,TRUE,TRUE,FALSE,TRUE,100,100,Strongly agree,Strongly agree,Strongly agree,Yes,Yes,5 - A great deal,5- Very like me,4,5- Very like me,5- Very like me,5- Very like me,5- Very like me,5- Very like me,5- Very like me,5- Very like me,5- Very like me,5- Very like me,5- Very like me,NA,NA,NA,NA,Washington,Strongly support,Justified,Yes,NA,NA,NA,1,1,2,1,Democrat,Republican,NA
Female,White/Caucasian,"100,000 or more",Less than High School,Democrat,NA,NA,Strong Democrat,Under 18,NA,NA,NA,NA,NA,NA,NA,NA,NA,NA,NA,NA,NA,,,NA,NA,NA,NA,NA,NA,NA,NA,NA,NA,NA,NA,NA,NA,NA,NA,NA,NA,NA,NA,NA,NA,NA,NA,NA,NA,NA,NA,NA,2,1,2,2,NA,NA,NA
Male,White/Caucasian,"70,000 – 79,999",Masters Degree,Democrat,NA,NA,Strong Democrat,30,Yes,Yes,Yes,TRUE,TRUE,TRUE,TRUE,TRUE,TRUE,TRUE,TRUE,TRUE,TRUE,100,100,Strongly agree,Strongly agree,Strongly agree,Yes,Yes,1 - Not at all,5- Very like me,5- Very like me,5- Very like me,5- Very like me,5- Very like me,5- Very like me,5- Very like me,5- Very like me,5- Very like me,5- Very like me,5- Very like me,5- Very like me,NA,NA,NA,NA,Arizona,Strongly support,Justified,Yes,NA,NA,NA,1,2,2,1,Republican,Democrat,NA
Male,White/Caucasian,"90,000 – 99,999",4-year College Degree,Democrat,NA,NA,Strong Democrat,54,NA,NA,NA,FALSE,TRUE,FALSE,TRUE,TRUE,TRUE,FALSE,FALSE,FALSE,TRUE,99,100,Strongly agree,Neither agree nor disagree,Neither agree nor disagree,No,No,1 - Not at all,1- Very unlike me,1- Very unlike me,3,1- Very unlike me,1- Very unlike me,1- Very unlike me,2,3,3,1- Very unlike me,5- Very like me,1- Very unlike me,NA,NA,NA,NA,NA,NA,NA,NA,California,6 - 10 years in prison,Strongly oppose,2,1,2,1,Republican,Democrat,assault with a deadly weapon
Female,White/Caucasian,"80,000 – 89,999",4-year College Degree,Republican,NA,Strong Republican,NA,31,Yes,No,Yes,FALSE,FALSE,FALSE,TRUE,TRUE,TRUE,FALSE,TRUE,FALSE,TRUE,90,91,Strongly agree,Somewhat disagree,Strongly agree,No,Yes,4,5- Very like me,2,4,2,4,2,3,5- Very like me,1- Very unlike me,1- Very unlike me,2,3,Florida,Strongly oppose,Unjustified,Yes,NA,NA,NA,NA,NA,NA,NA,1,2,1,1,Democrat,Republican,NA
Male,White/Caucasian,"100,000 or more",Masters Degree,Democrat,NA,NA,Strong Democrat,35,Yes,Yes,Yes,FALSE,TRUE,TRUE,TRUE,TRUE,TRUE,TRUE,TRUE,TRUE,TRUE,95,82,Strongly agree,Strongly disagree,Strongly disagree,No,No,5 - A great deal,5- Very like me,5- Very like me,5- Very like me,4,4,4,4,4,4,5- Very like me,4,4,NA,NA,NA,NA,NA,NA,NA,NA,Washington,11 - 15 years in prison,Strongly support,2,2,1,1,Republican,Democrat,arson
Male,Other,"80,000 – 89,999",Some College,Independent,Neither,NA,NA,NA,NA,NA,NA,NA,NA,NA,NA,NA,NA,NA,NA,NA,NA,,,NA,NA,NA,NA,NA,NA,NA,NA,NA,NA,NA,NA,NA,NA,NA,NA,NA,NA,NA,NA,NA,NA,NA,NA,NA,NA,NA,NA,NA,2,1,2,2,NA,NA,NA
Male,White/Caucasian,"90,000 – 99,999",Masters Degree,Democrat,NA,NA,Strong Democrat,30,NA,NA,NA,TRUE,FALSE,TRUE,FALSE,TRUE,TRUE,TRUE,TRUE,TRUE,TRUE,100,99,Strongly agree,Strongly agree,Strongly agree,Yes,Yes,4,5- Very like me,5- Very like me,5- Very like me,5- Very like me,4,5- Very like me,5- Very like me,4,5- Very like me,4,5- Very like me,4,NA,NA,NA,NA,NA,NA,NA,NA,Washington,2 - 5 years in prison,Strongly support,2,1,2,1,Republican,Democrat,vandalism
Male,White/Caucasian,"90,000 – 99,999",Masters Degree,Democrat,NA,NA,Strong Democrat,30,NA,NA,NA,TRUE,TRUE,TRUE,FALSE,TRUE,TRUE,TRUE,TRUE,FALSE,FALSE,100,100,Strongly agree,Strongly agree,Strongly agree,Yes,Yes,4,5- Very like me,5- Very like me,5- Very like me,5- Very like me,5- Very like me,5- Very like me,5- Very like me,5- Very like me,4,5- Very like me,5- Very like me,5- Very like me,NA,NA,NA,NA,NA,NA,NA,NA,Washington,2 - 5 years in prison,Strongly support,2,1,1,1,Republican,Democrat,murder
Male,White/Caucasian,"80,000 – 89,999",4-year College Degree,Democrat,NA,NA,Not a strong Democrat,31,No,No,Yes,TRUE,FALSE,TRUE,TRUE,TRUE,FALSE,FALSE,TRUE,TRUE,FALSE,50,50,Neither agree nor disagree,Neither agree nor disagree,Neither agree nor disagree,No,No,3,4,4,3,4,3,4,4,3,3,4,4,3,Florida,Strongly oppose,Unjustified,Yes,NA,NA,NA,NA,NA,NA,NA,1,1,1,1,Republican,Democrat,NA
Female,Other,"40,000 – 49,999",4-year College Degree,Republican,NA,Strong Republican,NA,29,No,No,Yes,FALSE,TRUE,TRUE,TRUE,TRUE,FALSE,FALSE,FALSE,FALSE,FALSE,0,100,Neither agree nor disagree,Somewhat disagree,Neither agree nor disagree,No,No,1 - Not at all,2,4,3,1- Very unlike me,2,3,1- Very unlike me,1- Very unlike me,2,1- Very unlike me,1- Very unlike me,1- Very unlike me,NA,NA,NA,NA,Oregon,Strongly oppose,Unjustified,Yes,NA,NA,NA,1,1,2,1,Democrat,Republican,NA
Female,White/Caucasian,"100,000 or more",Masters Degree,Democrat,NA,NA,Not a strong Democrat,36,No,No,Yes,FALSE,FALSE,TRUE,TRUE,TRUE,TRUE,FALSE,TRUE,TRUE,TRUE,89,8,Neither agree nor disagree,Strongly disagree,Neither agree nor disagree,No,No,2,2,2,1- Very unlike me,1- Very unlike me,2,1- Very unlike me,2,1- Very unlike me,1- Very unlike me,2,2,2,Florida,Strongly oppose,Unjustified,Yes,NA,NA,NA,NA,NA,NA,NA,1,1,1,1,Republican,Democrat,NA
Male,White/Caucasian,"100,000 or more",Masters Degree,Democrat,NA,NA,Strong Democrat,38,No,Yes,Yes,TRUE,TRUE,TRUE,TRUE,TRUE,TRUE,FALSE,TRUE,TRUE,FALSE,100,50,Strongly agree,Somewhat agree,Somewhat agree,No,No,1 - Not at all,1- Very unlike me,5- Very like me,3,3,5- Very like me,5- Very like me,1- Very unlike me,1- Very unlike me,5- Very like me,1- Very unlike me,5- Very like me,3,NA,NA,NA,NA,NA,NA,NA,NA,Oregon,Community service,Oppose,2,1,2,1,Republican,Democrat,assault with a deadly weapon
Female,Other,"90,000 – 99,999",4-year College Degree,Democrat,NA,NA,Strong Democrat,26,NA,NA,NA,TRUE,FALSE,TRUE,TRUE,TRUE,TRUE,FALSE,TRUE,TRUE,TRUE,100,58,Neither agree nor disagree,Somewhat disagree,Somewhat disagree,No,No,1 - Not at all,3,2,4,3,1- Very unlike me,3,3,1- Very unlike me,2,3,3,3,NA,NA,NA,NA,Oregon,Oppose,Unjustified,Yes,NA,NA,NA,1,2,2,1,Republican,Democrat,NA
Male,White/Caucasian,"80,000 – 89,999",Masters Degree,Republican,NA,Strong Republican,NA,30,No,Yes,Yes,TRUE,TRUE,FALSE,TRUE,TRUE,FALSE,TRUE,TRUE,TRUE,TRUE,86,89,Strongly agree,Strongly agree,Strongly agree,Yes,Yes,5 - A great deal,5- Very like me,5- Very like me,5- Very like me,5- Very like me,5- Very like me,5- Very like me,5- Very like me,5- Very like me,5- Very like me,5- Very like me,5- Very like me,5- Very like me,NA,NA,NA,NA,Washington,Strongly support,Justified,Yes,NA,NA,NA,1,2,2,1,Democrat,Republican,NA
Female,African American,"50,000 – 59,999",2-year College Degree,Republican,NA,Strong Republican,NA,36,NA,NA,NA,FALSE,FALSE,TRUE,TRUE,TRUE,TRUE,FALSE,FALSE,TRUE,TRUE,30,90,Somewhat agree,Strongly agree,Strongly agree,Yes,Yes,3,3,2,2,5- Very like me,1- Very unlike me,3,2,2,2,5- Very like me,2,1- Very unlike me,NA,NA,NA,NA,Washington,Support,Unjustified,Yes,NA,NA,NA,1,2,2,4,Democrat,Republican,NA
Male,White/Caucasian,"100,000 or more",Masters Degree,Democrat,NA,NA,Strong Democrat,40,NA,NA,NA,TRUE,TRUE,TRUE,TRUE,TRUE,FALSE,TRUE,TRUE,TRUE,TRUE,65,40,Somewhat agree,Neither agree nor disagree,Somewhat agree,Yes,Yes,2,3,3,2,3,4,3,2,3,2,4,2,2,NA,NA,NA,NA,Washington,Strongly support,Justified,Yes,NA,NA,NA,1,2,2,1,Republican,Democrat,NA
Female,White/Caucasian,"60,000 – 69,999",High School / GED,Democrat,NA,NA,Strong Democrat,24,NA,NA,NA,FALSE,FALSE,FALSE,FALSE,FALSE,TRUE,FALSE,TRUE,TRUE,TRUE,44,1,Somewhat agree,Strongly agree,Neither agree nor disagree,Yes,Yes,4,4,4,5- Very like me,1- Very unlike me,4,4,3,2,1- Very unlike me,2,4,3,NA,NA,NA,NA,NA,NA,NA,NA,Oregon,Community service,Strongly support,2,1,2,1,Republican,Democrat,protesting without a permit
Male,White/Caucasian,"70,000 – 79,999",Masters Degree,Democrat,NA,NA,Strong Democrat,30,No,No,Yes,TRUE,FALSE,TRUE,FALSE,TRUE,FALSE,TRUE,TRUE,TRUE,FALSE,78,71,Somewhat agree,Somewhat agree,Somewhat disagree,No,No,3,4,4,3,4,4,3,4,4,4,3,4,4,NA,NA,NA,NA,NA,NA,NA,NA,California,2 - 3 months in jail,Neither support nor oppose,2,1,2,1,Republican,Democrat,vandalism
Male,White/Caucasian,"100,000 or more","Professional Degree (JD, MD)",Democrat,NA,NA,Strong Democrat,34,Yes,Yes,Yes,FALSE,TRUE,TRUE,TRUE,TRUE,TRUE,TRUE,FALSE,FALSE,TRUE,91,96,Strongly agree,Somewhat agree,Strongly agree,Yes,Yes,5 - A great deal,5- Very like me,4,4,5- Very like me,4,5- Very like me,4,5- Very like me,4,5- Very like me,4,5- Very like me,NA,NA,NA,NA,NA,NA,NA,NA,California,16 - 20 years in prison,Strongly support,2,1,2,1,Republican,Democrat,arson
Male,White/Caucasian,"40,000 – 49,999",Masters Degree,Democrat,NA,NA,Strong Democrat,60,No,No,Yes,FALSE,TRUE,TRUE,TRUE,TRUE,FALSE,TRUE,TRUE,FALSE,TRUE,81,10,Somewhat agree,Somewhat agree,Somewhat agree,No,Yes,1 - Not at all,5- Very like me,5- Very like me,1- Very unlike me,5- Very like me,5- Very like me,2,4,1- Very unlike me,4,4,3,3,NA,NA,NA,NA,NA,NA,NA,NA,Alaska,2 - 5 years in prison,Oppose,2,1,2,1,Republican,Democrat,arson
Male,Native American,"100,000 or more",4-year College Degree,Democrat,NA,NA,Strong Democrat,22,Yes,No,Yes,TRUE,FALSE,TRUE,TRUE,TRUE,TRUE,FALSE,FALSE,FALSE,FALSE,100,99,Neither agree nor disagree,Strongly disagree,Strongly disagree,No,No,1 - Not at all,4,2,2,4,1- Very unlike me,4,1- Very unlike me,1- Very unlike me,4,3,3,2,NA,NA,NA,NA,NA,NA,NA,NA,Oregon,4 - 30 days in jail,Support,2,2,2,1,Republican,Democrat,arson
Female,African American,"Less than 30,000",Some College,Democrat,NA,NA,Strong Democrat,23,No,No,No,FALSE,TRUE,TRUE,TRUE,TRUE,FALSE,FALSE,TRUE,TRUE,TRUE,97,6,Strongly agree,Strongly agree,Neither agree nor disagree,No,Yes,3,3,3,5- Very like me,4,3,1- Very unlike me,1- Very unlike me,2,5- Very like me,1- Very unlike me,3,2,NA,NA,NA,NA,NA,NA,NA,NA,Florida,7 months to 1 year in jail,NA,2,1,1,1,Republican,Democrat,arson
Female,White/Caucasian,"Less than 30,000",Less than High School,Democrat,NA,NA,Strong Democrat,34,No,No,Yes,TRUE,TRUE,FALSE,TRUE,TRUE,FALSE,FALSE,TRUE,FALSE,FALSE,91,61,Strongly agree,Somewhat agree,Somewhat agree,No,No,3,2,2,1- Very unlike me,1- Very unlike me,1- Very unlike me,1- Very unlike me,1- Very unlike me,1- Very unlike me,1- Very unlike me,1- Very unlike me,1- Very unlike me,1- Very unlike me,NA,NA,NA,NA,Oregon,Neither support nor oppose,Unjustified,Yes,NA,NA,NA,1,2,2,1,Republican,Democrat,NA
Male,White/Caucasian,"90,000 – 99,999",Masters Degree,Democrat,NA,NA,Strong Democrat,45,Yes,Yes,Yes,TRUE,TRUE,TRUE,TRUE,TRUE,TRUE,TRUE,TRUE,TRUE,TRUE,97,99,Strongly agree,Strongly disagree,Strongly disagree,Yes,Yes,5 - A great deal,5- Very like me,5- Very like me,5- Very like me,5- Very like me,4,5- Very like me,5- Very like me,5- Very like me,5- Very like me,5- Very like me,5- Very like me,5- Very like me,NA,NA,NA,NA,NA,NA,NA,NA,Louisiana,Community service,Strongly support,2,2,2,1,Republican,Democrat,assault with a deadly weapon
Male,White/Caucasian,"100,000 or more",4-year College Degree,Republican,NA,Strong Republican,NA,33,NA,NA,NA,NA,NA,NA,NA,NA,NA,NA,NA,NA,NA,,,NA,NA,NA,NA,NA,NA,NA,NA,NA,NA,NA,NA,NA,NA,NA,NA,NA,NA,NA,NA,NA,NA,NA,NA,NA,NA,NA,NA,NA,1,1,2,2,NA,NA,NA
Male,White/Caucasian,"90,000 – 99,999",Masters Degree,Democrat,NA,NA,Strong Democrat,30,NA,NA,NA,FALSE,TRUE,TRUE,TRUE,TRUE,TRUE,TRUE,TRUE,FALSE,FALSE,100,100,Strongly agree,Strongly agree,Strongly agree,Yes,Yes,5 - A great deal,5- Very like me,5- Very like me,5- Very like me,5- Very like me,5- Very like me,5- Very like me,5- Very like me,5- Very like me,5- Very like me,5- Very like me,5- Very like me,5- Very like me,NA,NA,NA,NA,NA,NA,NA,NA,Washington,2 - 5 years in prison,Strongly support,2,2,2,1,Republican,Democrat,assault with a deadly weapon
Male,White/Caucasian,"90,000 – 99,999",High School / GED,Republican,NA,Strong Republican,NA,30,Yes,Yes,Yes,TRUE,FALSE,TRUE,TRUE,TRUE,TRUE,TRUE,TRUE,TRUE,TRUE,17,85,Somewhat agree,Strongly agree,Strongly agree,Yes,Yes,2,3,2,2,1- Very unlike me,3,3,3,3,3,4,4,3,NA,NA,NA,NA,NA,NA,NA,NA,California,4 - 30 days in jail,Support,2,2,2,1,Democrat,Republican,arson
Male,White/Caucasian,"80,000 – 89,999",Less than High School,Democrat,NA,NA,Strong Democrat,30,NA,NA,NA,FALSE,FALSE,TRUE,TRUE,FALSE,FALSE,TRUE,TRUE,TRUE,FALSE,100,100,Strongly agree,Somewhat agree,Strongly disagree,No,Yes,2,2,1- Very unlike me,2,1- Very unlike me,1- Very unlike me,1- Very unlike me,2,1- Very unlike me,2,2,1- Very unlike me,2,NA,NA,NA,NA,NA,NA,NA,NA,California,1 - 3 days in jail,Support,2,1,2,1,Republican,Democrat,arson
Female,White/Caucasian,"90,000 – 99,999",4-year College Degree,Democrat,NA,NA,Not a strong Democrat,31,No,No,Yes,FALSE,TRUE,TRUE,TRUE,TRUE,TRUE,FALSE,FALSE,TRUE,TRUE,82,28,Neither agree nor disagree,Neither agree nor disagree,Neither agree nor disagree,No,No,1 - Not at all,2,3,2,1- Very unlike me,2,2,1- Very unlike me,1- Very unlike me,1- Very unlike me,1- Very unlike me,3,1- Very unlike me,NA,NA,NA,NA,NA,NA,NA,NA,Oregon,Community service,Oppose,2,2,1,1,Republican,Democrat,vandalism
Female,White/Caucasian,"60,000 – 69,999",Masters Degree,Republican,NA,Not a strong Republican,NA,27,Yes,Yes,Yes,TRUE,TRUE,TRUE,TRUE,TRUE,TRUE,FALSE,FALSE,TRUE,TRUE,27,84,Somewhat agree,Strongly disagree,Neither agree nor disagree,No,No,1 - Not at all,1- Very unlike me,3,3,1- Very unlike me,1- Very unlike me,3,1- Very unlike me,1- Very unlike me,4,1- Very unlike me,2,2,NA,NA,NA,NA,NA,NA,NA,NA,Oregon,6 - 10 years in prison,Neither support nor oppose,2,1,1,1,Democrat,Republican,assault with a deadly weapon
Female,Other,"Less than 30,000",High School / GED,Democrat,NA,NA,Strong Democrat,62,NA,NA,NA,TRUE,FALSE,FALSE,TRUE,TRUE,FALSE,FALSE,TRUE,FALSE,TRUE,96,7,Somewhat agree,Somewhat agree,Somewhat agree,No,No,1 - Not at all,4,4,3,2,1- Very unlike me,3,3,1- Very unlike me,1- Very unlike me,1- Very unlike me,3,3,South Carolina,Oppose,Unjustified,Yes,NA,NA,NA,NA,NA,NA,NA,1,2,1,1,Republican,Democrat,NA
Male,White/Caucasian,"Less than 30,000",Less than High School,Republican,NA,Strong Republican,NA,61,NA,NA,NA,NA,NA,NA,NA,NA,NA,NA,NA,NA,NA,,,NA,NA,NA,NA,NA,NA,NA,NA,NA,NA,NA,NA,NA,NA,NA,NA,NA,NA,NA,NA,NA,NA,NA,NA,NA,NA,NA,NA,NA,1,1,1,2,NA,NA,NA
Female,Native American,"40,000 – 49,999",2-year College Degree,Republican,NA,Not a strong Republican,NA,59,No,No,Yes,FALSE,TRUE,TRUE,FALSE,TRUE,TRUE,TRUE,TRUE,FALSE,TRUE,0,7,Somewhat disagree,Somewhat disagree,Somewhat disagree,No,No,5 - A great deal,5- Very like me,4,5- Very like me,2,3,3,4,1- Very unlike me,5- Very like me,2,1- Very unlike me,1- Very unlike me,NA,NA,NA,NA,NA,NA,NA,NA,Florida,1 - 3 days in jail,Support,2,2,2,1,Democrat,Republican,protesting without a permit
Male,White/Caucasian,"30,000 – 39,999",Some College,Democrat,NA,NA,Strong Democrat,38,NA,NA,NA,TRUE,TRUE,TRUE,TRUE,TRUE,TRUE,TRUE,TRUE,TRUE,TRUE,86,85,Somewhat agree,Somewhat agree,Neither agree nor disagree,No,No,2,2,5- Very like me,4,2,4,3,3,3,4,4,4,4,NA,NA,NA,NA,NA,NA,NA,NA,Florida,1 - 3 days in jail,Support,2,2,1,4,Republican,Democrat,protesting without a permit
Female,White/Caucasian,"Less than 30,000",Less than High School,Democrat,NA,NA,Strong Democrat,49,NA,NA,NA,FALSE,FALSE,FALSE,FALSE,FALSE,FALSE,FALSE,FALSE,FALSE,FALSE,87,0,Somewhat disagree,Neither agree nor disagree,Neither agree nor disagree,No,No,1 - Not at all,4,3,1- Very unlike me,2,1- Very unlike me,4,3,4,4,3,2,4,Texas,Neither support nor oppose,Unjustified,No,NA,NA,NA,NA,NA,NA,NA,1,1,1,1,Republican,Democrat,NA
Female,Other,"Less than 30,000",Some College,Democrat,NA,NA,Not a strong Democrat,20,Yes,No,Yes,TRUE,TRUE,TRUE,TRUE,TRUE,FALSE,FALSE,TRUE,TRUE,TRUE,85,34,Neither agree nor disagree,Somewhat agree,Neither agree nor disagree,No,No,1 - Not at all,3,2,4,4,2,2,2,1- Very unlike me,1- Very unlike me,3,4,3,NA,NA,NA,NA,NA,NA,NA,NA,California,4 - 30 days in jail,Neither support nor oppose,2,2,2,1,Republican,Democrat,assault
Female,White/Caucasian,"80,000 – 89,999",2-year College Degree,Democrat,NA,NA,Strong Democrat,18,No,No,Yes,FALSE,FALSE,TRUE,TRUE,TRUE,FALSE,FALSE,FALSE,FALSE,TRUE,76,16,Neither agree nor disagree,Somewhat disagree,Neither agree nor disagree,No,No,1 - Not at all,1- Very unlike me,1- Very unlike me,1- Very unlike me,2,1- Very unlike me,1- Very unlike me,1- Very unlike me,1- Very unlike me,1- Very unlike me,1- Very unlike me,1- Very unlike me,1- Very unlike me,NA,NA,NA,NA,Oregon,Strongly support,Unjustified,Yes,NA,NA,NA,1,1,2,1,Republican,Democrat,NA
Female,African American,"Less than 30,000",High School / GED,Democrat,NA,NA,Not a strong Democrat,18,NA,NA,NA,NA,NA,NA,NA,NA,NA,NA,NA,NA,NA,,,NA,NA,NA,NA,NA,NA,NA,NA,NA,NA,NA,NA,NA,NA,NA,NA,NA,NA,NA,NA,NA,NA,NA,NA,NA,NA,NA,NA,NA,2,1,1,2,NA,NA,NA
Male,White/Caucasian,"100,000 or more",4-year College Degree,Republican,NA,Strong Republican,NA,31,Yes,Yes,Yes,TRUE,TRUE,TRUE,TRUE,TRUE,FALSE,TRUE,TRUE,TRUE,TRUE,87,98,Strongly agree,Strongly disagree,Strongly disagree,No,No,1 - Not at all,1- Very unlike me,1- Very unlike me,1- Very unlike me,1- Very unlike me,2,1- Very unlike me,1- Very unlike me,2,1- Very unlike me,1- Very unlike me,1- Very unlike me,1- Very unlike me,NA,NA,NA,NA,NA,NA,NA,NA,Washington,Community service,Support,2,2,1,1,Democrat,Republican,assault with a deadly weapon
Male,White/Caucasian,"80,000 – 89,999",Masters Degree,Republican,NA,Strong Republican,NA,63,No,No,Yes,FALSE,TRUE,TRUE,TRUE,TRUE,FALSE,FALSE,FALSE,FALSE,FALSE,0,57,Neither agree nor disagree,Neither agree nor disagree,Neither agree nor disagree,No,No,1 - Not at all,1- Very unlike me,3,2,1- Very unlike me,3,2,3,2,4,3,3,1- Very unlike me,Florida,Strongly oppose,Unjustified,Yes,NA,NA,NA,NA,NA,NA,NA,1,1,1,1,Democrat,Republican,NA
Male,White/Caucasian,"Less than 30,000",High School / GED,Democrat,NA,NA,Strong Democrat,36,No,No,Yes,TRUE,TRUE,TRUE,TRUE,TRUE,FALSE,FALSE,TRUE,FALSE,FALSE,100,8,Neither agree nor disagree,Somewhat disagree,Neither agree nor disagree,No,No,1 - Not at all,4,3,1- Very unlike me,4,2,4,3,2,4,2,1- Very unlike me,3,NA,NA,NA,NA,Oregon,Strongly oppose,Unjustified,Yes,NA,NA,NA,1,1,2,1,Republican,Democrat,NA
Female,White/Caucasian,"70,000 – 79,999",2-year College Degree,Democrat,NA,NA,Not a strong Democrat,33,NA,NA,NA,TRUE,TRUE,TRUE,TRUE,TRUE,FALSE,FALSE,TRUE,FALSE,FALSE,70,22,Neither agree nor disagree,Neither agree nor disagree,Strongly disagree,No,No,1 - Not at all,1- Very unlike me,3,4,1- Very unlike me,1- Very unlike me,1- Very unlike me,3,1- Very unlike me,1- Very unlike me,1- Very unlike me,3,1- Very unlike me,NA,NA,NA,NA,Washington,Neither support nor oppose,Unjustified,Yes,NA,NA,NA,1,1,2,1,Republican,Democrat,NA
Male,White/Caucasian,"50,000 – 59,999",Some College,Republican,NA,Not a strong Republican,NA,20,NA,NA,NA,FALSE,TRUE,TRUE,TRUE,TRUE,FALSE,FALSE,FALSE,FALSE,FALSE,64,66,Neither agree nor disagree,Strongly agree,Somewhat disagree,No,No,2,4,2,2,2,3,3,2,3,3,4,4,1- Very unlike me,Georgia,Support,Unjustified,No,NA,NA,NA,NA,NA,NA,NA,1,1,1,1,Democrat,Republican,NA
Female,White/Caucasian,"Less than 30,000",Some College,Independent,Democratic Party,NA,NA,19,No,No,Yes,FALSE,FALSE,TRUE,FALSE,TRUE,FALSE,TRUE,FALSE,TRUE,FALSE,70,20,Somewhat disagree,Strongly disagree,Strongly disagree,No,No,1 - Not at all,1- Very unlike me,2,4,3,2,2,2,2,2,2,2,2,NA,NA,NA,NA,NA,NA,NA,NA,Oregon,Community service,Neither support nor oppose,2,1,2,1,Republican,Democrat,vandalism
Male,White/Caucasian,"100,000 or more",2-year College Degree,Republican,NA,Strong Republican,NA,34,NA,NA,NA,TRUE,TRUE,TRUE,TRUE,TRUE,FALSE,TRUE,TRUE,FALSE,FALSE,56,52,Strongly agree,Somewhat agree,Somewhat agree,No,Yes,3,2,3,3,4,4,3,3,4,4,2,2,3,NA,NA,NA,NA,California,Support,Unjustified,Yes,NA,NA,NA,1,2,2,4,Democrat,Republican,NA
Male,White/Caucasian,"Less than 30,000",Some College,Republican,NA,Strong Republican,NA,53,No,No,Yes,FALSE,TRUE,TRUE,TRUE,TRUE,TRUE,TRUE,TRUE,TRUE,TRUE,0,100,Strongly agree,Strongly agree,Strongly agree,No,No,1 - Not at all,1- Very unlike me,5- Very like me,5- Very like me,3,5- Very like me,5- Very like me,3,1- Very unlike me,2,1- Very unlike me,5- Very like me,2,NA,NA,NA,NA,Oregon,Support,Unjustified,Yes,NA,NA,NA,1,2,2,1,Democrat,Republican,NA
Female,African American,"40,000 – 49,999",4-year College Degree,Democrat,NA,NA,Not a strong Democrat,20,NA,NA,NA,NA,NA,NA,NA,NA,NA,NA,NA,NA,NA,,,NA,NA,NA,NA,NA,NA,NA,NA,NA,NA,NA,NA,NA,NA,NA,NA,NA,NA,NA,NA,NA,NA,NA,NA,NA,NA,NA,NA,NA,2,2,1,2,NA,NA,NA
NA,NA,NA,NA,NA,NA,NA,NA,NA,NA,NA,NA,NA,NA,NA,NA,NA,NA,NA,NA,NA,NA,,,NA,NA,NA,NA,NA,NA,NA,NA,NA,NA,NA,NA,NA,NA,NA,NA,NA,NA,NA,NA,NA,NA,NA,NA,NA,NA,NA,NA,NA,2,2,2,4,NA,NA,NA
Female,White/Caucasian,"90,000 – 99,999",Some College,Democrat,NA,NA,Strong Democrat,46,No,No,Yes,FALSE,TRUE,TRUE,TRUE,TRUE,FALSE,FALSE,TRUE,TRUE,FALSE,87,16,Neither agree nor disagree,Neither agree nor disagree,Neither agree nor disagree,No,No,1 - Not at all,3,2,3,3,3,1- Very unlike me,1- Very unlike me,3,2,3,1- Very unlike me,1- Very unlike me,Florida,Strongly oppose,Unjustified,Yes,NA,NA,NA,NA,NA,NA,NA,1,1,1,1,Republican,Democrat,NA
Male,White/Caucasian,"100,000 or more",Doctoral Degree,Republican,NA,Strong Republican,NA,79,No,Yes,Yes,FALSE,FALSE,TRUE,FALSE,TRUE,TRUE,TRUE,TRUE,TRUE,FALSE,30,90,Neither agree nor disagree,Strongly disagree,Neither agree nor disagree,No,No,4,1- Very unlike me,3,1- Very unlike me,1- Very unlike me,2,1- Very unlike me,2,1- Very unlike me,1- Very unlike me,1- Very unlike me,1- Very unlike me,1- Very unlike me,NA,NA,NA,NA,NA,NA,NA,NA,Oregon,16 - 20 years in prison,Strongly oppose,2,2,1,1,Democrat,Republican,murder
Female,Native American,"50,000 – 59,999",Masters Degree,Democrat,NA,NA,Not a strong Democrat,31,No,No,Yes,TRUE,TRUE,TRUE,TRUE,FALSE,TRUE,FALSE,TRUE,TRUE,FALSE,90,20,Somewhat agree,Somewhat disagree,Neither agree nor disagree,No,Yes,1 - Not at all,1- Very unlike me,4,3,1- Very unlike me,1- Very unlike me,1- Very unlike me,1- Very unlike me,1- Very unlike me,1- Very unlike me,1- Very unlike me,2,1- Very unlike me,NA,NA,NA,NA,NA,NA,NA,NA,Oregon,7 months to 1 year in jail,Oppose,2,1,2,1,Republican,Democrat,arson
Female,White/Caucasian,"90,000 – 99,999",4-year College Degree,Democrat,NA,NA,Not a strong Democrat,35,No,No,Yes,FALSE,FALSE,TRUE,FALSE,TRUE,TRUE,FALSE,TRUE,TRUE,TRUE,74,30,Neither agree nor disagree,Strongly disagree,Neither agree nor disagree,No,No,1 - Not at all,1- Very unlike me,3,2,1- Very unlike me,4,3,1- Very unlike me,1- Very unlike me,1- Very unlike me,2,2,1- Very unlike me,NA,NA,NA,NA,NA,NA,NA,NA,Oregon,4 - 30 days in jail,Neither support nor oppose,2,1,1,1,Republican,Democrat,assault
Male,White/Caucasian,"100,000 or more",4-year College Degree,Republican,NA,NA,NA,42,No,No,Yes,FALSE,FALSE,TRUE,TRUE,TRUE,FALSE,FALSE,TRUE,FALSE,FALSE,51,57,Neither agree nor disagree,Strongly disagree,Somewhat disagree,No,No,1 - Not at all,2,3,2,3,2,3,3,1- Very unlike me,1- Very unlike me,3,3,2,NA,NA,NA,NA,Oregon,Neither support nor oppose,Unjustified,Yes,NA,NA,NA,1,2,2,1,Democrat,Republican,NA
Male,White/Caucasian,"100,000 or more","Professional Degree (JD, MD)",Democrat,NA,NA,Strong Democrat,34,Yes,Yes,Yes,TRUE,TRUE,FALSE,TRUE,TRUE,TRUE,FALSE,FALSE,TRUE,TRUE,92,92,Strongly agree,Somewhat agree,Strongly agree,Yes,Yes,5 - A great deal,4,5- Very like me,4,5- Very like me,4,5- Very like me,4,5- Very like me,4,5- Very like me,4,5- Very like me,Florida,Strongly support,Justified,Yes,NA,NA,NA,NA,NA,NA,NA,1,1,1,1,Republican,Democrat,NA
Male,African American,"50,000 – 59,999",2-year College Degree,Democrat,NA,NA,Strong Democrat,25,NA,NA,NA,FALSE,FALSE,TRUE,FALSE,FALSE,FALSE,TRUE,FALSE,TRUE,FALSE,55,53,Neither agree nor disagree,Neither agree nor disagree,Neither agree nor disagree,No,No,2,3,3,3,3,3,3,3,3,3,3,3,2,NA,NA,NA,NA,NA,NA,NA,NA,Washington,Community service,Neither support nor oppose,2,2,1,1,Republican,Democrat,protesting without a permit
Male,Native American,"100,000 or more",Some College,Democrat,NA,NA,Strong Democrat,30,NA,NA,NA,TRUE,TRUE,FALSE,TRUE,TRUE,FALSE,FALSE,TRUE,TRUE,TRUE,84,85,Somewhat agree,Strongly agree,Somewhat agree,Yes,Yes,4,4,4,4,5- Very like me,4,4,4,4,4,5- Very like me,4,4,NA,NA,NA,NA,California,Strongly support,Justified,No,NA,NA,NA,1,2,2,1,Republican,Democrat,NA
Male,Other,"30,000 – 39,999",Some College,Republican,NA,Not a strong Republican,NA,22,NA,NA,NA,TRUE,TRUE,TRUE,FALSE,TRUE,TRUE,FALSE,TRUE,TRUE,FALSE,38,34,Strongly agree,Somewhat agree,Neither agree nor disagree,Yes,No,1 - Not at all,4,3,1- Very unlike me,4,1- Very unlike me,1- Very unlike me,1- Very unlike me,5- Very like me,5- Very like me,5- Very like me,3,3,NA,NA,NA,NA,NA,NA,NA,NA,Florida,Community service,Strongly support,2,2,2,1,Democrat,Republican,murder
Female,White/Caucasian,"Less than 30,000",High School / GED,Democrat,NA,NA,Strong Democrat,50,NA,NA,NA,NA,NA,NA,NA,NA,NA,NA,NA,NA,NA,,,NA,NA,NA,NA,NA,NA,NA,NA,NA,NA,NA,NA,NA,NA,NA,NA,NA,NA,NA,NA,NA,NA,NA,NA,NA,NA,NA,NA,NA,2,1,2,2,NA,NA,NA
Female,African American,"70,000 – 79,999",High School / GED,Democrat,NA,NA,Strong Democrat,21,NA,NA,NA,TRUE,TRUE,TRUE,TRUE,TRUE,TRUE,TRUE,TRUE,TRUE,TRUE,100,75,Strongly agree,Strongly agree,Strongly agree,Yes,Yes,5 - A great deal,5- Very like me,5- Very like me,5- Very like me,5- Very like me,5- Very like me,5- Very like me,5- Very like me,5- Very like me,5- Very like me,5- Very like me,5- Very like me,5- Very like me,Nevada,Strongly support,Unjustified,Yes,NA,NA,NA,NA,NA,NA,NA,1,1,1,1,Republican,Democrat,NA
Male,Other,"80,000 – 89,999",High School / GED,Republican,NA,Not a strong Republican,NA,58,No,No,No,FALSE,FALSE,FALSE,FALSE,FALSE,FALSE,FALSE,FALSE,FALSE,FALSE,0,80,Strongly agree,Strongly agree,Somewhat agree,No,No,2,3,4,5- Very like me,3,2,5- Very like me,1- Very unlike me,1- Very unlike me,1- Very unlike me,2,3,1- Very unlike me,NA,NA,NA,NA,Oregon,Strongly oppose,Unjustified,Yes,NA,NA,NA,1,2,2,1,Democrat,Republican,NA
Female,Native American,"100,000 or more",2-year College Degree,Republican,NA,Not a strong Republican,NA,40,No,No,Yes,FALSE,FALSE,TRUE,FALSE,FALSE,TRUE,FALSE,TRUE,TRUE,TRUE,19,63,Somewhat agree,Strongly agree,Somewhat agree,Yes,No,3,2,3,1- Very unlike me,1- Very unlike me,1- Very unlike me,3,2,1- Very unlike me,3,2,2,2,NA,NA,NA,NA,NA,NA,NA,NA,Oregon,Community service,Support,2,2,1,1,Democrat,Republican,assault with a deadly weapon
Female,White/Caucasian,"30,000 – 39,999",4-year College Degree,Democrat,NA,NA,Strong Democrat,26,NA,NA,NA,TRUE,TRUE,TRUE,TRUE,FALSE,TRUE,TRUE,FALSE,TRUE,TRUE,84,83,Strongly agree,Somewhat agree,Strongly agree,Yes,Yes,5 - A great deal,5- Very like me,5- Very like me,4,3,5- Very like me,3,5- Very like me,3,5- Very like me,3,5- Very like me,3,NA,NA,NA,NA,NA,NA,NA,NA,Texas,2 - 3 months in jail,Support,2,1,2,4,Republican,Democrat,assault
Male,White/Caucasian,"80,000 – 89,999",Masters Degree,Democrat,NA,NA,Strong Democrat,29,Yes,Yes,Yes,TRUE,FALSE,TRUE,TRUE,FALSE,TRUE,TRUE,TRUE,TRUE,TRUE,81,78,Strongly agree,Strongly agree,Strongly agree,Yes,Yes,5 - A great deal,5- Very like me,5- Very like me,5- Very like me,5- Very like me,5- Very like me,5- Very like me,4,5- Very like me,4,5- Very like me,4,5- Very like me,South Carolina,Strongly support,Justified,Yes,NA,NA,NA,NA,NA,NA,NA,1,2,1,1,Republican,Democrat,NA
Female,White/Caucasian,"100,000 or more",Masters Degree,Democrat,NA,NA,Strong Democrat,36,Yes,No,Yes,FALSE,TRUE,TRUE,FALSE,TRUE,FALSE,FALSE,TRUE,TRUE,FALSE,95,23,Neither agree nor disagree,Strongly disagree,Somewhat disagree,No,Yes,1 - Not at all,1- Very unlike me,2,3,2,4,3,1- Very unlike me,1- Very unlike me,2,4,1- Very unlike me,1- Very unlike me,NA,NA,NA,NA,NA,NA,NA,NA,Oregon,Community service,Support,2,1,2,1,Republican,Democrat,protesting without a permit
Male,Other,"30,000 – 39,999",2-year College Degree,Republican,NA,Strong Republican,NA,38,No,No,Yes,TRUE,TRUE,TRUE,TRUE,TRUE,FALSE,FALSE,TRUE,FALSE,FALSE,1,88,Somewhat disagree,Somewhat agree,Somewhat disagree,No,No,1 - Not at all,2,3,1- Very unlike me,1- Very unlike me,1- Very unlike me,2,2,1- Very unlike me,1- Very unlike me,2,2,2,NA,NA,NA,NA,NA,NA,NA,NA,Washington,2 - 3 months in jail,Support,2,2,2,1,Democrat,Republican,arson
Male,White/Caucasian,"30,000 – 39,999",High School / GED,Democrat,NA,NA,Not a strong Democrat,26,NA,NA,NA,NA,NA,NA,NA,NA,NA,NA,NA,NA,NA,,,NA,NA,NA,NA,NA,NA,NA,NA,NA,NA,NA,NA,NA,NA,NA,NA,NA,NA,NA,NA,NA,NA,NA,NA,NA,NA,NA,NA,NA,1,2,2,2,NA,NA,NA
Male,White/Caucasian,"90,000 – 99,999",Masters Degree,Democrat,NA,NA,Strong Democrat,37,NA,NA,NA,NA,NA,NA,NA,NA,NA,NA,NA,NA,NA,,,NA,NA,NA,NA,NA,NA,NA,NA,NA,NA,NA,NA,NA,NA,NA,NA,NA,NA,NA,NA,NA,NA,NA,NA,NA,NA,NA,NA,NA,1,1,1,2,NA,NA,NA
Male,White/Caucasian,"100,000 or more",Masters Degree,Democrat,NA,NA,Strong Democrat,36,NA,NA,NA,TRUE,FALSE,TRUE,TRUE,TRUE,FALSE,TRUE,TRUE,FALSE,FALSE,86,71,Somewhat agree,Strongly agree,Neither agree nor disagree,Yes,Yes,4,5- Very like me,4,1- Very unlike me,4,5- Very like me,4,3,5- Very like me,4,5- Very like me,3,4,Florida,Support,Justified,No,NA,NA,NA,NA,NA,NA,NA,1,1,1,1,Republican,Democrat,NA
Female,Other,"80,000 – 89,999",4-year College Degree,Democrat,NA,NA,Strong Democrat,19,NA,NA,NA,FALSE,FALSE,FALSE,TRUE,TRUE,TRUE,FALSE,FALSE,TRUE,FALSE,23,72,Neither agree nor disagree,Neither agree nor disagree,Somewhat disagree,Yes,Yes,1 - Not at all,4,3,5- Very like me,1- Very unlike me,1- Very unlike me,3,2,4,4,3,1- Very unlike me,4,NA,NA,NA,NA,New Mexico,Neither support nor oppose,Unjustified,Yes,NA,NA,NA,1,1,2,1,Republican,Democrat,NA
Female,Native American,"Less than 30,000",High School / GED,Independent,Republican Party,NA,NA,27,NA,NA,NA,NA,NA,NA,NA,NA,NA,NA,NA,NA,NA,,,NA,NA,NA,NA,NA,NA,NA,NA,NA,NA,NA,NA,NA,NA,NA,NA,NA,NA,NA,NA,NA,NA,NA,NA,NA,NA,NA,NA,NA,1,2,1,2,NA,NA,NA
Male,Asian,"40,000 – 49,999",High School / GED,Democrat,NA,NA,Strong Democrat,30,NA,NA,NA,TRUE,TRUE,TRUE,TRUE,TRUE,TRUE,TRUE,TRUE,FALSE,TRUE,74,74,Strongly agree,Strongly agree,Strongly agree,Yes,Yes,3,5- Very like me,5- Very like me,5- Very like me,4,3,5- Very like me,5- Very like me,4,5- Very like me,5- Very like me,5- Very like me,3,Texas,Strongly support,Justified,Yes,NA,NA,NA,NA,NA,NA,NA,1,2,1,1,Republican,Democrat,NA
Female,Other,"30,000 – 39,999",4-year College Degree,Republican,NA,Strong Republican,NA,31,No,No,Yes,FALSE,TRUE,TRUE,TRUE,TRUE,FALSE,FALSE,FALSE,FALSE,FALSE,67,70,Neither agree nor disagree,Neither agree nor disagree,Somewhat disagree,No,No,1 - Not at all,1- Very unlike me,2,2,2,1- Very unlike me,2,1- Very unlike me,1- Very unlike me,4,1- Very unlike me,2,1- Very unlike me,NA,NA,NA,NA,Oregon,Strongly oppose,Unjustified,Yes,NA,NA,NA,1,1,2,1,Democrat,Republican,NA
Male,White/Caucasian,"100,000 or more",Masters Degree,Republican,NA,Strong Republican,NA,40,NA,NA,NA,TRUE,TRUE,TRUE,FALSE,TRUE,TRUE,FALSE,TRUE,FALSE,TRUE,85,81,Strongly agree,Strongly agree,Strongly agree,No,No,3,5- Very like me,5- Very like me,4,3,4,5- Very like me,4,5- Very like me,5- Very like me,5- Very like me,5- Very like me,3,NA,NA,NA,NA,NA,NA,NA,NA,Washington,16 - 20 years in prison,Oppose,2,2,2,1,Democrat,Republican,assault with a deadly weapon
Male,African American,"50,000 – 59,999",4-year College Degree,Independent,Neither,NA,NA,NA,NA,NA,NA,NA,NA,NA,NA,NA,NA,NA,NA,NA,NA,,,NA,NA,NA,NA,NA,NA,NA,NA,NA,NA,NA,NA,NA,NA,NA,NA,NA,NA,NA,NA,NA,NA,NA,NA,NA,NA,NA,NA,NA,2,2,2,2,NA,NA,NA
Female,White/Caucasian,"100,000 or more",4-year College Degree,Democrat,NA,NA,Strong Democrat,35,Yes,No,Yes,TRUE,FALSE,TRUE,TRUE,FALSE,TRUE,TRUE,TRUE,TRUE,FALSE,94,74,Somewhat agree,Somewhat disagree,Neither agree nor disagree,Yes,No,5 - A great deal,4,3,5- Very like me,4,3,2,3,4,5- Very like me,3,2,5- Very like me,NA,NA,NA,NA,Arizona,Neither support nor oppose,Justified,Yes,NA,NA,NA,1,1,2,1,Republican,Democrat,NA
Female,African American,"60,000 – 69,999",2-year College Degree,Democrat,NA,NA,Strong Democrat,32,Yes,Yes,Yes,FALSE,TRUE,TRUE,TRUE,TRUE,TRUE,TRUE,FALSE,TRUE,TRUE,100,99,Strongly agree,Strongly agree,Strongly agree,Yes,No,5 - A great deal,5- Very like me,4,4,5- Very like me,4,5- Very like me,4,4,4,4,5- Very like me,4,NA,NA,NA,NA,NA,NA,NA,NA,Florida,More than 20 years in prison,Neither support nor oppose,2,2,1,1,Republican,Democrat,murder
Female,White/Caucasian,"Less than 30,000",Some College,Democrat,NA,NA,Strong Democrat,35,NA,NA,NA,TRUE,FALSE,TRUE,TRUE,FALSE,FALSE,TRUE,TRUE,FALSE,FALSE,100,98,Neither agree nor disagree,Neither agree nor disagree,Neither agree nor disagree,Yes,Yes,1 - Not at all,5- Very like me,5- Very like me,5- Very like me,5- Very like me,5- Very like me,5- Very like me,5- Very like me,5- Very like me,5- Very like me,5- Very like me,5- Very like me,5- Very like me,Alabama,Neither support nor oppose,Justified,No,NA,NA,NA,NA,NA,NA,NA,1,1,1,1,Republican,Democrat,NA
Male,African American,"70,000 – 79,999",Masters Degree,Republican,NA,Strong Republican,NA,63,NA,NA,NA,NA,NA,NA,NA,NA,NA,NA,NA,NA,NA,,,NA,NA,NA,NA,NA,NA,NA,NA,NA,NA,NA,NA,NA,NA,NA,NA,NA,NA,NA,NA,NA,NA,NA,NA,NA,NA,NA,NA,NA,2,1,1,2,NA,NA,NA
Female,White/Caucasian,"50,000 – 59,999",Masters Degree,Democrat,NA,NA,Not a strong Democrat,35,No,No,Yes,FALSE,FALSE,FALSE,FALSE,FALSE,FALSE,FALSE,FALSE,FALSE,FALSE,88,65,Somewhat agree,Somewhat disagree,Somewhat disagree,No,No,1 - Not at all,1- Very unlike me,1- Very unlike me,1- Very unlike me,1- Very unlike me,1- Very unlike me,1- Very unlike me,1- Very unlike me,1- Very unlike me,1- Very unlike me,1- Very unlike me,1- Very unlike me,1- Very unlike me,NA,NA,NA,NA,NA,NA,NA,NA,Washington,Community service,Oppose,2,2,2,1,Republican,Democrat,vandalism
Male,Other,"30,000 – 39,999",Some College,Democrat,NA,NA,Strong Democrat,35,NA,NA,NA,FALSE,FALSE,FALSE,TRUE,TRUE,FALSE,FALSE,FALSE,FALSE,TRUE,98,6,Neither agree nor disagree,Somewhat agree,Strongly agree,No,No,1 - Not at all,1- Very unlike me,3,3,3,1- Very unlike me,3,3,2,3,3,3,1- Very unlike me,NA,NA,NA,NA,NA,NA,NA,NA,Oregon,4 - 6 months in jail,Strongly oppose,2,2,1,1,Republican,Democrat,assault with a deadly weapon
Female,Other,"30,000 – 39,999",Some College,Democrat,NA,NA,Strong Democrat,36,No,No,Yes,TRUE,TRUE,TRUE,TRUE,TRUE,FALSE,FALSE,FALSE,FALSE,FALSE,50,51,Neither agree nor disagree,Strongly disagree,Neither agree nor disagree,No,No,1 - Not at all,2,1- Very unlike me,3,1- Very unlike me,2,1- Very unlike me,1- Very unlike me,1- Very unlike me,2,1- Very unlike me,1- Very unlike me,1- Very unlike me,NA,NA,NA,NA,NA,NA,NA,NA,Oregon,7 months to 1 year in jail,Support,2,1,2,1,Republican,Democrat,arson
Female,White/Caucasian,"40,000 – 49,999",Some College,Independent,Neither,NA,NA,NA,NA,NA,NA,NA,NA,NA,NA,NA,NA,NA,NA,NA,NA,,,NA,NA,NA,NA,NA,NA,NA,NA,NA,NA,NA,NA,NA,NA,NA,NA,NA,NA,NA,NA,NA,NA,NA,NA,NA,NA,NA,NA,NA,1,2,1,2,NA,NA,NA
Female,African American,"50,000 – 59,999","Professional Degree (JD, MD)",Democrat,NA,NA,Strong Democrat,42,Yes,No,Yes,TRUE,TRUE,TRUE,TRUE,TRUE,FALSE,FALSE,FALSE,TRUE,TRUE,100,79,Somewhat agree,Neither agree nor disagree,Neither agree nor disagree,No,No,4,3,1- Very unlike me,2,4,2,2,3,2,1- Very unlike me,3,4,2,NA,NA,NA,NA,New Mexico,Support,Unjustified,Yes,NA,NA,NA,1,1,2,1,Republican,Democrat,NA
Male,White/Caucasian,"100,000 or more",Doctoral Degree,Democrat,NA,NA,Strong Democrat,79,NA,NA,NA,FALSE,TRUE,TRUE,TRUE,TRUE,FALSE,FALSE,TRUE,TRUE,TRUE,100,30,Neither agree nor disagree,Neither agree nor disagree,Neither agree nor disagree,No,Yes,1 - Not at all,1- Very unlike me,3,1- Very unlike me,1- Very unlike me,1- Very unlike me,1- Very unlike me,1- Very unlike me,1- Very unlike me,1- Very unlike me,1- Very unlike me,1- Very unlike me,1- Very unlike me,NA,NA,NA,NA,NA,NA,NA,NA,Oregon,6 - 10 years in prison,Oppose,2,2,1,1,Republican,Democrat,assault with a deadly weapon
Female,White/Caucasian,"40,000 – 49,999",4-year College Degree,Republican,NA,Not a strong Republican,NA,39,No,No,Yes,FALSE,FALSE,TRUE,TRUE,TRUE,FALSE,FALSE,TRUE,FALSE,FALSE,70,70,Neither agree nor disagree,Neither agree nor disagree,Strongly agree,No,No,1 - Not at all,4,2,3,1- Very unlike me,3,3,2,1- Very unlike me,1- Very unlike me,1- Very unlike me,1- Very unlike me,1- Very unlike me,NA,NA,NA,NA,Oregon,Neither support nor oppose,Justified,No,NA,NA,NA,1,1,2,1,Democrat,Republican,NA
Female,African American,"60,000 – 69,999",4-year College Degree,Democrat,NA,NA,Strong Democrat,22,Yes,Yes,Yes,FALSE,TRUE,TRUE,TRUE,FALSE,FALSE,TRUE,FALSE,FALSE,FALSE,100,0,Somewhat disagree,Neither agree nor disagree,Neither agree nor disagree,No,Yes,3,3,4,3,4,4,3,3,3,3,4,3,4,NA,NA,NA,NA,NA,NA,NA,NA,Alaska,11 - 15 years in prison,Oppose,2,1,1,1,Republican,Democrat,protesting without a permit
Male,White/Caucasian,"40,000 – 49,999",4-year College Degree,Republican,NA,Not a strong Republican,NA,40,No,No,Yes,FALSE,TRUE,FALSE,TRUE,FALSE,FALSE,FALSE,FALSE,TRUE,FALSE,55,49,Somewhat agree,Strongly agree,Strongly disagree,No,No,4,4,3,4,3,3,2,3,2,3,3,2,3,NA,NA,NA,NA,NA,NA,NA,NA,Oregon,4 - 30 days in jail,Support,2,1,2,1,Democrat,Republican,assault with a deadly weapon
Male,White/Caucasian,"80,000 – 89,999",4-year College Degree,Democrat,NA,NA,Strong Democrat,30,NA,NA,NA,TRUE,TRUE,TRUE,TRUE,FALSE,TRUE,TRUE,FALSE,FALSE,TRUE,83,79,Somewhat agree,Somewhat agree,Somewhat agree,Yes,Yes,2,2,2,3,2,2,3,2,3,3,2,2,3,NA,NA,NA,NA,California,Support,Justified,No,NA,NA,NA,1,2,2,1,Republican,Democrat,NA
Female,African American,"Less than 30,000",2-year College Degree,Democrat,NA,NA,Strong Democrat,19,NA,NA,NA,FALSE,TRUE,TRUE,TRUE,TRUE,TRUE,TRUE,FALSE,TRUE,TRUE,61,9,Neither agree nor disagree,Neither agree nor disagree,Neither agree nor disagree,No,No,5 - A great deal,5- Very like me,5- Very like me,5- Very like me,1- Very unlike me,1- Very unlike me,1- Very unlike me,1- Very unlike me,1- Very unlike me,1- Very unlike me,1- Very unlike me,1- Very unlike me,1- Very unlike me,NA,NA,NA,NA,NA,NA,NA,NA,California,4 - 30 days in jail,Support,2,2,1,1,Republican,Democrat,assault with a deadly weapon
Female,Other,"Less than 30,000",Less than High School,Democrat,NA,NA,Not a strong Democrat,30,NA,NA,NA,NA,NA,NA,NA,NA,NA,NA,NA,NA,NA,,,NA,NA,NA,NA,NA,NA,NA,NA,NA,NA,NA,NA,NA,NA,NA,NA,NA,NA,NA,NA,NA,NA,NA,NA,NA,NA,NA,NA,NA,2,1,2,2,NA,NA,NA
Male,White/Caucasian,"30,000 – 39,999",Masters Degree,Democrat,NA,NA,Not a strong Democrat,20,NA,NA,NA,FALSE,TRUE,TRUE,TRUE,FALSE,TRUE,FALSE,TRUE,FALSE,TRUE,5,84,Somewhat agree,Somewhat agree,Somewhat agree,No,Yes,1 - Not at all,3,4,3,2,3,3,3,3,2,1- Very unlike me,2,3,NA,NA,NA,NA,Oregon,Neither support nor oppose,Unjustified,Yes,NA,NA,NA,1,2,2,4,Republican,Democrat,NA
Female,White/Caucasian,"Less than 30,000",High School / GED,Democrat,NA,NA,Not a strong Democrat,43,NA,NA,NA,NA,NA,NA,NA,NA,NA,NA,NA,NA,NA,,,NA,NA,NA,NA,NA,NA,NA,NA,NA,NA,NA,NA,NA,NA,NA,NA,NA,NA,NA,NA,NA,NA,NA,NA,NA,NA,NA,NA,NA,1,1,1,2,NA,NA,NA
Female,White/Caucasian,"Less than 30,000",Some College,Democrat,NA,NA,Strong Democrat,22,No,No,Yes,TRUE,TRUE,TRUE,TRUE,TRUE,FALSE,FALSE,TRUE,FALSE,FALSE,85,19,Neither agree nor disagree,Somewhat agree,Neither agree nor disagree,No,No,5 - A great deal,1- Very unlike me,5- Very like me,3,1- Very unlike me,5- Very like me,5- Very like me,1- Very unlike me,1- Very unlike me,1- Very unlike me,1- Very unlike me,1- Very unlike me,1- Very unlike me,NA,NA,NA,NA,NA,NA,NA,NA,Oregon,6 - 10 years in prison,Neither support nor oppose,2,1,1,1,Republican,Democrat,murder
Female,White/Caucasian,"30,000 – 39,999",Some College,Independent,Republican Party,NA,NA,33,No,No,No,FALSE,FALSE,TRUE,TRUE,TRUE,FALSE,FALSE,FALSE,FALSE,FALSE,83,93,Somewhat agree,Neither agree nor disagree,Neither agree nor disagree,No,No,1 - Not at all,1- Very unlike me,3,1- Very unlike me,1- Very unlike me,3,3,1- Very unlike me,1- Very unlike me,5- Very like me,2,2,2,Texas,Support,Justified,No,NA,NA,NA,NA,NA,NA,NA,1,1,1,1,Democrat,Republican,NA
Female,White/Caucasian,"Less than 30,000",Less than High School,Republican,NA,Strong Republican,NA,73,No,No,Yes,TRUE,TRUE,TRUE,TRUE,TRUE,FALSE,FALSE,FALSE,FALSE,TRUE,20,74,Neither agree nor disagree,Strongly disagree,Neither agree nor disagree,No,No,1 - Not at all,1- Very unlike me,3,2,1- Very unlike me,1- Very unlike me,2,1- Very unlike me,1- Very unlike me,2,1- Very unlike me,1- Very unlike me,1- Very unlike me,NA,NA,NA,NA,NA,NA,NA,NA,Oregon,Community service,Neither support nor oppose,2,1,1,1,Democrat,Republican,vandalism
Female,White/Caucasian,"100,000 or more",High School / GED,Democrat,NA,NA,Strong Democrat,42,NA,NA,NA,NA,NA,NA,NA,NA,NA,NA,NA,NA,NA,,,NA,NA,NA,NA,NA,NA,NA,NA,NA,NA,NA,NA,NA,NA,NA,NA,NA,NA,NA,NA,NA,NA,NA,NA,NA,NA,NA,NA,NA,1,1,1,2,NA,NA,NA
Male,White/Caucasian,"Less than 30,000",High School / GED,Democrat,NA,NA,Strong Democrat,31,No,No,No,TRUE,FALSE,TRUE,TRUE,FALSE,TRUE,TRUE,TRUE,TRUE,FALSE,100,100,Strongly agree,Strongly disagree,Strongly disagree,No,No,4,1- Very unlike me,3,3,1- Very unlike me,1- Very unlike me,1- Very unlike me,1- Very unlike me,5- Very like me,1- Very unlike me,1- Very unlike me,2,2,NA,NA,NA,NA,NA,NA,NA,NA,Alaska,2 - 5 years in prison,Support,2,1,1,1,Republican,Democrat,assault with a deadly weapon
Female,White/Caucasian,"70,000 – 79,999",4-year College Degree,Democrat,NA,NA,Strong Democrat,26,Yes,No,Yes,TRUE,TRUE,FALSE,TRUE,FALSE,FALSE,TRUE,TRUE,TRUE,FALSE,91,2,Strongly agree,Somewhat agree,Strongly agree,No,Yes,4,1- Very unlike me,2,4,4,4,1- Very unlike me,1- Very unlike me,1- Very unlike me,4,1- Very unlike me,4,1- Very unlike me,NA,NA,NA,NA,NA,NA,NA,NA,California,4 - 6 months in jail,Oppose,2,1,1,1,Republican,Democrat,vandalism
Male,Asian,"30,000 – 39,999",Some College,Republican,NA,Not a strong Republican,NA,38,No,No,No,TRUE,TRUE,TRUE,TRUE,TRUE,FALSE,FALSE,FALSE,FALSE,FALSE,61,71,Neither agree nor disagree,Strongly disagree,Neither agree nor disagree,No,No,1 - Not at all,1- Very unlike me,1- Very unlike me,1- Very unlike me,1- Very unlike me,1- Very unlike me,1- Very unlike me,1- Very unlike me,1- Very unlike me,1- Very unlike me,1- Very unlike me,1- Very unlike me,1- Very unlike me,NA,NA,NA,NA,NA,NA,NA,NA,Florida,1 - 3 days in jail,Neither support nor oppose,2,2,1,1,Democrat,Republican,protesting without a permit
Male,White/Caucasian,"90,000 – 99,999",Masters Degree,Democrat,NA,NA,Strong Democrat,40,Yes,Yes,Yes,TRUE,TRUE,TRUE,FALSE,TRUE,TRUE,TRUE,FALSE,TRUE,TRUE,100,70,Strongly agree,Somewhat disagree,Somewhat agree,No,Yes,4,3,2,3,3,2,3,3,3,2,3,2,3,Texas,Strongly support,Justified,Yes,NA,NA,NA,NA,NA,NA,NA,1,1,1,1,Republican,Democrat,NA
Male,White/Caucasian,"100,000 or more",Masters Degree,Democrat,NA,NA,Strong Democrat,37,No,No,Yes,TRUE,TRUE,TRUE,TRUE,TRUE,TRUE,FALSE,TRUE,FALSE,FALSE,98,90,Strongly agree,Strongly disagree,Strongly disagree,No,No,5 - A great deal,1- Very unlike me,4,3,4,5- Very like me,3,4,1- Very unlike me,1- Very unlike me,1- Very unlike me,1- Very unlike me,1- Very unlike me,Florida,Strongly oppose,Unjustified,Yes,NA,NA,NA,NA,NA,NA,NA,1,2,1,1,Republican,Democrat,NA
Male,African American,"100,000 or more",4-year College Degree,Democrat,NA,NA,Strong Democrat,34,NA,NA,NA,FALSE,TRUE,TRUE,TRUE,TRUE,FALSE,TRUE,TRUE,FALSE,FALSE,94,1,Neither agree nor disagree,Somewhat agree,Neither agree nor disagree,No,Yes,1 - Not at all,3,2,2,4,4,2,2,3,2,1- Very unlike me,2,1- Very unlike me,Florida,Strongly oppose,Unjustified,Yes,NA,NA,NA,NA,NA,NA,NA,1,2,1,1,Republican,Democrat,NA
Male,Other,"30,000 – 39,999",Less than High School,Democrat,NA,NA,Strong Democrat,25,NA,NA,NA,TRUE,TRUE,TRUE,TRUE,TRUE,TRUE,TRUE,TRUE,TRUE,TRUE,84,72,Neither agree nor disagree,Neither agree nor disagree,Neither agree nor disagree,Yes,Yes,3,3,3,3,4,3,3,3,3,3,3,3,4,NA,NA,NA,NA,NA,NA,NA,NA,Oregon,4 - 30 days in jail,Neither support nor oppose,2,1,2,1,Republican,Democrat,assault with a deadly weapon
Female,Asian,"100,000 or more",Less than High School,Democrat,NA,NA,Not a strong Democrat,18,NA,NA,NA,NA,NA,NA,NA,NA,NA,NA,NA,NA,NA,,,NA,NA,NA,NA,NA,NA,NA,NA,NA,NA,NA,NA,NA,NA,NA,NA,NA,NA,NA,NA,NA,NA,NA,NA,NA,NA,NA,NA,NA,2,2,2,2,NA,NA,NA
Male,African American,"100,000 or more",Masters Degree,Democrat,NA,NA,Strong Democrat,53,NA,NA,NA,FALSE,TRUE,TRUE,FALSE,TRUE,TRUE,FALSE,FALSE,TRUE,TRUE,7,19,Somewhat disagree,Strongly disagree,Strongly disagree,No,No,1 - Not at all,4,3,5- Very like me,3,2,3,1- Very unlike me,1- Very unlike me,1- Very unlike me,3,1- Very unlike me,1- Very unlike me,Florida,Strongly oppose,Unjustified,Yes,NA,NA,NA,NA,NA,NA,NA,1,2,1,1,Republican,Democrat,NA
Female,White/Caucasian,"70,000 – 79,999",Some College,Republican,NA,Strong Republican,NA,30,No,No,No,TRUE,TRUE,TRUE,TRUE,TRUE,FALSE,TRUE,FALSE,FALSE,FALSE,23,100,Neither agree nor disagree,Neither agree nor disagree,Neither agree nor disagree,No,No,1 - Not at all,1- Very unlike me,1- Very unlike me,3,1- Very unlike me,1- Very unlike me,1- Very unlike me,1- Very unlike me,1- Very unlike me,1- Very unlike me,1- Very unlike me,1- Very unlike me,1- Very unlike me,NA,NA,NA,NA,NA,NA,NA,NA,Oregon,11 - 15 years in prison,Oppose,2,1,1,1,Democrat,Republican,assault with a deadly weapon
Male,White/Caucasian,"100,000 or more",Some College,Republican,NA,Not a strong Republican,NA,68,No,Yes,Yes,FALSE,TRUE,TRUE,FALSE,TRUE,FALSE,FALSE,FALSE,FALSE,FALSE,40,40,Neither agree nor disagree,Somewhat disagree,Somewhat agree,No,No,1 - Not at all,1- Very unlike me,3,1- Very unlike me,1- Very unlike me,2,2,1- Very unlike me,1- Very unlike me,3,3,1- Very unlike me,1- Very unlike me,Florida,Strongly oppose,Unjustified,Yes,NA,NA,NA,NA,NA,NA,NA,1,2,1,1,Democrat,Republican,NA
Female,White/Caucasian,"70,000 – 79,999",2-year College Degree,Democrat,NA,NA,Strong Democrat,30,NA,NA,NA,TRUE,FALSE,TRUE,TRUE,TRUE,TRUE,TRUE,TRUE,TRUE,TRUE,32,26,Neither agree nor disagree,Neither agree nor disagree,Neither agree nor disagree,No,No,3,4,3,3,3,3,3,3,4,3,3,2,3,NA,NA,NA,NA,NA,NA,NA,NA,California,7 months to 1 year in jail,Neither support nor oppose,2,2,2,1,Republican,Democrat,murder
Male,Other,"Less than 30,000",High School / GED,Democrat,NA,NA,Strong Democrat,66,NA,NA,NA,FALSE,TRUE,TRUE,TRUE,TRUE,FALSE,FALSE,TRUE,FALSE,FALSE,100,19,Strongly agree,Neither agree nor disagree,Somewhat agree,No,Yes,1 - Not at all,2,2,1- Very unlike me,2,1- Very unlike me,2,1- Very unlike me,1- Very unlike me,1- Very unlike me,1- Very unlike me,1- Very unlike me,1- Very unlike me,Florida,Strongly oppose,Unjustified,Yes,NA,NA,NA,NA,NA,NA,NA,1,1,1,1,Republican,Democrat,NA
Male,White/Caucasian,"Less than 30,000",2-year College Degree,Other,Democratic Party,NA,NA,25,NA,NA,NA,FALSE,TRUE,TRUE,TRUE,TRUE,FALSE,FALSE,TRUE,TRUE,FALSE,80,44,Neither agree nor disagree,Strongly disagree,Strongly disagree,No,No,1 - Not at all,1- Very unlike me,4,3,3,3,2,2,2,4,4,3,1- Very unlike me,NA,NA,NA,NA,NA,NA,NA,NA,California,2 - 3 months in jail,Neither support nor oppose,2,1,1,1,Republican,Democrat,assault with a deadly weapon
Female,African American,"Less than 30,000",High School / GED,Democrat,NA,NA,Not a strong Democrat,29,No,No,Yes,FALSE,TRUE,TRUE,TRUE,TRUE,FALSE,FALSE,TRUE,FALSE,FALSE,71,42,Somewhat agree,Somewhat agree,Neither agree nor disagree,No,No,1 - Not at all,1- Very unlike me,1- Very unlike me,1- Very unlike me,1- Very unlike me,1- Very unlike me,1- Very unlike me,1- Very unlike me,1- Very unlike me,1- Very unlike me,1- Very unlike me,1- Very unlike me,1- Very unlike me,NA,NA,NA,NA,NA,NA,NA,NA,Alaska,2 - 5 years in prison,Oppose,2,2,1,1,Republican,Democrat,arson
Male,African American,"Less than 30,000",High School / GED,Democrat,NA,NA,Not a strong Democrat,32,No,No,No,TRUE,TRUE,TRUE,TRUE,TRUE,FALSE,FALSE,FALSE,FALSE,FALSE,75,50,Neither agree nor disagree,Strongly disagree,Neither agree nor disagree,No,No,1 - Not at all,1- Very unlike me,1- Very unlike me,1- Very unlike me,1- Very unlike me,1- Very unlike me,1- Very unlike me,1- Very unlike me,1- Very unlike me,1- Very unlike me,1- Very unlike me,1- Very unlike me,1- Very unlike me,NA,NA,NA,NA,NA,NA,NA,NA,Washington,2 - 5 years in prison,Strongly oppose,2,2,1,1,Republican,Democrat,assault with a deadly weapon
NA,NA,NA,NA,NA,NA,NA,NA,NA,NA,NA,NA,NA,NA,NA,NA,NA,NA,NA,NA,NA,NA,,,NA,NA,NA,NA,NA,NA,NA,NA,NA,NA,NA,NA,NA,NA,NA,NA,NA,NA,NA,NA,NA,NA,NA,NA,NA,NA,NA,NA,NA,2,2,1,4,NA,NA,NA
Male,African American,"Less than 30,000",High School / GED,Democrat,NA,NA,Not a strong Democrat,57,NA,NA,NA,NA,NA,NA,NA,NA,NA,NA,NA,NA,NA,,,NA,NA,NA,NA,NA,NA,NA,NA,NA,NA,NA,NA,NA,NA,NA,NA,NA,NA,NA,NA,NA,NA,NA,NA,NA,NA,NA,NA,NA,1,2,2,2,NA,NA,NA
Female,Asian,"30,000 – 39,999",Doctoral Degree,Democrat,NA,NA,Not a strong Democrat,20,NA,NA,NA,TRUE,TRUE,TRUE,TRUE,TRUE,TRUE,FALSE,FALSE,TRUE,TRUE,96,91,Somewhat agree,Somewhat agree,Strongly agree,Yes,Yes,2,3,3,3,3,3,3,4,4,4,4,4,4,Kentucky,Support,Unjustified,No,NA,NA,NA,NA,NA,NA,NA,1,1,1,1,Republican,Democrat,NA
Female,White/Caucasian,"40,000 – 49,999",Some College,Republican,NA,Strong Republican,NA,80,NA,NA,NA,NA,NA,NA,NA,NA,NA,NA,NA,NA,NA,,,NA,NA,NA,NA,NA,NA,NA,NA,NA,NA,NA,NA,NA,NA,NA,NA,NA,NA,NA,NA,NA,NA,NA,NA,NA,NA,NA,NA,NA,1,2,2,2,NA,NA,NA
Female,Other,"80,000 – 89,999",High School / GED,Democrat,NA,NA,Not a strong Democrat,53,No,No,Yes,FALSE,TRUE,TRUE,TRUE,TRUE,FALSE,FALSE,TRUE,TRUE,TRUE,54,13,Neither agree nor disagree,Somewhat disagree,Neither agree nor disagree,No,Yes,1 - Not at all,3,2,1- Very unlike me,2,2,3,1- Very unlike me,2,2,1- Very unlike me,1- Very unlike me,1- Very unlike me,Florida,Strongly oppose,Unjustified,Yes,NA,NA,NA,NA,NA,NA,NA,1,1,1,1,Republican,Democrat,NA
Female,White/Caucasian,"50,000 – 59,999",2-year College Degree,Republican,NA,Not a strong Republican,NA,30,Yes,No,Yes,FALSE,TRUE,TRUE,TRUE,TRUE,TRUE,TRUE,TRUE,TRUE,TRUE,53,70,Neither agree nor disagree,Somewhat disagree,Somewhat disagree,No,No,1 - Not at all,2,3,2,1- Very unlike me,1- Very unlike me,3,2,1- Very unlike me,2,1- Very unlike me,2,1- Very unlike me,NA,NA,NA,NA,NA,NA,NA,NA,Alaska,More than 20 years in prison,Strongly oppose,2,2,2,1,Democrat,Republican,murder
Male,Native American,"40,000 – 49,999",Masters Degree,Democrat,NA,NA,Strong Democrat,24,NA,NA,NA,TRUE,TRUE,TRUE,TRUE,FALSE,TRUE,TRUE,TRUE,TRUE,TRUE,69,82,Strongly agree,Somewhat agree,Neither agree nor disagree,Yes,No,2,3,4,5- Very like me,5- Very like me,4,4,4,4,5- Very like me,3,4,4,NA,NA,NA,NA,NA,NA,NA,NA,Louisiana,4 - 6 months in jail,Strongly support,2,2,1,1,Republican,Democrat,assault with a deadly weapon
Male,White/Caucasian,"30,000 – 39,999",2-year College Degree,Republican,NA,Not a strong Republican,NA,20,NA,NA,NA,TRUE,FALSE,TRUE,TRUE,FALSE,FALSE,TRUE,TRUE,TRUE,TRUE,67,22,Strongly agree,Somewhat agree,Somewhat agree,Yes,Yes,5 - A great deal,2,4,3,3,1- Very unlike me,3,2,1- Very unlike me,1- Very unlike me,1- Very unlike me,1- Very unlike me,5- Very like me,NA,NA,NA,NA,California,Strongly support,Unjustified,Yes,NA,NA,NA,1,1,2,4,Democrat,Republican,NA
Male,White/Caucasian,"Less than 30,000",High School / GED,Republican,NA,Strong Republican,NA,32,No,No,No,FALSE,TRUE,FALSE,FALSE,TRUE,TRUE,FALSE,TRUE,TRUE,FALSE,53,85,Neither agree nor disagree,Strongly disagree,Strongly disagree,No,No,1 - Not at all,4,2,3,2,1- Very unlike me,3,1- Very unlike me,1- Very unlike me,3,1- Very unlike me,3,2,NA,NA,NA,NA,Oregon,Neither support nor oppose,Unjustified,Yes,NA,NA,NA,1,2,2,1,Democrat,Republican,NA
Male,White/Caucasian,"30,000 – 39,999",4-year College Degree,Republican,NA,Strong Republican,NA,55,No,No,Yes,FALSE,TRUE,TRUE,TRUE,FALSE,TRUE,FALSE,FALSE,FALSE,TRUE,26,95,Somewhat agree,Somewhat disagree,Somewhat agree,No,No,1 - Not at all,1- Very unlike me,4,2,1- Very unlike me,2,3,2,1- Very unlike me,2,2,2,1- Very unlike me,NA,NA,NA,NA,Oregon,Oppose,Unjustified,No,NA,NA,NA,1,1,2,1,Democrat,Republican,NA
Female,White/Caucasian,"Less than 30,000",4-year College Degree,Democrat,NA,NA,Strong Democrat,45,Yes,No,Yes,FALSE,TRUE,FALSE,TRUE,TRUE,FALSE,FALSE,FALSE,FALSE,FALSE,91,60,Neither agree nor disagree,Strongly disagree,Strongly disagree,No,No,3,1- Very unlike me,3,3,2,2,2,1- Very unlike me,2,1- Very unlike me,1- Very unlike me,1- Very unlike me,1- Very unlike me,Georgia,Neither support nor oppose,Unjustified,No,NA,NA,NA,NA,NA,NA,NA,1,2,1,1,Republican,Democrat,NA
Female,White/Caucasian,"70,000 – 79,999",Less than High School,Democrat,NA,NA,Strong Democrat,36,No,No,Yes,TRUE,TRUE,TRUE,FALSE,TRUE,FALSE,FALSE,FALSE,FALSE,FALSE,58,35,Neither agree nor disagree,Strongly agree,Strongly agree,No,No,1 - Not at all,2,1- Very unlike me,3,3,2,3,3,1- Very unlike me,2,4,5- Very like me,3,NA,NA,NA,NA,NA,NA,NA,NA,Florida,6 - 10 years in prison,Neither support nor oppose,2,2,1,1,Republican,Democrat,murder
Female,White/Caucasian,"40,000 – 49,999",High School / GED,Democrat,NA,NA,Not a strong Democrat,21,NA,NA,NA,FALSE,TRUE,TRUE,TRUE,TRUE,TRUE,FALSE,TRUE,FALSE,TRUE,72,58,Somewhat agree,Strongly disagree,Somewhat agree,No,No,3,4,3,3,1- Very unlike me,2,1- Very unlike me,1- Very unlike me,1- Very unlike me,3,3,1- Very unlike me,1- Very unlike me,NA,NA,NA,NA,Washington,Support,Unjustified,Yes,NA,NA,NA,1,2,2,1,Republican,Democrat,NA
Male,White/Caucasian,"Less than 30,000",High School / GED,Democrat,NA,NA,Not a strong Democrat,18,NA,NA,NA,NA,NA,NA,NA,NA,NA,NA,NA,NA,NA,,,NA,NA,NA,NA,NA,NA,NA,NA,NA,NA,NA,NA,NA,NA,NA,NA,NA,NA,NA,NA,NA,NA,NA,NA,NA,NA,NA,NA,NA,2,1,1,2,NA,NA,NA
Female,African American,"70,000 – 79,999",2-year College Degree,Democrat,NA,NA,Strong Democrat,31,NA,NA,NA,TRUE,TRUE,TRUE,TRUE,TRUE,FALSE,TRUE,TRUE,TRUE,TRUE,69,79,Somewhat agree,Strongly agree,Somewhat agree,Yes,Yes,3,2,3,3,3,3,4,4,5- Very like me,5- Very like me,3,5- Very like me,4,Florida,Strongly support,Justified,Yes,NA,NA,NA,NA,NA,NA,NA,1,1,1,4,Republican,Democrat,NA
Female,White/Caucasian,"50,000 – 59,999",Masters Degree,Democrat,NA,NA,Not a strong Democrat,41,No,No,Yes,TRUE,TRUE,TRUE,TRUE,TRUE,FALSE,FALSE,FALSE,TRUE,FALSE,71,40,Neither agree nor disagree,Somewhat disagree,Neither agree nor disagree,No,No,2,1- Very unlike me,1- Very unlike me,2,1- Very unlike me,1- Very unlike me,3,1- Very unlike me,1- Very unlike me,1- Very unlike me,1- Very unlike me,1- Very unlike me,1- Very unlike me,NA,NA,NA,NA,NA,NA,NA,NA,California,11 - 15 years in prison,Strongly oppose,2,1,2,1,Republican,Democrat,assault with a deadly weapon
Female,White/Caucasian,"Less than 30,000",High School / GED,Democrat,NA,NA,Not a strong Democrat,19,NA,NA,NA,FALSE,TRUE,TRUE,TRUE,TRUE,FALSE,FALSE,TRUE,FALSE,FALSE,77,18,Strongly disagree,Neither agree nor disagree,Strongly disagree,No,No,1 - Not at all,2,2,1- Very unlike me,2,2,1- Very unlike me,3,1- Very unlike me,1- Very unlike me,2,1- Very unlike me,1- Very unlike me,NA,NA,NA,NA,NA,NA,NA,NA,Oregon,4 - 30 days in jail,Neither support nor oppose,2,2,1,1,Republican,Democrat,assault
Male,White/Caucasian,"50,000 – 59,999",2-year College Degree,Republican,NA,Not a strong Republican,NA,67,No,No,Yes,TRUE,FALSE,TRUE,TRUE,TRUE,FALSE,FALSE,TRUE,TRUE,FALSE,50,52,Neither agree nor disagree,Neither agree nor disagree,Somewhat disagree,No,No,1 - Not at all,3,3,2,3,2,3,3,2,2,2,2,2,Florida,Strongly oppose,Unjustified,Yes,NA,NA,NA,NA,NA,NA,NA,1,1,1,1,Democrat,Republican,NA
Female,Other,"Less than 30,000",4-year College Degree,Democrat,NA,NA,Strong Democrat,63,NA,NA,NA,TRUE,TRUE,TRUE,TRUE,TRUE,FALSE,FALSE,TRUE,FALSE,FALSE,100,0,Strongly agree,Neither agree nor disagree,Neither agree nor disagree,No,Yes,1 - Not at all,1- Very unlike me,1- Very unlike me,3,2,3,3,1- Very unlike me,1- Very unlike me,5- Very like me,1- Very unlike me,1- Very unlike me,1- Very unlike me,NA,NA,NA,NA,NA,NA,NA,NA,Oregon,7 months to 1 year in jail,Neither support nor oppose,2,1,1,1,Republican,Democrat,assault with a deadly weapon
Female,Other,"100,000 or more",4-year College Degree,Democrat,NA,NA,Not a strong Democrat,26,No,No,Yes,TRUE,TRUE,TRUE,TRUE,TRUE,FALSE,FALSE,TRUE,TRUE,FALSE,92,24,Neither agree nor disagree,Neither agree nor disagree,Neither agree nor disagree,No,No,1 - Not at all,4,2,4,5- Very like me,4,3,3,3,4,2,2,3,NA,NA,NA,NA,NA,NA,NA,NA,Texas,7 months to 1 year in jail,Oppose,2,2,1,1,Republican,Democrat,assault with a deadly weapon
Male,White/Caucasian,"40,000 – 49,999",Some College,Democrat,NA,NA,Strong Democrat,25,NA,NA,NA,TRUE,TRUE,TRUE,TRUE,TRUE,FALSE,TRUE,TRUE,TRUE,FALSE,100,0,Somewhat agree,Strongly agree,Strongly agree,Yes,Yes,5 - A great deal,1- Very unlike me,2,1- Very unlike me,5- Very like me,2,1- Very unlike me,4,1- Very unlike me,2,1- Very unlike me,3,1- Very unlike me,NA,NA,NA,NA,Oregon,Neither support nor oppose,Unjustified,Yes,NA,NA,NA,1,2,2,1,Republican,Democrat,NA
Female,Native American,"70,000 – 79,999",2-year College Degree,Democrat,NA,NA,Strong Democrat,24,No,No,Yes,TRUE,TRUE,TRUE,TRUE,TRUE,FALSE,FALSE,TRUE,FALSE,FALSE,86,16,Strongly agree,Somewhat agree,Neither agree nor disagree,No,No,4,3,2,4,5- Very like me,4,3,3,4,5- Very like me,3,2,3,Alabama,Strongly oppose,Unjustified,Yes,NA,NA,NA,NA,NA,NA,NA,1,1,1,1,Republican,Democrat,NA
Male,Other,"Less than 30,000",Some College,Republican,NA,Strong Republican,NA,33,No,No,No,FALSE,TRUE,TRUE,TRUE,TRUE,FALSE,TRUE,TRUE,FALSE,FALSE,98,100,Strongly agree,Neither agree nor disagree,Neither agree nor disagree,No,No,1 - Not at all,4,3,2,5- Very like me,2,2,2,1- Very unlike me,1- Very unlike me,5- Very like me,5- Very like me,3,NA,NA,NA,NA,NA,NA,NA,NA,California,6 - 10 years in prison,Oppose,2,2,1,1,Democrat,Republican,arson
Male,White/Caucasian,"50,000 – 59,999",4-year College Degree,Republican,NA,Not a strong Republican,NA,66,No,No,Yes,TRUE,FALSE,TRUE,TRUE,TRUE,FALSE,FALSE,FALSE,FALSE,FALSE,32,71,Neither agree nor disagree,Somewhat disagree,Neither agree nor disagree,No,No,1 - Not at all,1- Very unlike me,3,2,1- Very unlike me,2,2,1- Very unlike me,1- Very unlike me,1- Very unlike me,1- Very unlike me,3,2,Florida,Oppose,Unjustified,Yes,NA,NA,NA,NA,NA,NA,NA,1,1,1,1,Democrat,Republican,NA
Female,Other,"40,000 – 49,999",4-year College Degree,Democrat,NA,NA,Not a strong Democrat,25,NA,NA,NA,FALSE,TRUE,FALSE,TRUE,TRUE,TRUE,FALSE,TRUE,FALSE,FALSE,86,25,Neither agree nor disagree,Neither agree nor disagree,Neither agree nor disagree,No,No,1 - Not at all,3,4,2,2,4,1- Very unlike me,2,3,1- Very unlike me,3,3,1- Very unlike me,NA,NA,NA,NA,Oregon,Neither support nor oppose,Unjustified,Yes,NA,NA,NA,1,1,2,1,Republican,Democrat,NA
Female,White/Caucasian,"40,000 – 49,999",High School / GED,Democrat,NA,NA,Strong Democrat,40,NA,NA,NA,NA,NA,NA,NA,NA,NA,NA,NA,NA,NA,,,NA,NA,NA,NA,NA,NA,NA,NA,NA,NA,NA,NA,NA,NA,NA,NA,NA,NA,NA,NA,NA,NA,NA,NA,NA,NA,NA,NA,NA,2,1,1,2,NA,NA,NA
Male,Other,"30,000 – 39,999",2-year College Degree,Republican,NA,Not a strong Republican,NA,Under 18,NA,NA,NA,NA,NA,NA,NA,NA,NA,NA,NA,NA,NA,,,NA,NA,NA,NA,NA,NA,NA,NA,NA,NA,NA,NA,NA,NA,NA,NA,NA,NA,NA,NA,NA,NA,NA,NA,NA,NA,NA,NA,NA,1,2,1,2,NA,NA,NA
Male,Pacific Islander,"80,000 – 89,999",4-year College Degree,Independent,Democratic Party,NA,NA,25,NA,NA,NA,NA,NA,NA,NA,NA,NA,NA,NA,NA,NA,,,NA,NA,NA,NA,NA,NA,NA,NA,NA,NA,NA,NA,NA,NA,NA,NA,NA,NA,NA,NA,NA,NA,NA,NA,NA,NA,NA,NA,NA,2,1,2,2,NA,NA,NA
Female,African American,"Less than 30,000",High School / GED,Democrat,NA,NA,Strong Democrat,42,NA,NA,NA,NA,NA,NA,NA,NA,NA,NA,NA,NA,NA,,,NA,NA,NA,NA,NA,NA,NA,NA,NA,NA,NA,NA,NA,NA,NA,NA,NA,NA,NA,NA,NA,NA,NA,NA,NA,NA,NA,NA,NA,2,2,1,2,NA,NA,NA
Female,White/Caucasian,"100,000 or more",2-year College Degree,Democrat,NA,NA,Strong Democrat,29,No,No,Yes,FALSE,TRUE,TRUE,TRUE,TRUE,FALSE,FALSE,FALSE,FALSE,TRUE,84,16,Somewhat agree,Somewhat agree,Neither agree nor disagree,No,No,3,1- Very unlike me,5- Very like me,3,4,2,4,3,1- Very unlike me,1- Very unlike me,1- Very unlike me,1- Very unlike me,2,NA,NA,NA,NA,NA,NA,NA,NA,Louisiana,11 - 15 years in prison,Oppose,2,1,1,1,Republican,Democrat,murder
Male,White/Caucasian,"60,000 – 69,999",2-year College Degree,Democrat,NA,NA,Strong Democrat,62,NA,NA,NA,NA,NA,NA,NA,NA,NA,NA,NA,NA,NA,,,NA,NA,NA,NA,NA,NA,NA,NA,NA,NA,NA,NA,NA,NA,NA,NA,NA,NA,NA,NA,NA,NA,NA,NA,NA,NA,NA,NA,NA,1,1,2,2,NA,NA,NA
Female,White/Caucasian,"60,000 – 69,999",2-year College Degree,Democrat,NA,NA,Strong Democrat,21,No,No,No,TRUE,FALSE,TRUE,TRUE,TRUE,FALSE,FALSE,FALSE,TRUE,TRUE,99,94,Neither agree nor disagree,Somewhat agree,Neither agree nor disagree,No,No,1 - Not at all,4,1- Very unlike me,4,4,3,2,5- Very like me,4,5- Very like me,1- Very unlike me,5- Very like me,4,NA,NA,NA,NA,Arizona,Neither support nor oppose,Unjustified,Yes,NA,NA,NA,1,2,2,1,Republican,Democrat,NA
Male,White/Caucasian,"100,000 or more",Masters Degree,Republican,NA,Not a strong Republican,NA,36,No,No,Yes,TRUE,TRUE,TRUE,TRUE,TRUE,TRUE,FALSE,FALSE,FALSE,FALSE,88,85,Neither agree nor disagree,Strongly disagree,Neither agree nor disagree,No,No,4,4,4,3,3,2,4,3,4,4,1- Very unlike me,2,1- Very unlike me,Florida,Support,Justified,Yes,NA,NA,NA,NA,NA,NA,NA,1,2,1,1,Democrat,Republican,NA
Male,Other,"90,000 – 99,999",High School / GED,Democrat,NA,NA,Strong Democrat,50,Yes,Yes,Yes,TRUE,TRUE,TRUE,TRUE,TRUE,FALSE,FALSE,TRUE,FALSE,FALSE,79,21,Neither agree nor disagree,Neither agree nor disagree,Neither agree nor disagree,No,No,1 - Not at all,3,1- Very unlike me,4,3,2,3,1- Very unlike me,1- Very unlike me,1- Very unlike me,1- Very unlike me,1- Very unlike me,1- Very unlike me,NA,NA,NA,NA,NA,NA,NA,NA,Louisiana,1 - 3 days in jail,Support,2,2,2,1,Republican,Democrat,assault
Female,White/Caucasian,"Less than 30,000",Some College,Democrat,NA,NA,Strong Democrat,29,No,No,Yes,TRUE,TRUE,TRUE,TRUE,TRUE,FALSE,FALSE,FALSE,FALSE,FALSE,100,0,Neither agree nor disagree,Strongly agree,Strongly agree,No,No,1 - Not at all,1- Very unlike me,3,5- Very like me,2,1- Very unlike me,1- Very unlike me,1- Very unlike me,1- Very unlike me,1- Very unlike me,1- Very unlike me,1- Very unlike me,1- Very unlike me,NA,NA,NA,NA,NA,NA,NA,NA,Oregon,More than 20 years in prison,Strongly oppose,2,1,2,1,Republican,Democrat,murder
Female,Other,"Less than 30,000",Less than High School,Democrat,NA,NA,Not a strong Democrat,30,NA,NA,NA,NA,NA,NA,NA,NA,NA,NA,NA,NA,NA,,,NA,NA,NA,NA,NA,NA,NA,NA,NA,NA,NA,NA,NA,NA,NA,NA,NA,NA,NA,NA,NA,NA,NA,NA,NA,NA,NA,NA,NA,1,1,1,2,NA,NA,NA
Female,White/Caucasian,"50,000 – 59,999",High School / GED,Democrat,NA,NA,Strong Democrat,34,No,No,Yes,FALSE,FALSE,TRUE,TRUE,TRUE,FALSE,FALSE,FALSE,TRUE,TRUE,97,1,Neither agree nor disagree,Somewhat disagree,Neither agree nor disagree,No,No,1 - Not at all,1- Very unlike me,3,5- Very like me,1- Very unlike me,1- Very unlike me,5- Very like me,1- Very unlike me,1- Very unlike me,1- Very unlike me,1- Very unlike me,5- Very like me,1- Very unlike me,NA,NA,NA,NA,Oregon,Oppose,Unjustified,No,NA,NA,NA,1,1,2,1,Republican,Democrat,NA
Male,White/Caucasian,"Less than 30,000",High School / GED,Democrat,NA,NA,Strong Democrat,21,NA,NA,NA,TRUE,TRUE,TRUE,TRUE,TRUE,FALSE,FALSE,TRUE,FALSE,TRUE,90,30,Somewhat agree,Neither agree nor disagree,Neither agree nor disagree,No,No,1 - Not at all,2,3,2,5- Very like me,1- Very unlike me,3,2,1- Very unlike me,1- Very unlike me,1- Very unlike me,4,1- Very unlike me,Florida,Oppose,Unjustified,No,NA,NA,NA,NA,NA,NA,NA,1,1,1,1,Republican,Democrat,NA
Female,White/Caucasian,"30,000 – 39,999",High School / GED,Democrat,NA,NA,Strong Democrat,20,Yes,No,Yes,TRUE,TRUE,TRUE,TRUE,TRUE,FALSE,FALSE,FALSE,FALSE,TRUE,100,8,Somewhat agree,Strongly disagree,Somewhat agree,No,No,2,3,1- Very unlike me,3,2,2,2,1- Very unlike me,1- Very unlike me,1- Very unlike me,1- Very unlike me,1- Very unlike me,2,NA,NA,NA,NA,Washington,Neither support nor oppose,Unjustified,Yes,NA,NA,NA,1,2,2,1,Republican,Democrat,NA
Female,White/Caucasian,"90,000 – 99,999",Doctoral Degree,Democrat,NA,NA,Not a strong Democrat,55,No,No,Yes,TRUE,TRUE,TRUE,FALSE,TRUE,TRUE,FALSE,TRUE,FALSE,FALSE,51,51,Neither agree nor disagree,Strongly disagree,Neither agree nor disagree,No,No,1 - Not at all,1- Very unlike me,1- Very unlike me,3,1- Very unlike me,1- Very unlike me,1- Very unlike me,1- Very unlike me,1- Very unlike me,1- Very unlike me,1- Very unlike me,1- Very unlike me,1- Very unlike me,NA,NA,NA,NA,NA,NA,NA,NA,Oregon,Community service,Support,2,1,1,1,Republican,Democrat,protesting without a permit
Male,White/Caucasian,"80,000 – 89,999",Masters Degree,Independent,Democratic Party,NA,NA,38,Yes,Yes,Yes,FALSE,TRUE,TRUE,TRUE,TRUE,TRUE,TRUE,TRUE,TRUE,TRUE,85,73,Strongly agree,Neither agree nor disagree,Somewhat agree,Yes,Yes,4,4,3,4,4,5- Very like me,4,3,4,4,4,4,4,Texas,Strongly support,Justified,Yes,NA,NA,NA,NA,NA,NA,NA,1,2,1,1,Republican,Democrat,NA
Female,African American,"40,000 – 49,999",High School / GED,Republican,NA,Strong Republican,NA,18,NA,NA,NA,TRUE,FALSE,TRUE,TRUE,TRUE,FALSE,FALSE,FALSE,FALSE,FALSE,67,73,Neither agree nor disagree,Strongly agree,Somewhat disagree,Yes,No,3,3,4,5- Very like me,2,3,4,3,4,3,1- Very unlike me,1- Very unlike me,2,NA,NA,NA,NA,NA,NA,NA,NA,Florida,4 - 6 months in jail,Support,2,1,2,1,Democrat,Republican,protesting without a permit
Female,White/Caucasian,"50,000 – 59,999",2-year College Degree,Democrat,NA,NA,Strong Democrat,24,Yes,No,Yes,FALSE,TRUE,TRUE,FALSE,TRUE,TRUE,TRUE,TRUE,TRUE,TRUE,100,2,Neither agree nor disagree,Strongly disagree,Neither agree nor disagree,No,Yes,1 - Not at all,3,3,4,3,1- Very unlike me,3,4,3,3,3,2,3,NA,NA,NA,NA,NA,NA,NA,NA,Alaska,7 months to 1 year in jail,Strongly oppose,2,1,1,1,Republican,Democrat,assault with a deadly weapon
Male,White/Caucasian,"100,000 or more",Doctoral Degree,Democrat,NA,NA,Strong Democrat,35,Yes,No,Yes,TRUE,TRUE,TRUE,TRUE,TRUE,TRUE,TRUE,TRUE,TRUE,TRUE,75,60,Strongly agree,Somewhat agree,Somewhat agree,Yes,Yes,5 - A great deal,5- Very like me,4,3,4,4,4,4,4,5- Very like me,5- Very like me,4,5- Very like me,NA,NA,NA,NA,NA,NA,NA,NA,California,2 - 3 months in jail,Strongly support,2,1,2,1,Republican,Democrat,protesting without a permit
Female,White/Caucasian,"100,000 or more",High School / GED,Democrat,NA,NA,Not a strong Democrat,56,No,No,Yes,TRUE,TRUE,TRUE,TRUE,TRUE,FALSE,FALSE,TRUE,FALSE,FALSE,80,20,Somewhat agree,Strongly disagree,Neither agree nor disagree,No,No,1 - Not at all,1- Very unlike me,1- Very unlike me,1- Very unlike me,1- Very unlike me,1- Very unlike me,1- Very unlike me,1- Very unlike me,1- Very unlike me,1- Very unlike me,1- Very unlike me,1- Very unlike me,1- Very unlike me,Florida,Strongly oppose,Unjustified,Yes,NA,NA,NA,NA,NA,NA,NA,1,2,1,1,Republican,Democrat,NA
Male,Other,"Less than 30,000",High School / GED,Democrat,NA,NA,Not a strong Democrat,43,No,No,Yes,TRUE,TRUE,TRUE,TRUE,TRUE,FALSE,FALSE,TRUE,TRUE,FALSE,87,25,Neither agree nor disagree,Strongly disagree,Strongly disagree,No,No,1 - Not at all,3,1- Very unlike me,1- Very unlike me,3,1- Very unlike me,3,1- Very unlike me,1- Very unlike me,1- Very unlike me,1- Very unlike me,1- Very unlike me,1- Very unlike me,NA,NA,NA,NA,Oregon,Strongly oppose,Unjustified,Yes,NA,NA,NA,1,1,2,1,Republican,Democrat,NA
Female,Native American,"Less than 30,000",Some College,Republican,NA,Strong Republican,NA,20,Yes,No,Yes,TRUE,TRUE,TRUE,TRUE,TRUE,FALSE,FALSE,TRUE,FALSE,FALSE,69,71,Neither agree nor disagree,Strongly disagree,Neither agree nor disagree,No,No,1 - Not at all,1- Very unlike me,2,2,1- Very unlike me,2,1- Very unlike me,1- Very unlike me,1- Very unlike me,1- Very unlike me,1- Very unlike me,1- Very unlike me,1- Very unlike me,NA,NA,NA,NA,California,Strongly oppose,Unjustified,Yes,NA,NA,NA,1,2,2,1,Democrat,Republican,NA
Female,White/Caucasian,"Less than 30,000",Masters Degree,Democrat,NA,NA,Strong Democrat,62,No,No,Yes,FALSE,TRUE,TRUE,TRUE,TRUE,TRUE,FALSE,TRUE,FALSE,TRUE,81,8,Neither agree nor disagree,Strongly disagree,Neither agree nor disagree,No,No,1 - Not at all,1- Very unlike me,3,2,1- Very unlike me,4,2,1- Very unlike me,2,3,1- Very unlike me,2,1- Very unlike me,NA,NA,NA,NA,NA,NA,NA,NA,Alaska,More than 20 years in prison,Oppose,2,1,2,1,Republican,Democrat,murder
Female,White/Caucasian,"40,000 – 49,999",2-year College Degree,Democrat,NA,NA,Strong Democrat,23,No,No,Yes,FALSE,TRUE,TRUE,TRUE,TRUE,FALSE,FALSE,TRUE,FALSE,FALSE,80,40,Neither agree nor disagree,Strongly disagree,Neither agree nor disagree,No,No,1 - Not at all,1- Very unlike me,2,3,2,2,2,2,1- Very unlike me,3,3,3,2,Florida,Neither support nor oppose,Unjustified,Yes,NA,NA,NA,NA,NA,NA,NA,1,1,1,1,Republican,Democrat,NA
Male,White/Caucasian,"Less than 30,000",High School / GED,Republican,NA,Strong Republican,NA,18,NA,NA,NA,TRUE,TRUE,TRUE,TRUE,TRUE,TRUE,FALSE,TRUE,FALSE,FALSE,11,100,Somewhat disagree,Strongly disagree,Strongly disagree,No,No,1 - Not at all,1- Very unlike me,5- Very like me,2,1- Very unlike me,5- Very like me,1- Very unlike me,1- Very unlike me,1- Very unlike me,4,1- Very unlike me,1- Very unlike me,1- Very unlike me,NA,NA,NA,NA,NA,NA,NA,NA,Florida,Community service,Strongly support,2,2,1,1,Democrat,Republican,assault
Female,White/Caucasian,"Less than 30,000",High School / GED,Democrat,NA,NA,Strong Democrat,24,No,No,Yes,TRUE,TRUE,TRUE,TRUE,TRUE,FALSE,FALSE,FALSE,FALSE,FALSE,100,0,Neither agree nor disagree,Strongly disagree,Neither agree nor disagree,No,No,1 - Not at all,1- Very unlike me,1- Very unlike me,1- Very unlike me,1- Very unlike me,1- Very unlike me,1- Very unlike me,1- Very unlike me,1- Very unlike me,1- Very unlike me,1- Very unlike me,1- Very unlike me,1- Very unlike me,NA,NA,NA,NA,Oregon,Oppose,Unjustified,Yes,NA,NA,NA,1,1,2,1,Republican,Democrat,NA
Female,African American,"40,000 – 49,999",4-year College Degree,Democrat,NA,NA,Strong Democrat,26,NA,NA,NA,FALSE,TRUE,TRUE,TRUE,TRUE,TRUE,TRUE,TRUE,TRUE,TRUE,100,0,Strongly agree,Strongly agree,Neither agree nor disagree,No,Yes,5 - A great deal,5- Very like me,5- Very like me,4,5- Very like me,5- Very like me,5- Very like me,5- Very like me,5- Very like me,5- Very like me,5- Very like me,5- Very like me,5- Very like me,NA,NA,NA,NA,NA,NA,NA,NA,Washington,More than 20 years in prison,Strongly oppose,2,1,2,1,Republican,Democrat,protesting without a permit
Female,Native American,"30,000 – 39,999",Some College,Democrat,NA,NA,Strong Democrat,33,No,Yes,Yes,FALSE,TRUE,TRUE,TRUE,TRUE,TRUE,TRUE,TRUE,TRUE,TRUE,39,0,Neither agree nor disagree,Neither agree nor disagree,Neither agree nor disagree,No,No,1 - Not at all,1- Very unlike me,2,3,1- Very unlike me,1- Very unlike me,1- Very unlike me,1- Very unlike me,1- Very unlike me,1- Very unlike me,1- Very unlike me,2,1- Very unlike me,Florida,Neither support nor oppose,Unjustified,Yes,NA,NA,NA,NA,NA,NA,NA,1,1,1,1,Republican,Democrat,NA
Male,Other,"Less than 30,000",High School / GED,Republican,NA,Strong Republican,NA,57,No,No,No,TRUE,FALSE,TRUE,TRUE,TRUE,FALSE,FALSE,TRUE,FALSE,FALSE,0,100,Strongly agree,Strongly agree,Strongly agree,No,No,NA,5- Very like me,5- Very like me,5- Very like me,1- Very unlike me,1- Very unlike me,5- Very like me,1- Very unlike me,1- Very unlike me,1- Very unlike me,1- Very unlike me,5- Very like me,5- Very like me,NA,NA,NA,NA,NA,NA,NA,NA,Washington,More than 20 years in prison,Strongly oppose,2,2,1,1,Democrat,Republican,murder
Male,White/Caucasian,"70,000 – 79,999",Masters Degree,Democrat,NA,NA,Strong Democrat,30,NA,NA,NA,TRUE,FALSE,TRUE,TRUE,TRUE,FALSE,FALSE,TRUE,FALSE,FALSE,80,30,Somewhat agree,Strongly disagree,Strongly disagree,No,No,1 - Not at all,1- Very unlike me,2,2,1- Very unlike me,1- Very unlike me,2,1- Very unlike me,1- Very unlike me,1- Very unlike me,1- Very unlike me,2,2,Florida,Neither support nor oppose,Justified,No,NA,NA,NA,NA,NA,NA,NA,1,2,1,1,Republican,Democrat,NA
Female,White/Caucasian,"60,000 – 69,999",High School / GED,Republican,NA,Strong Republican,NA,68,No,No,Yes,TRUE,TRUE,TRUE,TRUE,TRUE,FALSE,TRUE,FALSE,FALSE,FALSE,10,92,Strongly disagree,Neither agree nor disagree,Neither agree nor disagree,No,No,1 - Not at all,2,1- Very unlike me,2,1- Very unlike me,1- Very unlike me,3,1- Very unlike me,1- Very unlike me,3,1- Very unlike me,3,1- Very unlike me,Florida,Oppose,Unjustified,Yes,NA,NA,NA,NA,NA,NA,NA,1,2,1,1,Democrat,Republican,NA
Female,White/Caucasian,"90,000 – 99,999",Some College,Republican,NA,Not a strong Republican,NA,57,No,Yes,Yes,FALSE,FALSE,TRUE,TRUE,TRUE,TRUE,TRUE,TRUE,TRUE,TRUE,45,40,Somewhat agree,Neither agree nor disagree,Neither agree nor disagree,No,No,1 - Not at all,1- Very unlike me,4,2,1- Very unlike me,2,3,4,1- Very unlike me,2,3,1- Very unlike me,1- Very unlike me,Florida,Strongly oppose,Unjustified,Yes,NA,NA,NA,NA,NA,NA,NA,1,2,1,1,Democrat,Republican,NA
Female,White/Caucasian,"100,000 or more",4-year College Degree,Independent,Democratic Party,NA,NA,41,Yes,No,Yes,FALSE,TRUE,TRUE,TRUE,TRUE,FALSE,FALSE,FALSE,FALSE,FALSE,100,0,Somewhat agree,Somewhat disagree,Neither agree nor disagree,No,No,1 - Not at all,3,1- Very unlike me,2,3,1- Very unlike me,2,1- Very unlike me,1- Very unlike me,1- Very unlike me,1- Very unlike me,1- Very unlike me,1- Very unlike me,NA,NA,NA,NA,NA,NA,NA,NA,Oregon,7 months to 1 year in jail,Strongly oppose,2,1,2,1,Republican,Democrat,assault with a deadly weapon
Female,White/Caucasian,"50,000 – 59,999",4-year College Degree,Democrat,NA,NA,Strong Democrat,36,No,No,Yes,FALSE,TRUE,TRUE,FALSE,TRUE,FALSE,FALSE,TRUE,FALSE,FALSE,100,0,Neither agree nor disagree,Neither agree nor disagree,Neither agree nor disagree,No,No,1 - Not at all,1- Very unlike me,3,3,1- Very unlike me,2,2,2,1- Very unlike me,1- Very unlike me,2,1- Very unlike me,1- Very unlike me,Florida,Neither support nor oppose,Unjustified,Yes,NA,NA,NA,NA,NA,NA,NA,1,1,1,1,Republican,Democrat,NA
Female,African American,"30,000 – 39,999",High School / GED,Democrat,NA,NA,Strong Democrat,28,NA,NA,NA,TRUE,TRUE,TRUE,TRUE,TRUE,FALSE,FALSE,FALSE,FALSE,TRUE,100,14,Somewhat agree,Strongly agree,Neither agree nor disagree,No,No,2,4,3,4,3,4,3,4,3,4,4,3,4,South Carolina,Support,Justified,Yes,NA,NA,NA,NA,NA,NA,NA,1,2,1,1,Republican,Democrat,NA
Female,White/Caucasian,"Less than 30,000",Some College,Republican,NA,Strong Republican,NA,23,No,No,Yes,TRUE,TRUE,TRUE,TRUE,TRUE,TRUE,FALSE,TRUE,TRUE,TRUE,31,100,Neither agree nor disagree,Neither agree nor disagree,Neither agree nor disagree,No,No,1 - Not at all,2,2,2,2,3,2,3,1- Very unlike me,1- Very unlike me,1- Very unlike me,3,2,NA,NA,NA,NA,NA,NA,NA,NA,Florida,More than 20 years in prison,Neither support nor oppose,2,1,1,1,Democrat,Republican,murder
Female,White/Caucasian,"Less than 30,000",Some College,Democrat,NA,NA,Strong Democrat,59,No,No,Yes,FALSE,TRUE,TRUE,TRUE,TRUE,FALSE,FALSE,TRUE,TRUE,FALSE,95,0,Neither agree nor disagree,Somewhat agree,Neither agree nor disagree,No,No,1 - Not at all,1- Very unlike me,2,4,1- Very unlike me,1- Very unlike me,4,1- Very unlike me,1- Very unlike me,1- Very unlike me,1- Very unlike me,2,1- Very unlike me,Florida,Strongly oppose,Unjustified,Yes,NA,NA,NA,NA,NA,NA,NA,1,2,1,1,Republican,Democrat,NA
Female,Other,"Less than 30,000",High School / GED,Democrat,NA,NA,Not a strong Democrat,19,No,No,Yes,FALSE,TRUE,FALSE,TRUE,TRUE,FALSE,FALSE,FALSE,FALSE,TRUE,74,20,Strongly disagree,Somewhat agree,Neither agree nor disagree,No,No,2,1- Very unlike me,3,3,1- Very unlike me,2,3,4,1- Very unlike me,1- Very unlike me,1- Very unlike me,2,1- Very unlike me,NA,NA,NA,NA,Oregon,Strongly oppose,Justified,Yes,NA,NA,NA,1,2,2,1,Republican,Democrat,NA
Female,White/Caucasian,"40,000 – 49,999",4-year College Degree,Republican,NA,Strong Republican,NA,45,No,No,Yes,TRUE,FALSE,TRUE,TRUE,TRUE,FALSE,FALSE,TRUE,TRUE,TRUE,27,78,Neither agree nor disagree,Strongly disagree,Neither agree nor disagree,No,No,1 - Not at all,1- Very unlike me,1- Very unlike me,3,3,1- Very unlike me,4,2,1- Very unlike me,1- Very unlike me,1- Very unlike me,1- Very unlike me,1- Very unlike me,NA,NA,NA,NA,Oregon,Oppose,Unjustified,Yes,NA,NA,NA,1,1,2,1,Democrat,Republican,NA
Male,White/Caucasian,"30,000 – 39,999",High School / GED,Democrat,NA,NA,Not a strong Democrat,35,No,No,Yes,TRUE,TRUE,TRUE,TRUE,TRUE,FALSE,TRUE,TRUE,TRUE,FALSE,65,40,Neither agree nor disagree,Somewhat disagree,Neither agree nor disagree,No,No,2,2,4,2,4,1- Very unlike me,3,1- Very unlike me,2,1- Very unlike me,3,3,3,NA,NA,NA,NA,New Mexico,Neither support nor oppose,Unjustified,Yes,NA,NA,NA,1,2,2,1,Republican,Democrat,NA
Female,Other,"100,000 or more",4-year College Degree,Democrat,NA,NA,Strong Democrat,36,No,No,Yes,TRUE,TRUE,TRUE,TRUE,TRUE,FALSE,FALSE,TRUE,FALSE,FALSE,100,20,Neither agree nor disagree,Neither agree nor disagree,Neither agree nor disagree,No,No,1 - Not at all,1- Very unlike me,3,4,2,2,3,1- Very unlike me,1- Very unlike me,1- Very unlike me,1- Very unlike me,1- Very unlike me,1- Very unlike me,Florida,Oppose,Unjustified,Yes,NA,NA,NA,NA,NA,NA,NA,1,1,1,1,Republican,Democrat,NA
Male,White/Caucasian,"70,000 – 79,999",4-year College Degree,Democrat,NA,NA,Not a strong Democrat,30,NA,NA,NA,TRUE,TRUE,FALSE,FALSE,TRUE,FALSE,TRUE,FALSE,TRUE,TRUE,59,83,Somewhat agree,Neither agree nor disagree,Strongly agree,No,Yes,4,2,3,2,4,2,4,2,3,2,4,2,4,NA,NA,NA,NA,NA,NA,NA,NA,Alaska,6 - 10 years in prison,Neither support nor oppose,2,2,1,4,Republican,Democrat,arson
Female,White/Caucasian,"30,000 – 39,999",2-year College Degree,Democrat,NA,NA,Not a strong Democrat,23,No,Yes,No,TRUE,FALSE,FALSE,TRUE,FALSE,FALSE,TRUE,FALSE,FALSE,TRUE,65,33,Somewhat agree,Neither agree nor disagree,Somewhat agree,Yes,No,3,2,3,3,3,4,1- Very unlike me,2,5- Very like me,1- Very unlike me,4,1- Very unlike me,5- Very like me,NA,NA,NA,NA,California,Support,Unjustified,Yes,NA,NA,NA,1,1,2,4,Republican,Democrat,NA
Female,Asian,"100,000 or more",4-year College Degree,Democrat,NA,NA,Strong Democrat,22,NA,NA,NA,NA,NA,NA,NA,NA,NA,NA,NA,NA,NA,,,NA,NA,NA,NA,NA,NA,NA,NA,NA,NA,NA,NA,NA,NA,NA,NA,NA,NA,NA,NA,NA,NA,NA,NA,NA,NA,NA,NA,NA,2,1,1,2,NA,NA,NA
Male,Other,"Less than 30,000",High School / GED,Republican,NA,Strong Republican,NA,25,NA,NA,NA,TRUE,TRUE,TRUE,TRUE,TRUE,TRUE,FALSE,TRUE,TRUE,TRUE,100,100,Strongly agree,Strongly agree,Strongly agree,Yes,Yes,5 - A great deal,3,4,5- Very like me,1- Very unlike me,5- Very like me,4,1- Very unlike me,3,2,4,4,3,Nevada,Strongly support,Justified,Yes,NA,NA,NA,NA,NA,NA,NA,1,1,1,4,Democrat,Republican,NA
Male,Other,"40,000 – 49,999",Some College,Democrat,NA,NA,Not a strong Democrat,41,No,No,No,TRUE,TRUE,TRUE,TRUE,FALSE,FALSE,FALSE,FALSE,FALSE,FALSE,80,0,Strongly disagree,Strongly agree,Neither agree nor disagree,No,No,1 - Not at all,2,3,2,4,2,1- Very unlike me,1- Very unlike me,1- Very unlike me,3,2,1- Very unlike me,1- Very unlike me,Florida,Strongly oppose,Unjustified,Yes,NA,NA,NA,NA,NA,NA,NA,1,1,1,1,Republican,Democrat,NA
Male,White/Caucasian,"40,000 – 49,999",Some College,Democrat,NA,NA,Strong Democrat,64,No,No,No,FALSE,TRUE,TRUE,TRUE,TRUE,FALSE,FALSE,TRUE,TRUE,FALSE,81,0,Somewhat agree,Strongly disagree,Somewhat disagree,No,No,1 - Not at all,3,1- Very unlike me,2,3,1- Very unlike me,4,1- Very unlike me,1- Very unlike me,1- Very unlike me,1- Very unlike me,1- Very unlike me,1- Very unlike me,NA,NA,NA,NA,Oregon,Oppose,Unjustified,Yes,NA,NA,NA,1,2,2,1,Republican,Democrat,NA
Female,White/Caucasian,"100,000 or more",Some College,Democrat,NA,NA,Strong Democrat,38,No,Yes,Yes,TRUE,TRUE,TRUE,TRUE,TRUE,TRUE,FALSE,TRUE,FALSE,TRUE,100,75,Neither agree nor disagree,Strongly disagree,Neither agree nor disagree,No,No,1 - Not at all,1- Very unlike me,3,3,1- Very unlike me,3,1- Very unlike me,1- Very unlike me,1- Very unlike me,3,1- Very unlike me,1- Very unlike me,1- Very unlike me,NA,NA,NA,NA,NA,NA,NA,NA,NA,2 - 5 years in prison,Oppose,2,2,2,1,Republican,Democrat,arson
Male,White/Caucasian,"100,000 or more",Masters Degree,Democrat,NA,NA,Not a strong Democrat,30,No,No,Yes,FALSE,FALSE,TRUE,FALSE,TRUE,FALSE,FALSE,TRUE,TRUE,FALSE,81,26,Strongly agree,Somewhat agree,NA,No,No,1 - Not at all,5- Very like me,1- Very unlike me,3,5- Very like me,1- Very unlike me,1- Very unlike me,1- Very unlike me,1- Very unlike me,1- Very unlike me,1- Very unlike me,1- Very unlike me,1- Very unlike me,NA,NA,NA,NA,NA,NA,NA,NA,California,1 - 3 days in jail,Support,2,1,2,1,Republican,Democrat,protesting without a permit
Male,White/Caucasian,"100,000 or more",4-year College Degree,Democrat,NA,NA,Strong Democrat,41,Yes,No,Yes,FALSE,TRUE,FALSE,TRUE,TRUE,TRUE,FALSE,TRUE,FALSE,FALSE,81,7,Somewhat agree,Somewhat disagree,Neither agree nor disagree,No,Yes,1 - Not at all,3,3,2,3,3,2,2,3,3,3,2,2,Florida,Strongly oppose,Unjustified,Yes,NA,NA,NA,NA,NA,NA,NA,1,1,1,1,Republican,Democrat,NA
Male,White/Caucasian,"100,000 or more",Masters Degree,Democrat,NA,NA,Strong Democrat,35,Yes,Yes,Yes,TRUE,TRUE,FALSE,TRUE,FALSE,FALSE,TRUE,FALSE,TRUE,TRUE,92,87,Strongly disagree,Strongly disagree,Strongly disagree,No,No,1 - Not at all,5- Very like me,5- Very like me,4,4,5- Very like me,5- Very like me,5- Very like me,1- Very unlike me,1- Very unlike me,2,2,3,Florida,Strongly support,Justified,Yes,NA,NA,NA,NA,NA,NA,NA,1,1,1,1,Republican,Democrat,NA
Female,White/Caucasian,"40,000 – 49,999",Some College,Democrat,NA,NA,Not a strong Democrat,19,No,No,Yes,TRUE,TRUE,TRUE,TRUE,TRUE,FALSE,TRUE,FALSE,FALSE,FALSE,80,0,Neither agree nor disagree,Neither agree nor disagree,Neither agree nor disagree,No,No,1 - Not at all,3,3,3,3,3,3,3,3,5- Very like me,3,4,3,NA,NA,NA,NA,Idaho,Neither support nor oppose,Unjustified,No,NA,NA,NA,1,2,2,1,Republican,Democrat,NA
Male,White/Caucasian,"100,000 or more","Professional Degree (JD, MD)",Republican,NA,Strong Republican,NA,45,NA,NA,NA,FALSE,TRUE,TRUE,TRUE,TRUE,TRUE,TRUE,TRUE,TRUE,TRUE,97,81,Strongly agree,Somewhat agree,Strongly agree,Yes,No,3,4,2,1- Very unlike me,3,1- Very unlike me,3,2,4,5- Very like me,5- Very like me,4,3,NA,NA,NA,NA,Washington,Strongly support,Justified,Yes,NA,NA,NA,1,1,2,1,Democrat,Republican,NA
Male,White/Caucasian,"50,000 – 59,999",High School / GED,Republican,NA,Strong Republican,NA,76,NA,NA,NA,TRUE,FALSE,TRUE,FALSE,TRUE,FALSE,FALSE,FALSE,FALSE,FALSE,71,53,Strongly disagree,Neither agree nor disagree,Strongly agree,No,No,5 - A great deal,2,2,1- Very unlike me,2,2,2,2,2,2,2,4,2,NA,NA,NA,NA,NA,NA,NA,NA,Florida,6 - 10 years in prison,Oppose,2,2,2,1,Democrat,Republican,arson
Female,African American,"90,000 – 99,999",Masters Degree,Independent,Democratic Party,NA,NA,30,No,No,Yes,FALSE,TRUE,TRUE,TRUE,TRUE,TRUE,FALSE,TRUE,FALSE,FALSE,40,20,Neither agree nor disagree,Somewhat agree,Neither agree nor disagree,No,No,1 - Not at all,4,4,3,1- Very unlike me,2,2,1- Very unlike me,1- Very unlike me,1- Very unlike me,3,3,1- Very unlike me,NA,NA,NA,NA,NA,NA,NA,NA,California,Community service,Neither support nor oppose,2,1,1,1,Republican,Democrat,protesting without a permit
Female,Pacific Islander,"Less than 30,000",High School / GED,Democrat,NA,NA,Not a strong Democrat,20,NA,NA,NA,NA,NA,NA,NA,NA,NA,NA,NA,NA,NA,,,NA,NA,NA,NA,NA,NA,NA,NA,NA,NA,NA,NA,NA,NA,NA,NA,NA,NA,NA,NA,NA,NA,NA,NA,NA,NA,NA,NA,NA,2,2,2,2,NA,NA,NA
Male,Other,"Less than 30,000",High School / GED,Other,Neither,NA,NA,NA,NA,NA,NA,NA,NA,NA,NA,NA,NA,NA,NA,NA,NA,,,NA,NA,NA,NA,NA,NA,NA,NA,NA,NA,NA,NA,NA,NA,NA,NA,NA,NA,NA,NA,NA,NA,NA,NA,NA,NA,NA,NA,NA,2,2,1,2,NA,NA,NA
Female,White/Caucasian,"90,000 – 99,999",4-year College Degree,Democrat,NA,NA,Strong Democrat,35,NA,NA,NA,NA,NA,NA,NA,NA,NA,NA,NA,NA,NA,,,NA,NA,NA,NA,NA,NA,NA,NA,NA,NA,NA,NA,NA,NA,NA,NA,NA,NA,NA,NA,NA,NA,NA,NA,NA,NA,NA,NA,NA,2,2,1,2,NA,NA,NA
Male,White/Caucasian,"40,000 – 49,999",High School / GED,Independent,Democratic Party,NA,NA,87,NA,NA,NA,NA,NA,NA,NA,NA,NA,NA,NA,NA,NA,,,NA,NA,NA,NA,NA,NA,NA,NA,NA,NA,NA,NA,NA,NA,NA,NA,NA,NA,NA,NA,NA,NA,NA,NA,NA,NA,NA,NA,NA,2,1,2,2,NA,NA,NA
Male,Other,"Less than 30,000",High School / GED,Democrat,NA,NA,Not a strong Democrat,32,NA,NA,NA,NA,NA,NA,NA,NA,NA,NA,NA,NA,NA,,,NA,NA,NA,NA,NA,NA,NA,NA,NA,NA,NA,NA,NA,NA,NA,NA,NA,NA,NA,NA,NA,NA,NA,NA,NA,NA,NA,NA,NA,2,2,1,2,NA,NA,NA
Male,Other,"70,000 – 79,999",High School / GED,Democrat,NA,NA,Strong Democrat,29,NA,NA,NA,FALSE,FALSE,TRUE,FALSE,TRUE,FALSE,FALSE,TRUE,FALSE,TRUE,94,1,Strongly agree,Strongly agree,Strongly agree,No,Yes,1 - Not at all,5- Very like me,1- Very unlike me,5- Very like me,5- Very like me,1- Very unlike me,1- Very unlike me,1- Very unlike me,1- Very unlike me,5- Very like me,3,3,3,NA,NA,NA,NA,Idaho,Oppose,Justified,Yes,NA,NA,NA,1,2,2,1,Republican,Democrat,NA
Male,White/Caucasian,"100,000 or more",Doctoral Degree,Republican,NA,Strong Republican,NA,79,No,Yes,Yes,FALSE,TRUE,TRUE,FALSE,TRUE,FALSE,FALSE,FALSE,FALSE,FALSE,0,92,Somewhat agree,Neither agree nor disagree,Neither agree nor disagree,No,No,1 - Not at all,3,3,1- Very unlike me,1- Very unlike me,1- Very unlike me,1- Very unlike me,1- Very unlike me,1- Very unlike me,1- Very unlike me,1- Very unlike me,2,1- Very unlike me,Florida,Strongly oppose,Unjustified,Yes,NA,NA,NA,NA,NA,NA,NA,1,2,1,1,Democrat,Republican,NA
Female,White/Caucasian,"30,000 – 39,999",Some College,Democrat,NA,NA,Strong Democrat,36,Yes,No,Yes,FALSE,TRUE,TRUE,FALSE,TRUE,TRUE,FALSE,TRUE,TRUE,TRUE,96,5,Neither agree nor disagree,Somewhat agree,Somewhat agree,No,No,1 - Not at all,5- Very like me,3,5- Very like me,4,3,5- Very like me,3,4,1- Very unlike me,3,4,5- Very like me,NA,NA,NA,NA,Washington,Neither support nor oppose,Unjustified,Yes,NA,NA,NA,1,1,2,1,Republican,Democrat,NA
Female,White/Caucasian,"Less than 30,000",Less than High School,Democrat,NA,NA,Strong Democrat,22,NA,NA,NA,NA,NA,NA,NA,NA,NA,NA,NA,NA,NA,,,NA,NA,NA,NA,NA,NA,NA,NA,NA,NA,NA,NA,NA,NA,NA,NA,NA,NA,NA,NA,NA,NA,NA,NA,NA,NA,NA,NA,NA,2,1,2,2,NA,NA,NA
Female,Other,"100,000 or more",2-year College Degree,Democrat,NA,NA,Strong Democrat,73,No,No,Yes,FALSE,TRUE,TRUE,TRUE,TRUE,FALSE,FALSE,FALSE,FALSE,FALSE,100,31,Neither agree nor disagree,Strongly disagree,Neither agree nor disagree,No,No,1 - Not at all,1- Very unlike me,2,1- Very unlike me,1- Very unlike me,1- Very unlike me,1- Very unlike me,1- Very unlike me,1- Very unlike me,1- Very unlike me,1- Very unlike me,1- Very unlike me,1- Very unlike me,NA,NA,NA,NA,Oregon,Strongly support,Unjustified,Yes,NA,NA,NA,1,2,2,1,Republican,Democrat,NA
Male,White/Caucasian,"Less than 30,000",High School / GED,Democrat,NA,NA,Not a strong Democrat,83,NA,NA,NA,NA,NA,NA,NA,NA,NA,NA,NA,NA,NA,,,NA,NA,NA,NA,NA,NA,NA,NA,NA,NA,NA,NA,NA,NA,NA,NA,NA,NA,NA,NA,NA,NA,NA,NA,NA,NA,NA,NA,NA,2,1,2,2,NA,NA,NA
Female,White/Caucasian,"50,000 – 59,999",4-year College Degree,Democrat,NA,NA,Strong Democrat,29,No,No,Yes,FALSE,FALSE,FALSE,TRUE,TRUE,TRUE,TRUE,TRUE,TRUE,FALSE,100,0,Neither agree nor disagree,Neither agree nor disagree,Somewhat disagree,No,No,1 - Not at all,2,3,2,2,4,2,4,2,3,4,4,2,NA,NA,NA,NA,Oregon,Strongly support,Unjustified,Yes,NA,NA,NA,1,2,2,1,Republican,Democrat,NA
Female,Other,"60,000 – 69,999",4-year College Degree,Democrat,NA,NA,Strong Democrat,42,No,Yes,Yes,FALSE,TRUE,FALSE,FALSE,TRUE,TRUE,FALSE,FALSE,TRUE,FALSE,86,34,Somewhat agree,Strongly disagree,Somewhat agree,No,No,1 - Not at all,1- Very unlike me,3,2,1- Very unlike me,2,3,2,1- Very unlike me,4,3,2,1- Very unlike me,NA,NA,NA,NA,Oregon,Strongly support,Unjustified,Yes,NA,NA,NA,1,2,2,1,Republican,Democrat,NA
Male,Native American,"40,000 – 49,999",Masters Degree,Republican,NA,Strong Republican,NA,30,NA,NA,NA,FALSE,TRUE,FALSE,TRUE,TRUE,FALSE,FALSE,TRUE,TRUE,FALSE,78,82,Strongly agree,Somewhat agree,Strongly agree,Yes,Yes,3,3,4,3,2,3,4,4,3,2,3,4,3,NA,NA,NA,NA,NA,NA,NA,NA,California,4 - 6 months in jail,Strongly support,2,2,1,1,Democrat,Republican,vandalism
Male,Other,"Less than 30,000",Some College,Democrat,NA,NA,Not a strong Democrat,31,No,No,Yes,TRUE,TRUE,TRUE,TRUE,TRUE,TRUE,FALSE,FALSE,FALSE,TRUE,92,61,Neither agree nor disagree,Somewhat agree,Neither agree nor disagree,No,No,1 - Not at all,2,3,3,1- Very unlike me,3,4,1- Very unlike me,1- Very unlike me,3,1- Very unlike me,1- Very unlike me,1- Very unlike me,Florida,Strongly oppose,Unjustified,Yes,NA,NA,NA,NA,NA,NA,NA,1,1,1,1,Republican,Democrat,NA
Female,Native American,"40,000 – 49,999",High School / GED,Democrat,NA,NA,Not a strong Democrat,28,NA,NA,NA,FALSE,FALSE,FALSE,FALSE,FALSE,FALSE,FALSE,FALSE,FALSE,FALSE,34,34,Strongly agree,Strongly agree,Strongly agree,No,No,4,5- Very like me,4,4,3,3,2,1- Very unlike me,1- Very unlike me,1- Very unlike me,1- Very unlike me,1- Very unlike me,1- Very unlike me,NA,NA,NA,NA,NA,NA,NA,NA,California,1 - 3 days in jail,Strongly oppose,2,2,1,4,Republican,Democrat,assault
Male,Other,"50,000 – 59,999",4-year College Degree,Democrat,NA,NA,Not a strong Democrat,50,NA,NA,NA,FALSE,TRUE,FALSE,TRUE,FALSE,FALSE,TRUE,FALSE,FALSE,FALSE,90,91,Strongly disagree,Neither agree nor disagree,Neither agree nor disagree,No,No,1 - Not at all,1- Very unlike me,1- Very unlike me,1- Very unlike me,1- Very unlike me,1- Very unlike me,1- Very unlike me,1- Very unlike me,1- Very unlike me,1- Very unlike me,1- Very unlike me,1- Very unlike me,1- Very unlike me,NA,NA,NA,NA,NA,NA,NA,NA,Oregon,1 - 3 days in jail,Oppose,2,2,2,1,Republican,Democrat,protesting without a permit
Male,White/Caucasian,"60,000 – 69,999",4-year College Degree,Democrat,NA,NA,Strong Democrat,30,No,No,Yes,FALSE,TRUE,FALSE,FALSE,TRUE,TRUE,TRUE,FALSE,FALSE,TRUE,100,80,Neither agree nor disagree,Somewhat disagree,Strongly disagree,No,No,1 - Not at all,3,2,3,3,1- Very unlike me,2,1- Very unlike me,4,1- Very unlike me,1- Very unlike me,1- Very unlike me,1- Very unlike me,NA,NA,NA,NA,NA,NA,NA,NA,California,4 - 6 months in jail,Oppose,2,1,2,1,Republican,Democrat,protesting without a permit
Female,White/Caucasian,"70,000 – 79,999",2-year College Degree,Independent,Democratic Party,NA,NA,24,No,No,No,FALSE,FALSE,TRUE,TRUE,TRUE,TRUE,FALSE,TRUE,TRUE,FALSE,68,39,Neither agree nor disagree,Strongly disagree,Somewhat disagree,No,No,2,2,3,1- Very unlike me,1- Very unlike me,1- Very unlike me,1- Very unlike me,1- Very unlike me,1- Very unlike me,1- Very unlike me,2,3,2,NA,NA,NA,NA,Oregon,Oppose,Unjustified,Yes,NA,NA,NA,1,2,2,1,Republican,Democrat,NA
Female,Other,"60,000 – 69,999",2-year College Degree,Republican,NA,Strong Republican,NA,30,No,No,Yes,FALSE,TRUE,TRUE,TRUE,TRUE,TRUE,FALSE,FALSE,FALSE,TRUE,5,92,Neither agree nor disagree,Strongly agree,Neither agree nor disagree,No,No,3,3,2,1- Very unlike me,2,1- Very unlike me,1- Very unlike me,1- Very unlike me,1- Very unlike me,1- Very unlike me,2,1- Very unlike me,1- Very unlike me,NA,NA,NA,NA,NA,NA,NA,NA,Oregon,2 - 5 years in prison,Oppose,2,2,2,1,Democrat,Republican,murder
Male,White/Caucasian,"90,000 – 99,999",Masters Degree,Democrat,NA,NA,Strong Democrat,30,No,Yes,Yes,FALSE,FALSE,FALSE,FALSE,TRUE,FALSE,FALSE,FALSE,TRUE,TRUE,90,29,Somewhat agree,Neither agree nor disagree,Neither agree nor disagree,No,No,1 - Not at all,3,1- Very unlike me,2,3,1- Very unlike me,1- Very unlike me,1- Very unlike me,2,1- Very unlike me,1- Very unlike me,1- Very unlike me,4,NA,NA,NA,NA,NA,NA,NA,NA,Florida,16 - 20 years in prison,Oppose,2,2,1,1,Republican,Democrat,assault with a deadly weapon
Male,White/Caucasian,"40,000 – 49,999",2-year College Degree,Democrat,NA,NA,Strong Democrat,54,No,No,Yes,TRUE,FALSE,TRUE,TRUE,TRUE,FALSE,FALSE,FALSE,TRUE,FALSE,100,10,Strongly agree,Neither agree nor disagree,Strongly agree,No,No,1 - Not at all,1- Very unlike me,5- Very like me,3,1- Very unlike me,1- Very unlike me,3,1- Very unlike me,1- Very unlike me,1- Very unlike me,1- Very unlike me,1- Very unlike me,1- Very unlike me,NA,NA,NA,NA,NA,NA,NA,NA,Oregon,2 - 3 months in jail,Support,2,2,1,1,Republican,Democrat,murder
Male,White/Caucasian,"70,000 – 79,999",4-year College Degree,Democrat,NA,NA,Not a strong Democrat,32,No,No,Yes,TRUE,TRUE,TRUE,TRUE,TRUE,FALSE,FALSE,FALSE,FALSE,FALSE,64,50,Neither agree nor disagree,Somewhat disagree,Somewhat agree,No,No,1 - Not at all,1- Very unlike me,2,3,1- Very unlike me,2,2,1- Very unlike me,1- Very unlike me,1- Very unlike me,1- Very unlike me,1- Very unlike me,1- Very unlike me,Florida,Strongly oppose,Unjustified,Yes,NA,NA,NA,NA,NA,NA,NA,1,2,1,1,Republican,Democrat,NA
Female,White/Caucasian,"30,000 – 39,999",Some College,Democrat,NA,NA,Not a strong Democrat,19,Yes,Yes,No,TRUE,TRUE,FALSE,TRUE,FALSE,TRUE,FALSE,FALSE,TRUE,FALSE,71,77,Neither agree nor disagree,Neither agree nor disagree,Neither agree nor disagree,Yes,No,2,2,3,3,3,3,4,2,3,3,2,3,3,NA,NA,NA,NA,Washington,Support,Unjustified,No,NA,NA,NA,1,1,2,4,Republican,Democrat,NA
Male,White/Caucasian,"90,000 – 99,999",4-year College Degree,Republican,NA,Not a strong Republican,NA,73,No,No,Yes,TRUE,TRUE,TRUE,TRUE,TRUE,FALSE,FALSE,FALSE,FALSE,FALSE,43,41,Neither agree nor disagree,Strongly disagree,Neither agree nor disagree,No,No,1 - Not at all,1- Very unlike me,2,1- Very unlike me,1- Very unlike me,1- Very unlike me,1- Very unlike me,1- Very unlike me,1- Very unlike me,1- Very unlike me,1- Very unlike me,1- Very unlike me,1- Very unlike me,NA,NA,NA,NA,Oregon,Oppose,Unjustified,Yes,NA,NA,NA,1,1,2,1,Democrat,Republican,NA
Male,White/Caucasian,"30,000 – 39,999",High School / GED,Democrat,NA,NA,Strong Democrat,31,NA,NA,NA,FALSE,TRUE,FALSE,TRUE,TRUE,TRUE,FALSE,TRUE,TRUE,FALSE,92,52,Somewhat agree,Neither agree nor disagree,Somewhat agree,No,No,3,3,2,4,5- Very like me,2,4,2,3,2,1- Very unlike me,4,3,Texas,Neither support nor oppose,Justified,No,NA,NA,NA,NA,NA,NA,NA,1,1,1,1,Republican,Democrat,NA
Female,Other,"30,000 – 39,999",Less than High School,Democrat,NA,NA,Strong Democrat,18,NA,NA,NA,NA,NA,NA,NA,NA,NA,NA,NA,NA,NA,,,NA,NA,NA,NA,NA,NA,NA,NA,NA,NA,NA,NA,NA,NA,NA,NA,NA,NA,NA,NA,NA,NA,NA,NA,NA,NA,NA,NA,NA,1,2,2,2,NA,NA,NA
Female,Other,"30,000 – 39,999",Some College,Democrat,NA,NA,Strong Democrat,22,No,No,No,TRUE,TRUE,TRUE,TRUE,TRUE,TRUE,FALSE,TRUE,FALSE,TRUE,72,0,Neither agree nor disagree,Neither agree nor disagree,Neither agree nor disagree,No,No,3,1- Very unlike me,3,3,1- Very unlike me,2,3,3,1- Very unlike me,3,3,3,2,NA,NA,NA,NA,NA,NA,NA,NA,Texas,Community service,Neither support nor oppose,2,2,2,1,Republican,Democrat,vandalism
Male,Asian,"50,000 – 59,999",4-year College Degree,Democrat,NA,NA,Strong Democrat,40,No,No,Yes,FALSE,TRUE,TRUE,TRUE,TRUE,FALSE,TRUE,TRUE,FALSE,FALSE,76,1,Neither agree nor disagree,Neither agree nor disagree,Neither agree nor disagree,No,No,1 - Not at all,1- Very unlike me,3,4,2,2,3,1- Very unlike me,2,2,1- Very unlike me,1- Very unlike me,2,NA,NA,NA,NA,NA,NA,NA,NA,Alaska,Community service,Strongly support,2,1,1,1,Republican,Democrat,protesting without a permit
Male,Other,"Less than 30,000",High School / GED,Democrat,NA,NA,Not a strong Democrat,60,NA,NA,NA,NA,NA,NA,NA,NA,NA,NA,NA,NA,NA,,,NA,NA,NA,NA,NA,NA,NA,NA,NA,NA,NA,NA,NA,NA,NA,NA,NA,NA,NA,NA,NA,NA,NA,NA,NA,NA,NA,NA,NA,2,2,2,2,NA,NA,NA
Male,Other,"Less than 30,000",4-year College Degree,Other,Neither,NA,NA,NA,NA,NA,NA,NA,NA,NA,NA,NA,NA,NA,NA,NA,NA,,,NA,NA,NA,NA,NA,NA,NA,NA,NA,NA,NA,NA,NA,NA,NA,NA,NA,NA,NA,NA,NA,NA,NA,NA,NA,NA,NA,NA,NA,1,1,2,2,NA,NA,NA
Male,Other,"Less than 30,000",High School / GED,Democrat,NA,NA,Not a strong Democrat,37,No,No,Yes,FALSE,FALSE,TRUE,FALSE,TRUE,FALSE,FALSE,FALSE,FALSE,FALSE,69,0,Neither agree nor disagree,Strongly disagree,Neither agree nor disagree,No,No,1 - Not at all,2,3,4,2,1- Very unlike me,4,1- Very unlike me,1- Very unlike me,1- Very unlike me,1- Very unlike me,1- Very unlike me,1- Very unlike me,NA,NA,NA,NA,Oregon,Strongly oppose,Unjustified,Yes,NA,NA,NA,1,2,2,1,Republican,Democrat,NA
Male,African American,"100,000 or more",2-year College Degree,Republican,NA,Strong Republican,NA,26,NA,NA,NA,FALSE,FALSE,TRUE,TRUE,TRUE,TRUE,TRUE,TRUE,TRUE,TRUE,69,69,Neither agree nor disagree,Strongly disagree,Somewhat agree,No,No,1 - Not at all,3,3,3,3,1- Very unlike me,5- Very like me,3,3,3,4,3,3,NA,NA,NA,NA,NA,NA,NA,NA,California,2 - 5 years in prison,Strongly oppose,2,1,1,1,Democrat,Republican,arson
Male,White/Caucasian,"100,000 or more","Professional Degree (JD, MD)",Republican,NA,Strong Republican,NA,25,Yes,Yes,Yes,TRUE,TRUE,TRUE,TRUE,TRUE,FALSE,TRUE,FALSE,FALSE,FALSE,93,81,Strongly agree,Strongly agree,Somewhat agree,Yes,No,3,3,2,3,4,3,3,2,4,2,4,3,2,NA,NA,NA,NA,Oregon,Support,Justified,Yes,NA,NA,NA,1,1,2,1,Democrat,Republican,NA
Male,White/Caucasian,"Less than 30,000",Some College,Democrat,NA,NA,Not a strong Democrat,61,No,No,Yes,FALSE,TRUE,TRUE,TRUE,TRUE,FALSE,FALSE,FALSE,TRUE,TRUE,90,81,Neither agree nor disagree,Somewhat disagree,Neither agree nor disagree,No,No,1 - Not at all,4,2,4,3,1- Very unlike me,4,1- Very unlike me,1- Very unlike me,1- Very unlike me,1- Very unlike me,2,1- Very unlike me,NA,NA,NA,NA,NA,NA,NA,NA,Oregon,7 months to 1 year in jail,NA,2,2,1,1,Republican,Democrat,assault
Female,White/Caucasian,"30,000 – 39,999",2-year College Degree,Democrat,NA,NA,Strong Democrat,47,No,No,No,FALSE,TRUE,TRUE,TRUE,TRUE,FALSE,FALSE,FALSE,FALSE,FALSE,51,44,Somewhat agree,Somewhat disagree,Somewhat disagree,No,No,1 - Not at all,1- Very unlike me,2,5- Very like me,1- Very unlike me,1- Very unlike me,5- Very like me,1- Very unlike me,1- Very unlike me,1- Very unlike me,1- Very unlike me,2,2,NA,NA,NA,NA,Oregon,Neither support nor oppose,Unjustified,Yes,NA,NA,NA,1,2,2,1,Republican,Democrat,NA
Male,White/Caucasian,"80,000 – 89,999",2-year College Degree,Democrat,NA,NA,Strong Democrat,48,No,No,Yes,FALSE,TRUE,TRUE,FALSE,TRUE,TRUE,FALSE,TRUE,TRUE,FALSE,100,2,Somewhat agree,Somewhat disagree,Neither agree nor disagree,No,No,1 - Not at all,3,2,4,2,1- Very unlike me,2,2,1- Very unlike me,2,1- Very unlike me,1- Very unlike me,1- Very unlike me,Florida,Strongly oppose,Unjustified,Yes,NA,NA,NA,NA,NA,NA,NA,1,2,1,1,Republican,Democrat,NA
Male,Other,"Less than 30,000",Some College,Democrat,NA,NA,Not a strong Democrat,58,No,No,Yes,TRUE,TRUE,FALSE,TRUE,TRUE,FALSE,FALSE,FALSE,TRUE,FALSE,82,71,Somewhat agree,Neither agree nor disagree,Neither agree nor disagree,No,No,3,1- Very unlike me,3,3,3,3,3,2,2,2,2,3,3,NA,NA,NA,NA,NA,NA,NA,NA,California,1 - 3 days in jail,Neither support nor oppose,2,2,2,1,Republican,Democrat,protesting without a permit
Male,Other,"100,000 or more",Some College,Democrat,NA,NA,Strong Democrat,40,NA,NA,NA,NA,NA,NA,NA,NA,NA,NA,NA,NA,NA,,,NA,NA,NA,NA,NA,NA,NA,NA,NA,NA,NA,NA,NA,NA,NA,NA,NA,NA,NA,NA,NA,NA,NA,NA,NA,NA,NA,NA,NA,1,1,1,2,NA,NA,NA
Male,White/Caucasian,"Less than 30,000",4-year College Degree,Democrat,NA,NA,Strong Democrat,38,NA,NA,NA,FALSE,FALSE,FALSE,TRUE,FALSE,FALSE,FALSE,FALSE,FALSE,FALSE,100,0,Strongly agree,Strongly agree,Strongly agree,No,No,1 - Not at all,5- Very like me,5- Very like me,5- Very like me,5- Very like me,5- Very like me,5- Very like me,5- Very like me,5- Very like me,5- Very like me,5- Very like me,5- Very like me,5- Very like me,South Carolina,Neither support nor oppose,Justified,Yes,NA,NA,NA,NA,NA,NA,NA,1,1,1,1,Republican,Democrat,NA
Female,White/Caucasian,"50,000 – 59,999",High School / GED,Democrat,NA,NA,Not a strong Democrat,58,NA,NA,NA,FALSE,TRUE,FALSE,TRUE,FALSE,TRUE,FALSE,TRUE,TRUE,FALSE,71,0,Strongly agree,Strongly agree,Neither agree nor disagree,No,Yes,NA,4,5- Very like me,5- Very like me,4,1- Very unlike me,5- Very like me,5- Very like me,1- Very unlike me,1- Very unlike me,5- Very like me,5- Very like me,5- Very like me,NA,NA,NA,NA,Washington,Strongly oppose,Justified,Yes,NA,NA,NA,1,1,2,1,Republican,Democrat,NA
Male,Other,"50,000 – 59,999",4-year College Degree,Democrat,NA,NA,Not a strong Democrat,22,Yes,No,Yes,FALSE,TRUE,TRUE,FALSE,TRUE,TRUE,FALSE,FALSE,TRUE,TRUE,47,0,Somewhat agree,Neither agree nor disagree,Neither agree nor disagree,No,No,5 - A great deal,2,3,3,1- Very unlike me,2,3,1- Very unlike me,1- Very unlike me,1- Very unlike me,1- Very unlike me,1- Very unlike me,1- Very unlike me,NA,NA,NA,NA,NA,NA,NA,NA,California,11 - 15 years in prison,Strongly oppose,2,2,2,1,Republican,Democrat,assault with a deadly weapon
Female,Other,"30,000 – 39,999",Some College,Democrat,NA,NA,Strong Democrat,32,NA,NA,NA,FALSE,TRUE,TRUE,TRUE,TRUE,TRUE,FALSE,TRUE,FALSE,FALSE,65,53,Somewhat disagree,Somewhat disagree,Somewhat disagree,No,No,1 - Not at all,3,1- Very unlike me,5- Very like me,4,1- Very unlike me,3,1- Very unlike me,1- Very unlike me,1- Very unlike me,1- Very unlike me,3,1- Very unlike me,NA,NA,NA,NA,Washington,Neither support nor oppose,Unjustified,Yes,NA,NA,NA,1,2,2,1,Republican,Democrat,NA
Female,White/Caucasian,"Less than 30,000",High School / GED,Democrat,NA,NA,Strong Democrat,18,NA,NA,NA,FALSE,TRUE,TRUE,TRUE,TRUE,TRUE,TRUE,FALSE,FALSE,FALSE,34,65,Neither agree nor disagree,Neither agree nor disagree,Somewhat agree,No,No,5 - A great deal,3,3,2,4,3,2,4,3,4,3,2,3,NA,NA,NA,NA,NA,NA,NA,NA,Oregon,11 - 15 years in prison,Strongly oppose,2,1,2,1,Republican,Democrat,arson
Male,White/Caucasian,"100,000 or more",Masters Degree,Democrat,NA,NA,Not a strong Democrat,34,No,No,Yes,TRUE,TRUE,TRUE,TRUE,TRUE,TRUE,FALSE,FALSE,TRUE,FALSE,93,54,Neither agree nor disagree,Neither agree nor disagree,Somewhat disagree,No,No,3,1- Very unlike me,1- Very unlike me,3,1- Very unlike me,1- Very unlike me,1- Very unlike me,1- Very unlike me,1- Very unlike me,1- Very unlike me,1- Very unlike me,1- Very unlike me,1- Very unlike me,NA,NA,NA,NA,NA,NA,NA,NA,NA,2 - 3 months in jail,Strongly support,2,2,2,1,Republican,Democrat,protesting without a permit
Male,White/Caucasian,"70,000 – 79,999",High School / GED,Republican,NA,Not a strong Republican,NA,18,NA,NA,NA,NA,NA,NA,NA,NA,NA,NA,NA,NA,NA,,,NA,NA,NA,NA,NA,NA,NA,NA,NA,NA,NA,NA,NA,NA,NA,NA,NA,NA,NA,NA,NA,NA,NA,NA,NA,NA,NA,NA,NA,1,1,1,2,NA,NA,NA
Female,Other,"Less than 30,000",Some College,Other,Neither,NA,NA,NA,NA,NA,NA,NA,NA,NA,NA,NA,NA,NA,NA,NA,NA,,,NA,NA,NA,NA,NA,NA,NA,NA,NA,NA,NA,NA,NA,NA,NA,NA,NA,NA,NA,NA,NA,NA,NA,NA,NA,NA,NA,NA,NA,2,1,1,2,NA,NA,NA
Female,White/Caucasian,"60,000 – 69,999",2-year College Degree,Democrat,NA,NA,Not a strong Democrat,25,No,No,Yes,FALSE,TRUE,FALSE,TRUE,TRUE,TRUE,TRUE,FALSE,TRUE,FALSE,100,0,Somewhat agree,Strongly agree,Somewhat agree,No,Yes,2,5- Very like me,2,4,2,2,5- Very like me,3,1- Very unlike me,1- Very unlike me,4,4,3,NA,NA,NA,NA,NA,NA,NA,NA,California,4 - 30 days in jail,Neither support nor oppose,2,1,2,1,Republican,Democrat,assault
Male,Other,"30,000 – 39,999",High School / GED,Democrat,NA,NA,Not a strong Democrat,19,Yes,Yes,Yes,TRUE,TRUE,TRUE,FALSE,TRUE,FALSE,FALSE,TRUE,FALSE,FALSE,72,0,Neither agree nor disagree,Strongly disagree,Strongly disagree,No,No,3,3,2,2,5- Very like me,1- Very unlike me,5- Very like me,1- Very unlike me,1- Very unlike me,1- Very unlike me,2,1- Very unlike me,1- Very unlike me,NA,NA,NA,NA,Oregon,Neither support nor oppose,Justified,Yes,NA,NA,NA,1,1,2,1,Republican,Democrat,NA
Female,White/Caucasian,"30,000 – 39,999",High School / GED,Democrat,NA,NA,Not a strong Democrat,23,NA,NA,NA,NA,NA,NA,NA,NA,NA,NA,NA,NA,NA,,,NA,NA,NA,NA,NA,NA,NA,NA,NA,NA,NA,NA,NA,NA,NA,NA,NA,NA,NA,NA,NA,NA,NA,NA,NA,NA,NA,NA,NA,1,2,2,2,NA,NA,NA
Female,White/Caucasian,"60,000 – 69,999",High School / GED,Democrat,NA,NA,Not a strong Democrat,59,NA,NA,NA,NA,NA,NA,NA,NA,NA,NA,NA,NA,NA,,,NA,NA,NA,NA,NA,NA,NA,NA,NA,NA,NA,NA,NA,NA,NA,NA,NA,NA,NA,NA,NA,NA,NA,NA,NA,NA,NA,NA,NA,2,1,1,2,NA,NA,NA
Female,White/Caucasian,"100,000 or more",Masters Degree,Democrat,NA,NA,Strong Democrat,48,No,No,Yes,FALSE,TRUE,TRUE,TRUE,TRUE,FALSE,FALSE,FALSE,TRUE,FALSE,80,71,Neither agree nor disagree,Strongly disagree,Neither agree nor disagree,No,No,1 - Not at all,1- Very unlike me,2,3,1- Very unlike me,2,2,1- Very unlike me,1- Very unlike me,2,1- Very unlike me,2,1- Very unlike me,NA,NA,NA,NA,NA,NA,NA,NA,Oregon,Community service,Neither support nor oppose,2,1,1,1,Republican,Democrat,vandalism
Female,Other,"Less than 30,000",Some College,Democrat,NA,NA,Strong Democrat,23,NA,NA,NA,FALSE,FALSE,TRUE,TRUE,TRUE,TRUE,TRUE,TRUE,TRUE,FALSE,84,6,Strongly agree,Strongly agree,Strongly agree,Yes,Yes,1 - Not at all,1- Very unlike me,4,3,3,3,2,1- Very unlike me,1- Very unlike me,1- Very unlike me,5- Very like me,4,3,NA,NA,NA,NA,NA,NA,NA,NA,Florida,2 - 5 years in prison,Oppose,2,2,2,1,Republican,Democrat,assault
Male,African American,"40,000 – 49,999",High School / GED,Democrat,NA,NA,Strong Democrat,22,NA,NA,NA,FALSE,TRUE,TRUE,FALSE,TRUE,TRUE,TRUE,FALSE,TRUE,TRUE,60,100,Strongly agree,Somewhat agree,Neither agree nor disagree,Yes,Yes,5 - A great deal,5- Very like me,1- Very unlike me,2,4,3,5- Very like me,1- Very unlike me,3,2,2,1- Very unlike me,5- Very like me,NA,NA,NA,NA,NA,NA,NA,NA,Alaska,Community service,Strongly support,2,1,1,1,Republican,Democrat,protesting without a permit
Female,Other,"Less than 30,000",Some College,Democrat,NA,NA,Not a strong Democrat,22,No,No,No,FALSE,TRUE,TRUE,TRUE,TRUE,FALSE,FALSE,TRUE,FALSE,FALSE,100,50,Neither agree nor disagree,Somewhat disagree,Neither agree nor disagree,No,No,3,1- Very unlike me,5- Very like me,3,5- Very like me,1- Very unlike me,3,1- Very unlike me,1- Very unlike me,5- Very like me,5- Very like me,1- Very unlike me,1- Very unlike me,NA,NA,NA,NA,NA,NA,NA,NA,California,4 - 30 days in jail,Neither support nor oppose,2,1,1,1,Republican,Democrat,vandalism
Male,White/Caucasian,"100,000 or more",Doctoral Degree,Republican,NA,Strong Republican,NA,40,NA,NA,NA,TRUE,TRUE,TRUE,TRUE,TRUE,TRUE,FALSE,TRUE,TRUE,FALSE,27,15,Strongly agree,Strongly disagree,Strongly agree,Yes,Yes,1 - Not at all,3,5- Very like me,5- Very like me,5- Very like me,5- Very like me,4,3,1- Very unlike me,4,2,5- Very like me,3,Georgia,Neither support nor oppose,Justified,No,NA,NA,NA,NA,NA,NA,NA,1,2,1,1,Democrat,Republican,NA
Male,African American,"100,000 or more","Professional Degree (JD, MD)",Democrat,NA,NA,Strong Democrat,33,NA,NA,NA,TRUE,TRUE,TRUE,TRUE,TRUE,TRUE,TRUE,TRUE,TRUE,TRUE,100,100,Strongly agree,Strongly agree,Strongly agree,Yes,Yes,5 - A great deal,5- Very like me,5- Very like me,5- Very like me,5- Very like me,5- Very like me,5- Very like me,5- Very like me,5- Very like me,5- Very like me,5- Very like me,5- Very like me,5- Very like me,NA,NA,NA,NA,NA,NA,NA,NA,Washington,7 months to 1 year in jail,Strongly support,2,2,2,1,Republican,Democrat,assault
Female,Native American,"40,000 – 49,999",High School / GED,Republican,NA,Strong Republican,NA,58,No,No,Yes,TRUE,TRUE,TRUE,TRUE,TRUE,FALSE,FALSE,TRUE,TRUE,TRUE,80,39,Neither agree nor disagree,Strongly disagree,Somewhat disagree,No,Yes,1 - Not at all,1- Very unlike me,3,1- Very unlike me,1- Very unlike me,1- Very unlike me,1- Very unlike me,1- Very unlike me,1- Very unlike me,1- Very unlike me,1- Very unlike me,1- Very unlike me,1- Very unlike me,NA,NA,NA,NA,NA,NA,NA,NA,Oregon,11 - 15 years in prison,Strongly oppose,2,2,1,1,Democrat,Republican,murder
Male,African American,"100,000 or more",4-year College Degree,Democrat,NA,NA,Strong Democrat,48,Yes,Yes,Yes,FALSE,TRUE,TRUE,TRUE,TRUE,FALSE,TRUE,FALSE,TRUE,FALSE,100,50,Neither agree nor disagree,Strongly disagree,Neither agree nor disagree,No,No,1 - Not at all,4,2,2,1- Very unlike me,2,2,1- Very unlike me,1- Very unlike me,2,1- Very unlike me,1- Very unlike me,2,NA,NA,NA,NA,Oregon,Strongly oppose,Unjustified,Yes,NA,NA,NA,1,1,2,1,Republican,Democrat,NA
Male,African American,"70,000 – 79,999",High School / GED,Democrat,NA,NA,Not a strong Democrat,23,NA,NA,NA,NA,NA,NA,NA,NA,NA,NA,NA,NA,NA,,,NA,NA,NA,NA,NA,NA,NA,NA,NA,NA,NA,NA,NA,NA,NA,NA,NA,NA,NA,NA,NA,NA,NA,NA,NA,NA,NA,NA,NA,2,1,2,2,NA,NA,NA
Female,Native American,"Less than 30,000",Masters Degree,Independent,Neither,NA,NA,NA,NA,NA,NA,NA,NA,NA,NA,NA,NA,NA,NA,NA,NA,,,NA,NA,NA,NA,NA,NA,NA,NA,NA,NA,NA,NA,NA,NA,NA,NA,NA,NA,NA,NA,NA,NA,NA,NA,NA,NA,NA,NA,NA,2,1,2,2,NA,NA,NA
Male,White/Caucasian,"100,000 or more",2-year College Degree,Republican,NA,Not a strong Republican,NA,45,No,No,Yes,FALSE,TRUE,TRUE,TRUE,TRUE,FALSE,FALSE,FALSE,FALSE,TRUE,32,72,Neither agree nor disagree,Strongly disagree,Somewhat disagree,No,No,1 - Not at all,3,2,2,1- Very unlike me,2,2,1- Very unlike me,1- Very unlike me,2,2,1- Very unlike me,1- Very unlike me,NA,NA,NA,NA,NA,NA,NA,NA,Oregon,6 - 10 years in prison,Strongly oppose,2,2,1,1,Democrat,Republican,assault with a deadly weapon
Male,White/Caucasian,"100,000 or more",4-year College Degree,Republican,NA,Not a strong Republican,NA,53,No,Yes,Yes,FALSE,FALSE,TRUE,FALSE,TRUE,FALSE,FALSE,FALSE,FALSE,FALSE,75,25,Neither agree nor disagree,Strongly disagree,Somewhat disagree,No,No,1 - Not at all,1- Very unlike me,2,1- Very unlike me,1- Very unlike me,1- Very unlike me,1- Very unlike me,1- Very unlike me,1- Very unlike me,2,1- Very unlike me,1- Very unlike me,1- Very unlike me,NA,NA,NA,NA,NA,NA,NA,NA,Oregon,1 - 3 days in jail,Strongly oppose,2,2,2,1,Democrat,Republican,vandalism
Female,Other,"90,000 – 99,999",4-year College Degree,Democrat,NA,NA,Strong Democrat,28,No,No,Yes,TRUE,TRUE,TRUE,TRUE,TRUE,FALSE,TRUE,TRUE,TRUE,FALSE,100,11,Neither agree nor disagree,Somewhat agree,Neither agree nor disagree,No,No,3,5- Very like me,5- Very like me,3,2,4,3,4,4,5- Very like me,1- Very unlike me,3,4,NA,NA,NA,NA,Oregon,Neither support nor oppose,Justified,No,NA,NA,NA,1,2,2,1,Republican,Democrat,NA
Female,White/Caucasian,"30,000 – 39,999",2-year College Degree,Democrat,NA,NA,Strong Democrat,26,NA,NA,NA,FALSE,TRUE,TRUE,TRUE,TRUE,FALSE,FALSE,FALSE,TRUE,FALSE,85,44,Somewhat agree,Strongly disagree,Strongly disagree,No,No,1 - Not at all,3,4,3,3,2,3,2,4,5- Very like me,1- Very unlike me,5- Very like me,1- Very unlike me,NA,NA,NA,NA,Oregon,Strongly support,Unjustified,Yes,NA,NA,NA,1,2,2,1,Republican,Democrat,NA
Female,African American,"40,000 – 49,999",2-year College Degree,Democrat,NA,NA,Strong Democrat,51,NA,NA,NA,FALSE,FALSE,TRUE,FALSE,TRUE,FALSE,FALSE,TRUE,FALSE,TRUE,5,0,Strongly agree,Somewhat agree,Strongly agree,No,Yes,1 - Not at all,3,3,3,2,2,1- Very unlike me,1- Very unlike me,1- Very unlike me,3,1- Very unlike me,1- Very unlike me,1- Very unlike me,NA,NA,NA,NA,NA,NA,NA,NA,Oregon,Community service,Strongly support,2,2,2,1,Republican,Democrat,protesting without a permit
Female,White/Caucasian,"100,000 or more",High School / GED,Republican,NA,Strong Republican,NA,19,No,No,Yes,TRUE,TRUE,TRUE,TRUE,TRUE,FALSE,FALSE,FALSE,FALSE,FALSE,8,100,Neither agree nor disagree,Strongly disagree,Neither agree nor disagree,No,No,1 - Not at all,1- Very unlike me,1- Very unlike me,1- Very unlike me,1- Very unlike me,1- Very unlike me,1- Very unlike me,1- Very unlike me,1- Very unlike me,1- Very unlike me,1- Very unlike me,1- Very unlike me,1- Very unlike me,NA,NA,NA,NA,NA,NA,NA,NA,California,4 - 30 days in jail,Oppose,2,1,2,1,Democrat,Republican,assault
Male,Other,"30,000 – 39,999",High School / GED,Democrat,NA,NA,Not a strong Democrat,44,No,No,Yes,FALSE,FALSE,TRUE,FALSE,TRUE,FALSE,FALSE,TRUE,TRUE,TRUE,70,0,Neither agree nor disagree,Somewhat agree,Neither agree nor disagree,No,No,1 - Not at all,5- Very like me,3,4,3,2,4,3,5- Very like me,2,5- Very like me,4,3,NA,NA,NA,NA,NA,NA,NA,NA,California,More than 20 years in prison,Strongly oppose,2,2,1,1,Republican,Democrat,murder
Female,Other,"30,000 – 39,999",Some College,Other,Republican Party,NA,NA,25,No,No,No,TRUE,TRUE,TRUE,TRUE,FALSE,TRUE,FALSE,TRUE,FALSE,TRUE,29,80,Strongly agree,Neither agree nor disagree,Neither agree nor disagree,No,No,3,5- Very like me,5- Very like me,2,5- Very like me,3,3,3,1- Very unlike me,2,4,3,3,NA,NA,NA,NA,NA,NA,NA,NA,California,More than 20 years in prison,Neither support nor oppose,2,1,2,1,Democrat,Republican,arson
Female,African American,"50,000 – 59,999",Some College,Democrat,NA,NA,Strong Democrat,20,NA,NA,NA,TRUE,TRUE,TRUE,TRUE,TRUE,TRUE,TRUE,TRUE,TRUE,TRUE,100,0,Somewhat agree,Strongly disagree,Somewhat agree,Yes,No,5 - A great deal,1- Very unlike me,1- Very unlike me,1- Very unlike me,1- Very unlike me,1- Very unlike me,1- Very unlike me,1- Very unlike me,1- Very unlike me,2,3,2,3,NA,NA,NA,NA,NA,NA,NA,NA,Texas,Community service,Strongly support,2,2,1,1,Republican,Democrat,assault
Female,White/Caucasian,"100,000 or more",2-year College Degree,Democrat,NA,NA,Strong Democrat,22,No,No,Yes,FALSE,TRUE,FALSE,TRUE,TRUE,TRUE,TRUE,TRUE,TRUE,TRUE,79,22,Neither agree nor disagree,Somewhat disagree,Neither agree nor disagree,No,Yes,1 - Not at all,4,5- Very like me,5- Very like me,5- Very like me,5- Very like me,4,4,4,4,5- Very like me,4,4,NA,NA,NA,NA,NA,NA,NA,NA,Florida,7 months to 1 year in jail,Oppose,2,1,2,1,Republican,Democrat,arson
Female,White/Caucasian,"90,000 – 99,999",Some College,Democrat,NA,NA,Not a strong Democrat,Under 18,NA,NA,NA,NA,NA,NA,NA,NA,NA,NA,NA,NA,NA,,,NA,NA,NA,NA,NA,NA,NA,NA,NA,NA,NA,NA,NA,NA,NA,NA,NA,NA,NA,NA,NA,NA,NA,NA,NA,NA,NA,NA,NA,1,2,2,2,NA,NA,NA
Female,White/Caucasian,"40,000 – 49,999",4-year College Degree,Democrat,NA,NA,Strong Democrat,22,No,No,Yes,FALSE,TRUE,TRUE,TRUE,TRUE,FALSE,FALSE,TRUE,FALSE,FALSE,80,25,Neither agree nor disagree,Neither agree nor disagree,Neither agree nor disagree,No,No,3,2,3,1- Very unlike me,1- Very unlike me,1- Very unlike me,1- Very unlike me,1- Very unlike me,1- Very unlike me,1- Very unlike me,1- Very unlike me,1- Very unlike me,1- Very unlike me,NA,NA,NA,NA,Oregon,Strongly oppose,Unjustified,Yes,NA,NA,NA,1,2,2,1,Republican,Democrat,NA
Male,Native American,"Less than 30,000",Some College,Democrat,NA,NA,Strong Democrat,21,NA,NA,NA,TRUE,TRUE,TRUE,FALSE,FALSE,TRUE,TRUE,FALSE,TRUE,TRUE,100,0,Strongly agree,Strongly agree,Strongly agree,No,Yes,5 - A great deal,5- Very like me,4,5- Very like me,5- Very like me,5- Very like me,4,5- Very like me,5- Very like me,5- Very like me,5- Very like me,5- Very like me,5- Very like me,Texas,Strongly support,Justified,Yes,NA,NA,NA,NA,NA,NA,NA,1,1,1,1,Republican,Democrat,NA
Male,Other,"Less than 30,000",Some College,Democrat,NA,NA,Not a strong Democrat,18,No,No,Yes,TRUE,TRUE,TRUE,TRUE,TRUE,FALSE,FALSE,TRUE,FALSE,FALSE,80,20,Neither agree nor disagree,Strongly disagree,Strongly disagree,No,No,1 - Not at all,4,4,3,2,4,3,4,1- Very unlike me,4,2,1- Very unlike me,1- Very unlike me,NA,NA,NA,NA,NA,NA,NA,NA,Oregon,More than 20 years in prison,Strongly oppose,2,2,2,1,Republican,Democrat,murder
Male,White/Caucasian,"30,000 – 39,999",High School / GED,Republican,NA,Strong Republican,NA,79,No,Yes,No,FALSE,TRUE,TRUE,TRUE,TRUE,FALSE,FALSE,TRUE,FALSE,FALSE,11,58,Neither agree nor disagree,Strongly agree,Neither agree nor disagree,No,No,1 - Not at all,4,3,3,4,3,4,1- Very unlike me,2,1- Very unlike me,1- Very unlike me,1- Very unlike me,1- Very unlike me,Florida,Oppose,Unjustified,Yes,NA,NA,NA,NA,NA,NA,NA,1,2,1,1,Democrat,Republican,NA
Male,White/Caucasian,"100,000 or more","Professional Degree (JD, MD)",Independent,Democratic Party,NA,NA,30,No,Yes,No,TRUE,TRUE,TRUE,TRUE,TRUE,FALSE,FALSE,FALSE,FALSE,TRUE,81,61,Somewhat agree,Somewhat disagree,Strongly disagree,No,No,3,4,3,4,3,4,3,4,3,3,4,3,3,Florida,Oppose,Justified,Yes,NA,NA,NA,NA,NA,NA,NA,1,2,1,1,Republican,Democrat,NA
Female,Native American,"100,000 or more",Doctoral Degree,Democrat,NA,NA,Strong Democrat,23,NA,NA,NA,TRUE,TRUE,TRUE,TRUE,TRUE,TRUE,TRUE,TRUE,TRUE,TRUE,100,0,Strongly agree,Strongly agree,Strongly agree,Yes,Yes,1 - Not at all,4,2,4,1- Very unlike me,3,3,4,5- Very like me,5- Very like me,5- Very like me,4,4,Kentucky,Neither support nor oppose,Justified,Yes,NA,NA,NA,NA,NA,NA,NA,1,2,1,1,Republican,Democrat,NA
Female,Other,"70,000 – 79,999",High School / GED,Democrat,NA,NA,Strong Democrat,19,NA,NA,NA,NA,NA,NA,NA,NA,NA,NA,NA,NA,NA,,,NA,NA,NA,NA,NA,NA,NA,NA,NA,NA,NA,NA,NA,NA,NA,NA,NA,NA,NA,NA,NA,NA,NA,NA,NA,NA,NA,NA,NA,1,1,2,2,NA,NA,NA
Male,Other,"Less than 30,000",Less than High School,Democrat,NA,NA,Strong Democrat,40,No,No,Yes,TRUE,TRUE,TRUE,TRUE,TRUE,FALSE,FALSE,TRUE,FALSE,FALSE,100,50,Strongly disagree,Somewhat disagree,Strongly disagree,No,No,1 - Not at all,1- Very unlike me,3,1- Very unlike me,1- Very unlike me,1- Very unlike me,1- Very unlike me,1- Very unlike me,1- Very unlike me,1- Very unlike me,1- Very unlike me,1- Very unlike me,1- Very unlike me,Florida,Strongly oppose,Unjustified,Yes,NA,NA,NA,NA,NA,NA,NA,1,2,1,1,Republican,Democrat,NA
Female,Native American,"Less than 30,000",Less than High School,Independent,Neither,NA,NA,NA,NA,NA,NA,NA,NA,NA,NA,NA,NA,NA,NA,NA,NA,,,NA,NA,NA,NA,NA,NA,NA,NA,NA,NA,NA,NA,NA,NA,NA,NA,NA,NA,NA,NA,NA,NA,NA,NA,NA,NA,NA,NA,NA,1,2,1,2,NA,NA,NA
Female,White/Caucasian,"Less than 30,000",High School / GED,Republican,NA,Not a strong Republican,NA,26,NA,NA,NA,FALSE,TRUE,FALSE,FALSE,TRUE,TRUE,FALSE,TRUE,TRUE,TRUE,4,50,Neither agree nor disagree,Somewhat agree,Neither agree nor disagree,No,Yes,1 - Not at all,3,4,2,5- Very like me,4,3,4,1- Very unlike me,1- Very unlike me,4,2,3,Georgia,Neither support nor oppose,Unjustified,Yes,NA,NA,NA,NA,NA,NA,NA,1,1,1,1,Democrat,Republican,NA
Male,Asian,"30,000 – 39,999",4-year College Degree,Republican,NA,Not a strong Republican,NA,21,NA,NA,NA,TRUE,TRUE,TRUE,FALSE,FALSE,TRUE,FALSE,TRUE,TRUE,TRUE,65,52,Somewhat agree,Neither agree nor disagree,Somewhat agree,No,Yes,3,3,4,5- Very like me,3,3,5- Very like me,4,4,4,5- Very like me,5- Very like me,4,Nevada,Support,Justified,Yes,NA,NA,NA,NA,NA,NA,NA,1,2,1,1,Democrat,Republican,NA
Male,African American,"50,000 – 59,999",4-year College Degree,Republican,NA,Strong Republican,NA,25,NA,NA,NA,NA,NA,NA,NA,NA,NA,NA,NA,NA,NA,,,NA,NA,NA,NA,NA,NA,NA,NA,NA,NA,NA,NA,NA,NA,NA,NA,NA,NA,NA,NA,NA,NA,NA,NA,NA,NA,NA,NA,NA,2,2,2,2,NA,NA,NA
Male,Asian,"50,000 – 59,999",High School / GED,Democrat,NA,NA,Strong Democrat,32,NA,NA,NA,TRUE,FALSE,TRUE,FALSE,FALSE,FALSE,FALSE,FALSE,FALSE,FALSE,65,62,Somewhat agree,Neither agree nor disagree,Neither agree nor disagree,No,No,2,3,2,2,3,3,2,3,3,4,4,3,4,NA,NA,NA,NA,NA,NA,NA,NA,Alaska,2 - 3 months in jail,Neither support nor oppose,2,2,2,1,Republican,Democrat,vandalism
Female,White/Caucasian,"Less than 30,000",High School / GED,Republican,NA,Not a strong Republican,NA,18,NA,NA,NA,TRUE,FALSE,TRUE,TRUE,TRUE,TRUE,FALSE,FALSE,TRUE,FALSE,74,82,Neither agree nor disagree,Somewhat agree,Neither agree nor disagree,No,No,3,1- Very unlike me,2,3,1- Very unlike me,3,3,2,4,3,3,4,3,NA,NA,NA,NA,NA,NA,NA,NA,Alaska,4 - 30 days in jail,Oppose,2,2,1,1,Democrat,Republican,assault
Male,White/Caucasian,"70,000 – 79,999",High School / GED,Democrat,NA,NA,Strong Democrat,32,NA,NA,NA,TRUE,TRUE,TRUE,TRUE,TRUE,TRUE,TRUE,TRUE,TRUE,TRUE,77,85,Somewhat agree,Somewhat agree,Somewhat agree,Yes,Yes,3,3,3,4,4,4,4,4,4,4,4,4,4,Alabama,Support,Justified,No,NA,NA,NA,NA,NA,NA,NA,1,1,1,1,Republican,Democrat,NA
Male,Other,"40,000 – 49,999",High School / GED,Democrat,NA,NA,Strong Democrat,46,No,No,Yes,TRUE,TRUE,TRUE,TRUE,TRUE,FALSE,FALSE,TRUE,FALSE,FALSE,0,100,Strongly agree,Strongly disagree,Neither agree nor disagree,No,No,1 - Not at all,5- Very like me,5- Very like me,5- Very like me,2,5- Very like me,5- Very like me,1- Very unlike me,1- Very unlike me,1- Very unlike me,1- Very unlike me,1- Very unlike me,1- Very unlike me,NA,NA,NA,NA,Oregon,Strongly oppose,Unjustified,No,NA,NA,NA,1,1,2,1,Republican,Democrat,NA
Female,African American,"40,000 – 49,999",2-year College Degree,Democrat,NA,NA,Strong Democrat,19,No,No,Yes,FALSE,FALSE,FALSE,TRUE,FALSE,TRUE,FALSE,FALSE,TRUE,TRUE,84,19,Neither agree nor disagree,Neither agree nor disagree,Neither agree nor disagree,No,No,3,2,4,3,3,3,3,4,4,2,3,2,4,NA,NA,NA,NA,NA,NA,NA,NA,Washington,2 - 5 years in prison,Neither support nor oppose,2,1,1,1,Republican,Democrat,arson
Male,White/Caucasian,"70,000 – 79,999",4-year College Degree,Republican,NA,Not a strong Republican,NA,68,No,No,Yes,FALSE,FALSE,TRUE,FALSE,TRUE,FALSE,FALSE,FALSE,FALSE,FALSE,62,27,Somewhat agree,Somewhat disagree,Neither agree nor disagree,No,No,1 - Not at all,3,2,2,3,2,2,2,1- Very unlike me,2,2,1- Very unlike me,1- Very unlike me,NA,NA,NA,NA,NA,NA,NA,NA,Louisiana,11 - 15 years in prison,Oppose,2,1,2,1,Democrat,Republican,arson
Male,African American,"Less than 30,000",High School / GED,Democrat,NA,NA,Strong Democrat,24,NA,NA,NA,TRUE,TRUE,TRUE,TRUE,TRUE,TRUE,TRUE,TRUE,TRUE,TRUE,100,24,Strongly agree,Strongly agree,Strongly agree,Yes,Yes,1 - Not at all,1- Very unlike me,1- Very unlike me,1- Very unlike me,1- Very unlike me,1- Very unlike me,1- Very unlike me,1- Very unlike me,1- Very unlike me,1- Very unlike me,1- Very unlike me,1- Very unlike me,1- Very unlike me,NA,NA,NA,NA,Washington,Neither support nor oppose,Unjustified,Yes,NA,NA,NA,1,1,2,1,Republican,Democrat,NA
Male,White/Caucasian,"80,000 – 89,999",Masters Degree,Republican,NA,Not a strong Republican,NA,35,NA,NA,NA,TRUE,FALSE,FALSE,FALSE,TRUE,FALSE,TRUE,FALSE,TRUE,TRUE,75,78,Strongly disagree,Neither agree nor disagree,Somewhat disagree,No,No,3,2,3,3,4,3,3,3,4,3,4,3,3,NA,NA,NA,NA,NA,NA,NA,NA,California,7 months to 1 year in jail,Support,2,1,1,1,Democrat,Republican,murder
Female,Native American,"30,000 – 39,999",4-year College Degree,Democrat,NA,NA,Strong Democrat,25,NA,NA,NA,TRUE,TRUE,TRUE,TRUE,TRUE,TRUE,TRUE,TRUE,TRUE,TRUE,93,73,Somewhat agree,Somewhat agree,Somewhat agree,Yes,Yes,3,2,3,3,3,3,3,3,3,3,3,3,3,Texas,Support,Unjustified,Yes,NA,NA,NA,NA,NA,NA,NA,1,1,1,1,Republican,Democrat,NA
Female,White/Caucasian,"40,000 – 49,999",2-year College Degree,Republican,NA,Not a strong Republican,NA,24,NA,NA,NA,NA,NA,NA,NA,NA,NA,NA,NA,NA,NA,,,NA,NA,NA,NA,NA,NA,NA,NA,NA,NA,NA,NA,NA,NA,NA,NA,NA,NA,NA,NA,NA,NA,NA,NA,NA,NA,NA,NA,NA,1,2,2,2,NA,NA,NA
Male,White/Caucasian,"100,000 or more",Some College,Republican,NA,Not a strong Republican,NA,75,NA,NA,NA,TRUE,FALSE,TRUE,TRUE,TRUE,FALSE,FALSE,FALSE,FALSE,FALSE,61,60,Neither agree nor disagree,Neither agree nor disagree,Neither agree nor disagree,No,No,1 - Not at all,1- Very unlike me,2,1- Very unlike me,1- Very unlike me,1- Very unlike me,1- Very unlike me,1- Very unlike me,1- Very unlike me,1- Very unlike me,1- Very unlike me,1- Very unlike me,1- Very unlike me,NA,NA,NA,NA,NA,NA,NA,NA,Oregon,Community service,Oppose,2,1,2,1,Democrat,Republican,assault
Female,Other,"Less than 30,000",High School / GED,Independent,Democratic Party,NA,NA,31,No,No,Yes,FALSE,TRUE,FALSE,TRUE,TRUE,FALSE,FALSE,FALSE,TRUE,FALSE,56,32,Neither agree nor disagree,Somewhat disagree,Somewhat disagree,No,No,2,1- Very unlike me,5- Very like me,3,5- Very like me,3,4,5- Very like me,5- Very like me,1- Very unlike me,5- Very like me,5- Very like me,3,NA,NA,NA,NA,Oregon,Strongly support,Unjustified,Yes,NA,NA,NA,1,2,2,1,Republican,Democrat,NA
Male,Other,"50,000 – 59,999",4-year College Degree,Democrat,NA,NA,Strong Democrat,62,No,No,Yes,TRUE,TRUE,TRUE,TRUE,TRUE,FALSE,FALSE,FALSE,FALSE,FALSE,74,25,Somewhat agree,Somewhat disagree,Neither agree nor disagree,No,No,1 - Not at all,3,3,1- Very unlike me,3,1- Very unlike me,1- Very unlike me,1- Very unlike me,1- Very unlike me,1- Very unlike me,1- Very unlike me,1- Very unlike me,1- Very unlike me,NA,NA,NA,NA,Oregon,Strongly oppose,Unjustified,Yes,NA,NA,NA,1,1,2,1,Republican,Democrat,NA
Male,Other,"60,000 – 69,999",Masters Degree,Democrat,NA,NA,Strong Democrat,18,NA,NA,NA,TRUE,TRUE,TRUE,TRUE,TRUE,TRUE,TRUE,TRUE,TRUE,TRUE,80,11,Strongly agree,Somewhat disagree,Strongly agree,No,Yes,5 - A great deal,1- Very unlike me,1- Very unlike me,1- Very unlike me,1- Very unlike me,1- Very unlike me,1- Very unlike me,1- Very unlike me,1- Very unlike me,1- Very unlike me,1- Very unlike me,5- Very like me,1- Very unlike me,NA,NA,NA,NA,NA,NA,NA,NA,Texas,Community service,Strongly support,2,2,1,1,Republican,Democrat,arson
Male,Asian,"70,000 – 79,999",Masters Degree,Democrat,NA,NA,Strong Democrat,40,NA,NA,NA,TRUE,TRUE,TRUE,TRUE,TRUE,TRUE,TRUE,TRUE,TRUE,TRUE,98,61,Somewhat agree,Somewhat disagree,Somewhat agree,No,No,1 - Not at all,1- Very unlike me,2,3,1- Very unlike me,2,3,4,1- Very unlike me,5- Very like me,4,3,2,Florida,Neither support nor oppose,Unjustified,Yes,NA,NA,NA,NA,NA,NA,NA,1,1,1,1,Republican,Democrat,NA
Female,White/Caucasian,"40,000 – 49,999",High School / GED,Republican,NA,Strong Republican,NA,60,No,No,Yes,TRUE,TRUE,TRUE,TRUE,TRUE,TRUE,TRUE,FALSE,TRUE,FALSE,2,68,Strongly agree,Somewhat agree,Strongly agree,No,No,4,5- Very like me,3,4,2,3,4,3,1- Very unlike me,2,1- Very unlike me,5- Very like me,4,Florida,Strongly oppose,Unjustified,Yes,NA,NA,NA,NA,NA,NA,NA,1,2,1,1,Democrat,Republican,NA
Female,Other,"30,000 – 39,999",Masters Degree,Republican,NA,Strong Republican,NA,21,No,Yes,Yes,TRUE,FALSE,TRUE,TRUE,TRUE,TRUE,TRUE,TRUE,TRUE,TRUE,28,88,Strongly agree,Somewhat agree,Neither agree nor disagree,Yes,Yes,3,2,3,3,4,1- Very unlike me,3,4,3,3,3,4,3,NA,NA,NA,NA,NA,NA,NA,NA,Texas,7 months to 1 year in jail,Oppose,2,2,2,1,Democrat,Republican,assault with a deadly weapon
Male,Other,"50,000 – 59,999",2-year College Degree,Democrat,NA,NA,Not a strong Democrat,22,No,No,Yes,FALSE,FALSE,TRUE,FALSE,TRUE,TRUE,FALSE,TRUE,FALSE,TRUE,80,19,Neither agree nor disagree,Somewhat disagree,Neither agree nor disagree,No,No,1 - Not at all,2,3,3,3,3,2,1- Very unlike me,2,1- Very unlike me,1- Very unlike me,5- Very like me,3,Florida,Strongly oppose,Unjustified,Yes,NA,NA,NA,NA,NA,NA,NA,1,2,1,1,Republican,Democrat,NA
Female,White/Caucasian,"40,000 – 49,999",Some College,Democrat,NA,NA,Strong Democrat,38,No,No,Yes,TRUE,TRUE,TRUE,FALSE,TRUE,TRUE,FALSE,TRUE,TRUE,TRUE,80,20,Somewhat agree,Somewhat disagree,Somewhat agree,No,No,1 - Not at all,4,2,3,4,4,4,1- Very unlike me,2,1- Very unlike me,2,1- Very unlike me,1- Very unlike me,NA,NA,NA,NA,NA,NA,NA,NA,Alaska,2 - 5 years in prison,Oppose,2,2,1,1,Republican,Democrat,assault with a deadly weapon
Male,White/Caucasian,"90,000 – 99,999",4-year College Degree,Democrat,NA,NA,Strong Democrat,70,No,Yes,Yes,TRUE,TRUE,TRUE,TRUE,TRUE,FALSE,FALSE,TRUE,FALSE,TRUE,100,0,Strongly disagree,Strongly disagree,Strongly disagree,No,No,1 - Not at all,1- Very unlike me,3,4,1- Very unlike me,3,2,1- Very unlike me,1- Very unlike me,1- Very unlike me,1- Very unlike me,1- Very unlike me,1- Very unlike me,Florida,Strongly oppose,Unjustified,Yes,NA,NA,NA,NA,NA,NA,NA,1,2,1,1,Republican,Democrat,NA
Female,Native American,"70,000 – 79,999",4-year College Degree,Republican,NA,Strong Republican,NA,35,Yes,Yes,Yes,FALSE,TRUE,FALSE,FALSE,FALSE,TRUE,TRUE,FALSE,TRUE,TRUE,89,100,Strongly agree,Somewhat agree,Somewhat agree,No,No,4,2,3,3,3,4,4,4,5- Very like me,4,5- Very like me,4,4,NA,NA,NA,NA,Washington,Support,Justified,No,NA,NA,NA,1,1,2,1,Democrat,Republican,NA
Female,White/Caucasian,"60,000 – 69,999",4-year College Degree,Democrat,NA,NA,Strong Democrat,30,Yes,Yes,Yes,TRUE,TRUE,TRUE,TRUE,FALSE,TRUE,TRUE,FALSE,TRUE,FALSE,78,81,Somewhat disagree,Somewhat disagree,Somewhat disagree,No,No,3,1- Very unlike me,1- Very unlike me,1- Very unlike me,1- Very unlike me,1- Very unlike me,1- Very unlike me,1- Very unlike me,1- Very unlike me,1- Very unlike me,1- Very unlike me,1- Very unlike me,1- Very unlike me,NA,NA,NA,NA,NA,NA,NA,NA,Florida,1 - 3 days in jail,Oppose,2,2,2,1,Republican,Democrat,vandalism
Female,White/Caucasian,"30,000 – 39,999",High School / GED,Republican,NA,Strong Republican,NA,29,No,No,Yes,FALSE,TRUE,TRUE,TRUE,TRUE,FALSE,FALSE,TRUE,FALSE,FALSE,31,81,Neither agree nor disagree,Somewhat disagree,Somewhat disagree,No,No,2,1- Very unlike me,3,2,1- Very unlike me,3,1- Very unlike me,1- Very unlike me,1- Very unlike me,2,1- Very unlike me,1- Very unlike me,1- Very unlike me,NA,NA,NA,NA,Oregon,Oppose,Justified,Yes,NA,NA,NA,1,2,2,1,Democrat,Republican,NA
Male,White/Caucasian,"40,000 – 49,999",2-year College Degree,Republican,NA,Strong Republican,NA,66,No,No,Yes,FALSE,TRUE,TRUE,TRUE,TRUE,TRUE,TRUE,TRUE,FALSE,FALSE,15,100,Somewhat agree,Somewhat disagree,Neither agree nor disagree,No,No,1 - Not at all,1- Very unlike me,2,1- Very unlike me,1- Very unlike me,1- Very unlike me,1- Very unlike me,2,1- Very unlike me,1- Very unlike me,1- Very unlike me,1- Very unlike me,1- Very unlike me,Florida,Strongly oppose,Unjustified,Yes,NA,NA,NA,NA,NA,NA,NA,1,1,1,1,Democrat,Republican,NA
Female,White/Caucasian,"Less than 30,000",High School / GED,Democrat,NA,NA,Strong Democrat,20,No,No,Yes,FALSE,TRUE,TRUE,TRUE,TRUE,FALSE,TRUE,TRUE,TRUE,FALSE,71,38,Neither agree nor disagree,Somewhat disagree,Somewhat disagree,No,No,3,1- Very unlike me,2,2,4,2,3,2,1- Very unlike me,1- Very unlike me,2,3,3,NA,NA,NA,NA,NA,NA,NA,NA,Florida,6 - 10 years in prison,Oppose,2,2,2,1,Republican,Democrat,murder
Female,Native American,"30,000 – 39,999",4-year College Degree,Democrat,NA,NA,Strong Democrat,43,NA,NA,NA,NA,NA,NA,NA,NA,NA,NA,NA,NA,NA,,,NA,NA,NA,NA,NA,NA,NA,NA,NA,NA,NA,NA,NA,NA,NA,NA,NA,NA,NA,NA,NA,NA,NA,NA,NA,NA,NA,NA,NA,2,1,1,2,NA,NA,NA
Female,Other,"50,000 – 59,999",High School / GED,Democrat,NA,NA,Strong Democrat,36,NA,NA,NA,NA,NA,NA,NA,NA,NA,NA,NA,NA,NA,,,NA,NA,NA,NA,NA,NA,NA,NA,NA,NA,NA,NA,NA,NA,NA,NA,NA,NA,NA,NA,NA,NA,NA,NA,NA,NA,NA,NA,NA,1,1,2,2,NA,NA,NA
Female,White/Caucasian,"50,000 – 59,999",High School / GED,Democrat,NA,NA,Strong Democrat,30,No,No,Yes,FALSE,TRUE,TRUE,TRUE,TRUE,FALSE,FALSE,TRUE,FALSE,FALSE,100,9,Neither agree nor disagree,Neither agree nor disagree,Neither agree nor disagree,No,No,1 - Not at all,1- Very unlike me,1- Very unlike me,1- Very unlike me,1- Very unlike me,1- Very unlike me,3,1- Very unlike me,1- Very unlike me,1- Very unlike me,1- Very unlike me,1- Very unlike me,1- Very unlike me,NA,NA,NA,NA,NA,NA,NA,NA,Oregon,11 - 15 years in prison,Strongly oppose,2,2,1,1,Republican,Democrat,arson
Female,White/Caucasian,"100,000 or more","Professional Degree (JD, MD)",Democrat,NA,NA,Strong Democrat,38,NA,NA,NA,FALSE,TRUE,FALSE,TRUE,FALSE,TRUE,TRUE,FALSE,FALSE,TRUE,89,91,Strongly agree,Somewhat disagree,Strongly agree,No,No,5 - A great deal,1- Very unlike me,3,3,5- Very like me,1- Very unlike me,4,5- Very like me,1- Very unlike me,2,1- Very unlike me,4,5- Very like me,NA,NA,NA,NA,Oregon,Support,Justified,Yes,NA,NA,NA,1,1,2,1,Republican,Democrat,NA
Male,African American,"30,000 – 39,999",2-year College Degree,Independent,Democratic Party,NA,NA,20,NA,NA,NA,TRUE,TRUE,TRUE,TRUE,TRUE,FALSE,TRUE,TRUE,TRUE,TRUE,13,80,Somewhat agree,Somewhat agree,Somewhat agree,Yes,Yes,5 - A great deal,5- Very like me,4,2,1- Very unlike me,5- Very like me,5- Very like me,5- Very like me,5- Very like me,5- Very like me,5- Very like me,5- Very like me,4,NA,NA,NA,NA,NA,NA,NA,NA,California,4 - 30 days in jail,NA,2,1,2,1,Republican,Democrat,vandalism
Male,White/Caucasian,"Less than 30,000",Some College,Democrat,NA,NA,Strong Democrat,64,No,No,Yes,FALSE,FALSE,TRUE,FALSE,TRUE,TRUE,FALSE,TRUE,TRUE,TRUE,87,9,Neither agree nor disagree,Somewhat disagree,Neither agree nor disagree,No,No,1 - Not at all,2,4,2,1- Very unlike me,3,2,1- Very unlike me,1- Very unlike me,2,2,2,1- Very unlike me,NA,NA,NA,NA,NA,NA,NA,NA,Oregon,Community service,Neither support nor oppose,2,2,1,1,Republican,Democrat,protesting without a permit
Male,White/Caucasian,"70,000 – 79,999",4-year College Degree,Democrat,NA,NA,Strong Democrat,27,Yes,Yes,Yes,TRUE,TRUE,TRUE,TRUE,TRUE,FALSE,TRUE,FALSE,TRUE,FALSE,94,5,Somewhat agree,Somewhat agree,Neither agree nor disagree,No,No,3,1- Very unlike me,1- Very unlike me,3,2,4,2,2,2,4,2,4,3,South Carolina,Support,Justified,Yes,NA,NA,NA,NA,NA,NA,NA,1,1,1,1,Republican,Democrat,NA
Female,Other,"Less than 30,000",High School / GED,Democrat,NA,NA,Strong Democrat,21,NA,NA,NA,NA,NA,NA,NA,NA,NA,NA,NA,NA,NA,,,NA,NA,NA,NA,NA,NA,NA,NA,NA,NA,NA,NA,NA,NA,NA,NA,NA,NA,NA,NA,NA,NA,NA,NA,NA,NA,NA,NA,NA,2,2,1,2,NA,NA,NA
Female,Other,"40,000 – 49,999",4-year College Degree,Democrat,NA,NA,Not a strong Democrat,21,No,No,Yes,TRUE,TRUE,TRUE,FALSE,TRUE,TRUE,TRUE,FALSE,FALSE,TRUE,50,10,Somewhat agree,Somewhat agree,Somewhat agree,No,No,3,1- Very unlike me,3,1- Very unlike me,1- Very unlike me,1- Very unlike me,1- Very unlike me,1- Very unlike me,1- Very unlike me,1- Very unlike me,1- Very unlike me,1- Very unlike me,1- Very unlike me,NA,NA,NA,NA,NA,NA,NA,NA,Oregon,6 - 10 years in prison,Neither support nor oppose,2,2,1,1,Republican,Democrat,murder
Female,White/Caucasian,"Less than 30,000",2-year College Degree,Democrat,NA,NA,Not a strong Democrat,49,NA,NA,NA,FALSE,TRUE,TRUE,TRUE,TRUE,FALSE,FALSE,FALSE,FALSE,FALSE,80,50,Neither agree nor disagree,Somewhat disagree,Neither agree nor disagree,No,No,1 - Not at all,1- Very unlike me,1- Very unlike me,5- Very like me,1- Very unlike me,1- Very unlike me,5- Very like me,1- Very unlike me,1- Very unlike me,1- Very unlike me,3,5- Very like me,1- Very unlike me,NA,NA,NA,NA,Oregon,Strongly oppose,Unjustified,Yes,NA,NA,NA,1,2,2,1,Republican,Democrat,NA
Female,Asian,"Less than 30,000",High School / GED,Democrat,NA,NA,Strong Democrat,21,NA,NA,NA,NA,NA,NA,NA,NA,NA,NA,NA,NA,NA,,,NA,NA,NA,NA,NA,NA,NA,NA,NA,NA,NA,NA,NA,NA,NA,NA,NA,NA,NA,NA,NA,NA,NA,NA,NA,NA,NA,NA,NA,1,2,1,2,NA,NA,NA
Female,White/Caucasian,"70,000 – 79,999","Professional Degree (JD, MD)",Democrat,NA,NA,Strong Democrat,37,Yes,No,Yes,TRUE,TRUE,TRUE,TRUE,TRUE,FALSE,FALSE,TRUE,FALSE,TRUE,90,60,Neither agree nor disagree,Somewhat disagree,Neither agree nor disagree,No,Yes,3,2,3,3,4,1- Very unlike me,3,4,1- Very unlike me,2,1- Very unlike me,5- Very like me,2,Florida,Strongly oppose,Justified,Yes,NA,NA,NA,NA,NA,NA,NA,1,2,1,1,Republican,Democrat,NA
Male,Other,"Less than 30,000",Some College,Democrat,NA,NA,Strong Democrat,22,NA,NA,NA,NA,NA,NA,NA,NA,NA,NA,NA,NA,NA,,,NA,NA,NA,NA,NA,NA,NA,NA,NA,NA,NA,NA,NA,NA,NA,NA,NA,NA,NA,NA,NA,NA,NA,NA,NA,NA,NA,NA,NA,2,2,1,2,NA,NA,NA
Female,White/Caucasian,"Less than 30,000",Some College,Republican,NA,Strong Republican,NA,55,NA,NA,NA,NA,NA,NA,NA,NA,NA,NA,NA,NA,NA,,,NA,NA,NA,NA,NA,NA,NA,NA,NA,NA,NA,NA,NA,NA,NA,NA,NA,NA,NA,NA,NA,NA,NA,NA,NA,NA,NA,NA,NA,1,1,1,2,NA,NA,NA
Female,Other,"Less than 30,000",High School / GED,Democrat,NA,NA,Not a strong Democrat,65,No,No,Yes,FALSE,TRUE,FALSE,FALSE,TRUE,FALSE,FALSE,FALSE,TRUE,FALSE,90,0,Neither agree nor disagree,Strongly agree,Neither agree nor disagree,No,No,1 - Not at all,1- Very unlike me,3,1- Very unlike me,3,1- Very unlike me,1- Very unlike me,1- Very unlike me,1- Very unlike me,1- Very unlike me,1- Very unlike me,1- Very unlike me,1- Very unlike me,Florida,Strongly oppose,Unjustified,Yes,NA,NA,NA,NA,NA,NA,NA,1,2,1,1,Republican,Democrat,NA
Female,Other,"Less than 30,000",High School / GED,Republican,NA,Not a strong Republican,NA,65,NA,NA,NA,NA,NA,NA,NA,NA,NA,NA,NA,NA,NA,,,NA,NA,NA,NA,NA,NA,NA,NA,NA,NA,NA,NA,NA,NA,NA,NA,NA,NA,NA,NA,NA,NA,NA,NA,NA,NA,NA,NA,NA,2,1,1,2,NA,NA,NA
Female,White/Caucasian,"Less than 30,000",Some College,Democrat,NA,NA,Not a strong Democrat,28,No,No,No,FALSE,TRUE,TRUE,TRUE,TRUE,FALSE,FALSE,FALSE,FALSE,FALSE,64,36,Neither agree nor disagree,Neither agree nor disagree,Neither agree nor disagree,No,No,1 - Not at all,1- Very unlike me,2,4,2,2,3,2,2,1- Very unlike me,1- Very unlike me,1- Very unlike me,1- Very unlike me,Florida,Oppose,Unjustified,Yes,NA,NA,NA,NA,NA,NA,NA,1,2,1,1,Republican,Democrat,NA
Male,White/Caucasian,"Less than 30,000",4-year College Degree,Republican,NA,Strong Republican,NA,60,NA,NA,NA,NA,NA,NA,NA,NA,NA,NA,NA,NA,NA,,,NA,NA,NA,NA,NA,NA,NA,NA,NA,NA,NA,NA,NA,NA,NA,NA,NA,NA,NA,NA,NA,NA,NA,NA,NA,NA,NA,NA,NA,2,1,2,2,NA,NA,NA
Male,White/Caucasian,"100,000 or more",4-year College Degree,Republican,NA,Strong Republican,NA,35,NA,NA,NA,FALSE,TRUE,FALSE,TRUE,TRUE,TRUE,TRUE,FALSE,FALSE,FALSE,64,55,Strongly agree,Somewhat disagree,Strongly agree,Yes,No,2,2,3,1- Very unlike me,1- Very unlike me,3,1- Very unlike me,1- Very unlike me,2,3,4,5- Very like me,5- Very like me,NA,NA,NA,NA,NA,NA,NA,NA,Washington,1 - 3 days in jail,Support,2,1,2,1,Democrat,Republican,arson
Male,African American,"90,000 – 99,999",Masters Degree,Republican,NA,Strong Republican,NA,25,NA,NA,NA,FALSE,TRUE,TRUE,FALSE,TRUE,TRUE,TRUE,TRUE,TRUE,TRUE,68,85,Somewhat agree,Somewhat agree,Neither agree nor disagree,Yes,Yes,4,3,3,2,3,2,3,4,2,4,3,3,2,NA,NA,NA,NA,NA,NA,NA,NA,Florida,4 - 6 months in jail,Oppose,2,2,1,4,Democrat,Republican,protesting without a permit
Male,African American,"Less than 30,000",Some College,Democrat,NA,NA,Strong Democrat,63,NA,NA,NA,NA,NA,NA,NA,NA,NA,NA,NA,NA,NA,,,NA,NA,NA,NA,NA,NA,NA,NA,NA,NA,NA,NA,NA,NA,NA,NA,NA,NA,NA,NA,NA,NA,NA,NA,NA,NA,NA,NA,NA,1,2,1,2,NA,NA,NA
Female,Native American,"40,000 – 49,999",2-year College Degree,Democrat,NA,NA,Strong Democrat,37,NA,NA,NA,TRUE,FALSE,TRUE,TRUE,TRUE,FALSE,FALSE,TRUE,TRUE,FALSE,78,15,Neither agree nor disagree,Somewhat disagree,Neither agree nor disagree,No,No,3,1- Very unlike me,4,3,1- Very unlike me,1- Very unlike me,1- Very unlike me,1- Very unlike me,1- Very unlike me,1- Very unlike me,1- Very unlike me,1- Very unlike me,1- Very unlike me,NA,NA,NA,NA,Washington,Strongly oppose,Unjustified,Yes,NA,NA,NA,1,1,2,1,Republican,Democrat,NA
Male,White/Caucasian,"90,000 – 99,999",Masters Degree,Democrat,NA,NA,Strong Democrat,40,Yes,Yes,Yes,FALSE,TRUE,TRUE,TRUE,TRUE,TRUE,TRUE,TRUE,FALSE,TRUE,75,78,Strongly agree,Somewhat agree,NA,Yes,Yes,4,4,3,4,3,3,3,3,3,3,4,3,4,Florida,Strongly support,Justified,Yes,NA,NA,NA,NA,NA,NA,NA,1,1,1,1,Republican,Democrat,NA
Female,Native American,"60,000 – 69,999",High School / GED,Democrat,NA,NA,Strong Democrat,21,NA,NA,NA,FALSE,TRUE,TRUE,FALSE,TRUE,FALSE,FALSE,FALSE,FALSE,FALSE,80,25,Strongly agree,Strongly disagree,Neither agree nor disagree,No,Yes,1 - Not at all,1- Very unlike me,3,3,1- Very unlike me,2,3,1- Very unlike me,2,1- Very unlike me,1- Very unlike me,2,1- Very unlike me,NA,NA,NA,NA,NA,NA,NA,NA,Washington,16 - 20 years in prison,Strongly oppose,2,1,1,1,Republican,Democrat,murder
Female,African American,"Less than 30,000",2-year College Degree,Democrat,NA,NA,Strong Democrat,47,NA,NA,NA,NA,NA,NA,NA,NA,NA,NA,NA,NA,NA,,,NA,NA,NA,NA,NA,NA,NA,NA,NA,NA,NA,NA,NA,NA,NA,NA,NA,NA,NA,NA,NA,NA,NA,NA,NA,NA,NA,NA,NA,1,1,1,2,NA,NA,NA
Female,White/Caucasian,"100,000 or more",4-year College Degree,Democrat,NA,NA,Strong Democrat,64,NA,NA,NA,TRUE,TRUE,TRUE,TRUE,TRUE,FALSE,FALSE,FALSE,TRUE,FALSE,91,29,Neither agree nor disagree,Neither agree nor disagree,Neither agree nor disagree,No,No,1 - Not at all,1- Very unlike me,2,1- Very unlike me,1- Very unlike me,2,1- Very unlike me,1- Very unlike me,1- Very unlike me,1- Very unlike me,1- Very unlike me,1- Very unlike me,1- Very unlike me,NA,NA,NA,NA,NA,NA,NA,NA,Oregon,More than 20 years in prison,Strongly oppose,2,2,1,1,Republican,Democrat,murder
Male,White/Caucasian,"30,000 – 39,999",Some College,Republican,NA,Strong Republican,NA,66,No,Yes,Yes,TRUE,TRUE,TRUE,TRUE,TRUE,FALSE,FALSE,TRUE,FALSE,FALSE,40,60,Neither agree nor disagree,Strongly disagree,Somewhat disagree,No,No,5 - A great deal,1- Very unlike me,3,1- Very unlike me,1- Very unlike me,1- Very unlike me,2,1- Very unlike me,1- Very unlike me,2,1- Very unlike me,1- Very unlike me,1- Very unlike me,NA,NA,NA,NA,NA,NA,NA,NA,Oregon,Community service,Oppose,2,1,2,1,Democrat,Republican,assault
Male,Other,"60,000 – 69,999",Some College,Independent,Democratic Party,NA,NA,40,No,No,Yes,FALSE,FALSE,TRUE,TRUE,TRUE,FALSE,FALSE,TRUE,TRUE,TRUE,40,40,Somewhat agree,Somewhat disagree,Neither agree nor disagree,No,No,1 - Not at all,4,4,3,4,2,3,2,2,2,2,2,3,NA,NA,NA,NA,NA,NA,NA,NA,Oregon,4 - 6 months in jail,Oppose,2,1,1,1,Republican,Democrat,assault
Female,Native American,"100,000 or more",4-year College Degree,Democrat,NA,NA,Not a strong Democrat,41,NA,NA,NA,NA,NA,NA,NA,NA,NA,NA,NA,NA,NA,,,NA,NA,NA,NA,NA,NA,NA,NA,NA,NA,NA,NA,NA,NA,NA,NA,NA,NA,NA,NA,NA,NA,NA,NA,NA,NA,NA,NA,NA,1,2,1,2,NA,NA,NA
Female,White/Caucasian,"Less than 30,000",Some College,Democrat,NA,NA,Not a strong Democrat,42,No,No,No,TRUE,TRUE,TRUE,TRUE,TRUE,FALSE,FALSE,FALSE,FALSE,TRUE,82,40,Somewhat agree,Neither agree nor disagree,Somewhat disagree,No,No,1 - Not at all,1- Very unlike me,1- Very unlike me,2,1- Very unlike me,1- Very unlike me,2,1- Very unlike me,1- Very unlike me,1- Very unlike me,1- Very unlike me,1- Very unlike me,1- Very unlike me,NA,NA,NA,NA,Washington,Strongly oppose,Unjustified,Yes,NA,NA,NA,1,2,2,1,Republican,Democrat,NA
Female,White/Caucasian,"30,000 – 39,999",2-year College Degree,Democrat,NA,NA,Strong Democrat,57,No,No,Yes,TRUE,TRUE,TRUE,TRUE,TRUE,FALSE,FALSE,FALSE,FALSE,FALSE,73,38,Neither agree nor disagree,Neither agree nor disagree,Neither agree nor disagree,No,No,2,3,2,3,2,2,3,2,3,2,2,3,3,NA,NA,NA,NA,Oregon,Neither support nor oppose,Unjustified,Yes,NA,NA,NA,1,1,2,1,Republican,Democrat,NA
Female,Other,"Less than 30,000",High School / GED,Democrat,NA,NA,Not a strong Democrat,24,NA,NA,NA,FALSE,TRUE,TRUE,TRUE,TRUE,TRUE,TRUE,TRUE,TRUE,TRUE,81,50,Somewhat agree,Strongly agree,Strongly disagree,No,No,1 - Not at all,1- Very unlike me,3,3,1- Very unlike me,1- Very unlike me,3,1- Very unlike me,1- Very unlike me,3,1- Very unlike me,5- Very like me,1- Very unlike me,NA,NA,NA,NA,Arizona,Neither support nor oppose,Unjustified,Yes,NA,NA,NA,1,2,2,1,Republican,Democrat,NA
Male,White/Caucasian,"Less than 30,000",Less than High School,Independent,Democratic Party,NA,NA,37,NA,NA,NA,TRUE,TRUE,TRUE,TRUE,TRUE,TRUE,TRUE,TRUE,TRUE,TRUE,79,81,Strongly agree,Strongly agree,Strongly agree,No,Yes,3,4,3,2,3,4,4,3,3,3,3,3,3,NA,NA,NA,NA,Washington,Strongly support,Justified,Yes,NA,NA,NA,1,2,2,1,Republican,Democrat,NA
Female,White/Caucasian,"30,000 – 39,999",Some College,Democrat,NA,NA,Not a strong Democrat,27,No,No,Yes,TRUE,FALSE,TRUE,TRUE,TRUE,TRUE,FALSE,TRUE,TRUE,TRUE,100,0,Neither agree nor disagree,Neither agree nor disagree,Neither agree nor disagree,No,No,5 - A great deal,5- Very like me,5- Very like me,5- Very like me,5- Very like me,5- Very like me,5- Very like me,5- Very like me,5- Very like me,5- Very like me,5- Very like me,5- Very like me,5- Very like me,South Carolina,Neither support nor oppose,Justified,Yes,NA,NA,NA,NA,NA,NA,NA,1,2,1,1,Republican,Democrat,NA
Female,White/Caucasian,"40,000 – 49,999",4-year College Degree,Democrat,NA,NA,Strong Democrat,29,No,No,Yes,FALSE,TRUE,TRUE,TRUE,TRUE,TRUE,TRUE,FALSE,FALSE,FALSE,100,0,Strongly disagree,Somewhat disagree,Neither agree nor disagree,No,Yes,5 - A great deal,3,2,5- Very like me,1- Very unlike me,2,5- Very like me,1- Very unlike me,1- Very unlike me,2,5- Very like me,3,5- Very like me,Nevada,Oppose,Unjustified,Yes,NA,NA,NA,NA,NA,NA,NA,1,2,1,1,Republican,Democrat,NA
Male,White/Caucasian,"100,000 or more",Masters Degree,Democrat,NA,NA,Strong Democrat,31,Yes,Yes,Yes,TRUE,TRUE,TRUE,TRUE,TRUE,TRUE,TRUE,TRUE,TRUE,TRUE,96,3,Strongly agree,Strongly agree,Strongly agree,No,Yes,1 - Not at all,2,2,2,2,2,1- Very unlike me,2,2,1- Very unlike me,1- Very unlike me,2,3,NA,NA,NA,NA,NA,NA,NA,NA,California,Community service,Strongly support,2,1,1,1,Republican,Democrat,protesting without a permit
Female,Other,"50,000 – 59,999",High School / GED,Republican,NA,Not a strong Republican,NA,41,No,No,No,FALSE,TRUE,TRUE,FALSE,TRUE,FALSE,FALSE,TRUE,TRUE,FALSE,100,91,Neither agree nor disagree,Somewhat disagree,Strongly disagree,No,No,1 - Not at all,1- Very unlike me,1- Very unlike me,1- Very unlike me,1- Very unlike me,1- Very unlike me,1- Very unlike me,1- Very unlike me,1- Very unlike me,1- Very unlike me,1- Very unlike me,1- Very unlike me,1- Very unlike me,NA,NA,NA,NA,Oregon,Strongly oppose,Justified,Yes,NA,NA,NA,1,2,2,1,Democrat,Republican,NA
Female,White/Caucasian,"100,000 or more",Masters Degree,Democrat,NA,NA,Strong Democrat,35,NA,NA,NA,TRUE,TRUE,TRUE,TRUE,TRUE,TRUE,TRUE,TRUE,TRUE,TRUE,97,97,Strongly agree,Strongly agree,Strongly agree,Yes,Yes,5 - A great deal,5- Very like me,5- Very like me,5- Very like me,5- Very like me,5- Very like me,5- Very like me,5- Very like me,5- Very like me,5- Very like me,5- Very like me,5- Very like me,5- Very like me,NA,NA,NA,NA,NA,NA,NA,NA,Oregon,Community service,Strongly support,2,2,2,1,Republican,Democrat,murder
Female,White/Caucasian,"60,000 – 69,999",Some College,Independent,Neither,NA,NA,NA,NA,NA,NA,NA,NA,NA,NA,NA,NA,NA,NA,NA,NA,,,NA,NA,NA,NA,NA,NA,NA,NA,NA,NA,NA,NA,NA,NA,NA,NA,NA,NA,NA,NA,NA,NA,NA,NA,NA,NA,NA,NA,NA,1,2,2,2,NA,NA,NA
Female,Other,"Less than 30,000",Some College,Democrat,NA,NA,Strong Democrat,36,NA,NA,NA,NA,NA,NA,NA,NA,NA,NA,NA,NA,NA,,,NA,NA,NA,NA,NA,NA,NA,NA,NA,NA,NA,NA,NA,NA,NA,NA,NA,NA,NA,NA,NA,NA,NA,NA,NA,NA,NA,NA,NA,1,1,2,2,NA,NA,NA
Female,White/Caucasian,"Less than 30,000",2-year College Degree,Democrat,NA,NA,Strong Democrat,62,No,No,Yes,FALSE,TRUE,TRUE,FALSE,TRUE,FALSE,TRUE,TRUE,TRUE,FALSE,82,22,Neither agree nor disagree,Somewhat disagree,Strongly disagree,No,No,1 - Not at all,3,3,4,3,3,4,2,2,2,2,3,1- Very unlike me,NA,NA,NA,NA,NA,NA,NA,NA,Oregon,Community service,Support,2,1,2,1,Republican,Democrat,vandalism
Female,White/Caucasian,"80,000 – 89,999",2-year College Degree,Democrat,NA,NA,Not a strong Democrat,62,No,No,Yes,TRUE,TRUE,TRUE,TRUE,TRUE,FALSE,FALSE,TRUE,FALSE,TRUE,74,29,Neither agree nor disagree,Neither agree nor disagree,Neither agree nor disagree,No,No,1 - Not at all,1- Very unlike me,2,2,1- Very unlike me,1- Very unlike me,1- Very unlike me,1- Very unlike me,1- Very unlike me,1- Very unlike me,1- Very unlike me,1- Very unlike me,1- Very unlike me,Florida,Strongly oppose,Unjustified,Yes,NA,NA,NA,NA,NA,NA,NA,1,2,1,1,Republican,Democrat,NA
Female,White/Caucasian,"40,000 – 49,999",Some College,Other,Neither,NA,NA,NA,NA,NA,NA,NA,NA,NA,NA,NA,NA,NA,NA,NA,NA,,,NA,NA,NA,NA,NA,NA,NA,NA,NA,NA,NA,NA,NA,NA,NA,NA,NA,NA,NA,NA,NA,NA,NA,NA,NA,NA,NA,NA,NA,1,1,1,2,NA,NA,NA
Male,Other,"Less than 30,000",Less than High School,Democrat,NA,NA,Strong Democrat,33,NA,NA,NA,NA,NA,NA,NA,NA,NA,NA,NA,NA,NA,,,NA,NA,NA,NA,NA,NA,NA,NA,NA,NA,NA,NA,NA,NA,NA,NA,NA,NA,NA,NA,NA,NA,NA,NA,NA,NA,NA,NA,NA,2,2,2,2,NA,NA,NA
Male,White/Caucasian,"40,000 – 49,999",High School / GED,Republican,NA,Strong Republican,NA,71,No,No,Yes,TRUE,TRUE,TRUE,TRUE,TRUE,FALSE,FALSE,TRUE,FALSE,TRUE,0,56,Neither agree nor disagree,Somewhat agree,Neither agree nor disagree,No,No,1 - Not at all,1- Very unlike me,1- Very unlike me,4,1- Very unlike me,1- Very unlike me,2,1- Very unlike me,1- Very unlike me,3,3,3,3,Georgia,Oppose,Unjustified,Yes,NA,NA,NA,NA,NA,NA,NA,1,2,1,1,Democrat,Republican,NA
Male,Other,"70,000 – 79,999",2-year College Degree,Democrat,NA,NA,Strong Democrat,40,No,No,Yes,TRUE,TRUE,TRUE,TRUE,TRUE,FALSE,TRUE,FALSE,FALSE,FALSE,76,55,Somewhat agree,Strongly disagree,Somewhat agree,No,No,1 - Not at all,5- Very like me,2,3,5- Very like me,3,3,1- Very unlike me,1- Very unlike me,1- Very unlike me,1- Very unlike me,1- Very unlike me,1- Very unlike me,Florida,Strongly oppose,Unjustified,Yes,NA,NA,NA,NA,NA,NA,NA,1,1,1,1,Republican,Democrat,NA
Male,African American,"40,000 – 49,999",2-year College Degree,Democrat,NA,NA,Not a strong Democrat,25,NA,NA,NA,NA,NA,NA,NA,NA,NA,NA,NA,NA,NA,,,NA,NA,NA,NA,NA,NA,NA,NA,NA,NA,NA,NA,NA,NA,NA,NA,NA,NA,NA,NA,NA,NA,NA,NA,NA,NA,NA,NA,NA,1,1,1,2,NA,NA,NA
Female,African American,"Less than 30,000",High School / GED,Independent,Democratic Party,NA,NA,29,NA,NA,NA,NA,NA,NA,NA,NA,NA,NA,NA,NA,NA,,,NA,NA,NA,NA,NA,NA,NA,NA,NA,NA,NA,NA,NA,NA,NA,NA,NA,NA,NA,NA,NA,NA,NA,NA,NA,NA,NA,NA,NA,1,1,2,2,NA,NA,NA
Female,White/Caucasian,"Less than 30,000",Doctoral Degree,Democrat,NA,NA,Strong Democrat,21,No,Yes,Yes,FALSE,TRUE,TRUE,TRUE,TRUE,FALSE,TRUE,TRUE,TRUE,FALSE,100,0,Strongly agree,Strongly agree,Somewhat agree,No,Yes,5 - A great deal,1- Very unlike me,5- Very like me,4,3,5- Very like me,2,2,1- Very unlike me,1- Very unlike me,4,1- Very unlike me,3,South Carolina,Strongly support,Justified,No,NA,NA,NA,NA,NA,NA,NA,1,2,1,1,Republican,Democrat,NA
Female,White/Caucasian,"50,000 – 59,999",High School / GED,Democrat,NA,NA,Strong Democrat,60,No,No,Yes,TRUE,TRUE,TRUE,TRUE,TRUE,FALSE,TRUE,TRUE,TRUE,FALSE,93,11,Somewhat agree,Neither agree nor disagree,Neither agree nor disagree,No,No,4,3,3,3,1- Very unlike me,3,3,3,1- Very unlike me,3,2,3,3,NA,NA,NA,NA,Washington,Support,Unjustified,Yes,NA,NA,NA,1,2,2,1,Republican,Democrat,NA
Female,White/Caucasian,"60,000 – 69,999",4-year College Degree,Republican,NA,Strong Republican,NA,27,NA,NA,NA,NA,NA,NA,NA,NA,NA,NA,NA,NA,NA,,,NA,NA,NA,NA,NA,NA,NA,NA,NA,NA,NA,NA,NA,NA,NA,NA,NA,NA,NA,NA,NA,NA,NA,NA,NA,NA,NA,NA,NA,1,2,2,2,NA,NA,NA
Male,White/Caucasian,"90,000 – 99,999",4-year College Degree,Republican,NA,Strong Republican,NA,32,Yes,Yes,Yes,TRUE,FALSE,TRUE,TRUE,FALSE,FALSE,TRUE,FALSE,TRUE,TRUE,13,88,Somewhat agree,Somewhat disagree,Somewhat agree,Yes,No,4,4,2,3,4,2,3,4,4,4,2,4,3,NA,NA,NA,NA,New Mexico,Support,Justified,Yes,NA,NA,NA,1,1,2,1,Democrat,Republican,NA
Male,White/Caucasian,"60,000 – 69,999",2-year College Degree,Republican,NA,Strong Republican,NA,35,No,No,Yes,FALSE,TRUE,TRUE,FALSE,TRUE,FALSE,FALSE,FALSE,FALSE,FALSE,71,100,Strongly agree,Somewhat agree,Somewhat agree,No,No,1 - Not at all,3,2,2,2,1- Very unlike me,3,1- Very unlike me,1- Very unlike me,1- Very unlike me,1- Very unlike me,1- Very unlike me,1- Very unlike me,NA,NA,NA,NA,NA,NA,NA,NA,Florida,1 - 3 days in jail,Support,2,2,2,1,Democrat,Republican,vandalism
Male,African American,"70,000 – 79,999",High School / GED,Democrat,NA,NA,Strong Democrat,36,NA,NA,NA,TRUE,TRUE,FALSE,TRUE,FALSE,FALSE,FALSE,TRUE,TRUE,TRUE,100,61,Strongly disagree,Strongly agree,Somewhat agree,No,No,4,1- Very unlike me,2,3,2,2,3,2,1- Very unlike me,3,2,3,3,NA,NA,NA,NA,NA,NA,NA,NA,Washington,4 - 30 days in jail,Neither support nor oppose,2,1,1,1,Republican,Democrat,vandalism
Male,African American,"30,000 – 39,999",Less than High School,Republican,NA,Strong Republican,NA,23,NA,NA,NA,FALSE,FALSE,FALSE,FALSE,TRUE,TRUE,TRUE,FALSE,TRUE,TRUE,100,100,Strongly disagree,Somewhat disagree,Strongly agree,No,Yes,5 - A great deal,3,2,1- Very unlike me,1- Very unlike me,1- Very unlike me,3,1- Very unlike me,4,3,4,5- Very like me,5- Very like me,NA,NA,NA,NA,NA,NA,NA,NA,Florida,11 - 15 years in prison,Strongly support,2,1,2,1,Democrat,Republican,vandalism
Male,African American,"Less than 30,000",Less than High School,Democrat,NA,NA,Strong Democrat,19,NA,NA,NA,TRUE,TRUE,TRUE,TRUE,TRUE,TRUE,TRUE,TRUE,TRUE,TRUE,100,100,Somewhat agree,Strongly agree,Strongly agree,Yes,Yes,2,1- Very unlike me,1- Very unlike me,1- Very unlike me,3,1- Very unlike me,1- Very unlike me,1- Very unlike me,2,2,1- Very unlike me,3,1- Very unlike me,NA,NA,NA,NA,NA,NA,NA,NA,Washington,1 - 3 days in jail,Strongly support,2,2,2,1,Republican,Democrat,vandalism
Female,White/Caucasian,"70,000 – 79,999",4-year College Degree,Republican,NA,Strong Republican,NA,40,NA,NA,NA,FALSE,TRUE,TRUE,TRUE,FALSE,FALSE,TRUE,FALSE,TRUE,TRUE,67,69,Somewhat agree,Somewhat agree,Somewhat agree,Yes,No,3,3,4,3,3,5- Very like me,3,3,5- Very like me,4,3,3,3,NA,NA,NA,NA,NA,NA,NA,NA,Florida,7 months to 1 year in jail,Support,2,2,1,1,Democrat,Republican,murder
Male,Native American,"40,000 – 49,999",4-year College Degree,Other,Republican Party,NA,NA,21,NA,NA,NA,TRUE,TRUE,TRUE,TRUE,FALSE,TRUE,FALSE,TRUE,TRUE,TRUE,69,70,Somewhat disagree,Neither agree nor disagree,Somewhat agree,Yes,Yes,2,4,3,2,3,4,5- Very like me,5- Very like me,4,3,4,3,1- Very unlike me,Texas,Neither support nor oppose,Unjustified,No,NA,NA,NA,NA,NA,NA,NA,1,2,1,1,Democrat,Republican,NA
Female,Pacific Islander,"Less than 30,000",Some College,Independent,Democratic Party,NA,NA,24,NA,NA,NA,FALSE,TRUE,TRUE,TRUE,FALSE,TRUE,FALSE,TRUE,FALSE,TRUE,75,79,Neither agree nor disagree,Strongly disagree,Somewhat agree,No,No,3,5- Very like me,5- Very like me,5- Very like me,4,5- Very like me,5- Very like me,5- Very like me,1- Very unlike me,2,4,2,5- Very like me,Texas,Strongly oppose,Unjustified,No,NA,NA,NA,NA,NA,NA,NA,1,1,1,1,Republican,Democrat,NA
Female,White/Caucasian,"Less than 30,000",Some College,Democrat,NA,NA,Strong Democrat,32,No,No,No,TRUE,TRUE,TRUE,TRUE,TRUE,TRUE,TRUE,TRUE,TRUE,TRUE,72,0,Somewhat agree,Strongly agree,Neither agree nor disagree,No,No,3,3,3,3,3,3,3,3,3,3,3,3,3,Georgia,Neither support nor oppose,Justified,Yes,NA,NA,NA,NA,NA,NA,NA,1,1,1,1,Republican,Democrat,NA
Female,Other,"Less than 30,000",Some College,Democrat,NA,NA,Strong Democrat,22,No,No,No,TRUE,TRUE,TRUE,FALSE,TRUE,TRUE,TRUE,TRUE,TRUE,TRUE,100,0,Neither agree nor disagree,Strongly agree,Neither agree nor disagree,No,Yes,3,1- Very unlike me,5- Very like me,3,3,3,3,3,3,3,3,3,3,NA,NA,NA,NA,NA,NA,NA,NA,Oregon,7 months to 1 year in jail,Strongly oppose,2,2,1,1,Republican,Democrat,assault
Female,African American,"40,000 – 49,999",Doctoral Degree,Democrat,NA,NA,Strong Democrat,24,NA,NA,NA,TRUE,TRUE,FALSE,TRUE,TRUE,TRUE,FALSE,FALSE,FALSE,FALSE,69,25,Somewhat agree,Strongly agree,Neither agree nor disagree,Yes,No,4,2,3,1- Very unlike me,5- Very like me,3,2,4,2,1- Very unlike me,1- Very unlike me,5- Very like me,4,NA,NA,NA,NA,NA,NA,NA,NA,Florida,11 - 15 years in prison,Neither support nor oppose,2,1,2,1,Republican,Democrat,protesting without a permit
Male,White/Caucasian,"80,000 – 89,999","Professional Degree (JD, MD)",Republican,NA,Strong Republican,NA,35,No,No,Yes,TRUE,TRUE,TRUE,TRUE,TRUE,TRUE,TRUE,TRUE,TRUE,TRUE,51,100,Neither agree nor disagree,Neither agree nor disagree,Neither agree nor disagree,No,No,1 - Not at all,3,3,3,3,3,3,3,3,3,3,3,3,Florida,Strongly oppose,Unjustified,Yes,NA,NA,NA,NA,NA,NA,NA,1,2,1,1,Democrat,Republican,NA
Female,White/Caucasian,"Less than 30,000",2-year College Degree,Democrat,NA,NA,Strong Democrat,67,NA,NA,NA,TRUE,TRUE,TRUE,TRUE,TRUE,TRUE,TRUE,TRUE,TRUE,TRUE,50,50,Somewhat agree,Strongly disagree,Neither agree nor disagree,No,No,1 - Not at all,2,2,3,4,2,2,1- Very unlike me,2,2,2,2,2,NA,NA,NA,NA,NA,NA,NA,NA,Oregon,2 - 5 years in prison,Oppose,2,2,2,1,Republican,Democrat,arson
Female,Other,"70,000 – 79,999",Some College,Democrat,NA,NA,Not a strong Democrat,18,Yes,No,Yes,FALSE,TRUE,TRUE,TRUE,FALSE,TRUE,FALSE,FALSE,TRUE,TRUE,81,9,Strongly agree,Strongly disagree,Neither agree nor disagree,No,Yes,4,5- Very like me,3,1- Very unlike me,4,5- Very like me,1- Very unlike me,1- Very unlike me,1- Very unlike me,1- Very unlike me,1- Very unlike me,1- Very unlike me,1- Very unlike me,NA,NA,NA,NA,NA,NA,NA,NA,Oregon,2 - 3 months in jail,Neither support nor oppose,2,1,1,1,Republican,Democrat,arson
NA,NA,NA,NA,NA,NA,NA,NA,NA,NA,NA,NA,NA,NA,NA,NA,NA,NA,NA,NA,NA,NA,,,NA,NA,NA,NA,NA,NA,NA,NA,NA,NA,NA,NA,NA,NA,NA,NA,NA,NA,NA,NA,NA,NA,NA,NA,NA,NA,NA,NA,NA,1,1,1,4,NA,NA,NA
Female,Other,"70,000 – 79,999",4-year College Degree,Independent,Republican Party,NA,NA,19,NA,NA,NA,NA,NA,NA,NA,NA,NA,NA,NA,NA,NA,,,NA,NA,NA,NA,NA,NA,NA,NA,NA,NA,NA,NA,NA,NA,NA,NA,NA,NA,NA,NA,NA,NA,NA,NA,NA,NA,NA,NA,NA,2,1,2,2,NA,NA,NA
Male,White/Caucasian,"100,000 or more",Some College,Republican,NA,Strong Republican,NA,73,No,Yes,Yes,FALSE,TRUE,TRUE,FALSE,TRUE,TRUE,TRUE,TRUE,TRUE,TRUE,21,69,Somewhat agree,Neither agree nor disagree,Neither agree nor disagree,Yes,No,3,3,3,3,2,3,3,3,2,2,3,3,3,Florida,Strongly oppose,Unjustified,Yes,NA,NA,NA,NA,NA,NA,NA,1,2,1,1,Democrat,Republican,NA
Female,Other,"Less than 30,000",4-year College Degree,Independent,Democratic Party,NA,NA,34,NA,NA,NA,TRUE,TRUE,TRUE,TRUE,TRUE,TRUE,TRUE,TRUE,FALSE,TRUE,66,32,Somewhat agree,Somewhat disagree,Somewhat agree,No,Yes,1 - Not at all,2,3,4,2,2,3,2,2,2,3,3,2,NA,NA,NA,NA,Oregon,Strongly oppose,Unjustified,Yes,NA,NA,NA,1,2,2,1,Republican,Democrat,NA
Female,Other,"30,000 – 39,999",Some College,Democrat,NA,NA,Strong Democrat,21,NA,NA,NA,NA,NA,NA,NA,NA,NA,NA,NA,NA,NA,,,NA,NA,NA,NA,NA,NA,NA,NA,NA,NA,NA,NA,NA,NA,NA,NA,NA,NA,NA,NA,NA,NA,NA,NA,NA,NA,NA,NA,NA,1,2,2,2,NA,NA,NA
Female,White/Caucasian,"Less than 30,000",Some College,Democrat,NA,NA,Strong Democrat,21,NA,NA,NA,FALSE,TRUE,TRUE,FALSE,FALSE,TRUE,TRUE,TRUE,TRUE,FALSE,86,83,Strongly agree,Somewhat agree,Somewhat agree,No,No,1 - Not at all,5- Very like me,5- Very like me,3,5- Very like me,5- Very like me,5- Very like me,5- Very like me,5- Very like me,4,4,4,5- Very like me,NA,NA,NA,NA,NA,NA,NA,NA,Florida,4 - 30 days in jail,Strongly oppose,2,1,1,1,Republican,Democrat,assault
Female,Other,"70,000 – 79,999",Doctoral Degree,Democrat,NA,NA,Strong Democrat,30,NA,NA,NA,NA,NA,NA,NA,NA,NA,NA,NA,NA,NA,,,NA,NA,NA,NA,NA,NA,NA,NA,NA,NA,NA,NA,NA,NA,NA,NA,NA,NA,NA,NA,NA,NA,NA,NA,NA,NA,NA,NA,NA,2,2,2,2,NA,NA,NA
Female,White/Caucasian,"70,000 – 79,999",High School / GED,Republican,NA,Not a strong Republican,NA,51,No,No,Yes,TRUE,TRUE,TRUE,TRUE,TRUE,FALSE,FALSE,FALSE,FALSE,FALSE,33,62,Neither agree nor disagree,Strongly disagree,Neither agree nor disagree,No,No,1 - Not at all,1- Very unlike me,2,1- Very unlike me,1- Very unlike me,1- Very unlike me,1- Very unlike me,1- Very unlike me,1- Very unlike me,1- Very unlike me,2,1- Very unlike me,1- Very unlike me,NA,NA,NA,NA,NA,NA,NA,NA,Washington,Community service,Neither support nor oppose,2,2,1,1,Democrat,Republican,protesting without a permit
Female,White/Caucasian,"30,000 – 39,999",High School / GED,Democrat,NA,NA,Strong Democrat,19,Yes,No,Yes,FALSE,TRUE,TRUE,FALSE,TRUE,TRUE,TRUE,TRUE,TRUE,FALSE,87,0,Neither agree nor disagree,Somewhat disagree,Neither agree nor disagree,No,No,1 - Not at all,3,4,3,4,3,3,4,4,5- Very like me,3,1- Very unlike me,3,NA,NA,NA,NA,NA,NA,NA,NA,Oregon,7 months to 1 year in jail,Oppose,2,1,2,1,Republican,Democrat,arson
Female,Other,"100,000 or more",4-year College Degree,Republican,NA,Not a strong Republican,NA,64,No,No,Yes,TRUE,TRUE,TRUE,TRUE,TRUE,TRUE,TRUE,TRUE,TRUE,TRUE,38,51,Strongly disagree,Strongly disagree,Neither agree nor disagree,No,No,1 - Not at all,1- Very unlike me,2,4,2,3,3,2,1- Very unlike me,1- Very unlike me,1- Very unlike me,3,2,NA,NA,NA,NA,NA,NA,NA,NA,Alaska,2 - 3 months in jail,Neither support nor oppose,2,1,2,1,Democrat,Republican,assault
Female,White/Caucasian,"70,000 – 79,999",4-year College Degree,Republican,NA,Strong Republican,NA,32,Yes,Yes,Yes,FALSE,TRUE,TRUE,TRUE,TRUE,TRUE,TRUE,TRUE,TRUE,TRUE,87,89,Strongly agree,Somewhat agree,Somewhat agree,Yes,Yes,4,2,4,1- Very unlike me,2,2,3,2,3,3,4,3,1- Very unlike me,NA,NA,NA,NA,NA,NA,NA,NA,California,4 - 6 months in jail,Neither support nor oppose,2,2,2,1,Democrat,Republican,arson
Male,White/Caucasian,"Less than 30,000",High School / GED,Democrat,NA,NA,Strong Democrat,53,NA,NA,NA,TRUE,TRUE,TRUE,TRUE,FALSE,TRUE,TRUE,TRUE,FALSE,TRUE,100,100,Strongly agree,Neither agree nor disagree,Somewhat agree,No,No,1 - Not at all,1- Very unlike me,3,1- Very unlike me,1- Very unlike me,1- Very unlike me,5- Very like me,1- Very unlike me,1- Very unlike me,2,1- Very unlike me,1- Very unlike me,1- Very unlike me,NA,NA,NA,NA,Washington,Strongly oppose,Unjustified,Yes,NA,NA,NA,1,2,2,1,Republican,Democrat,NA
Female,Other,"30,000 – 39,999",2-year College Degree,Democrat,NA,NA,Not a strong Democrat,20,NA,NA,NA,NA,NA,NA,NA,NA,NA,NA,NA,NA,NA,,,NA,NA,NA,NA,NA,NA,NA,NA,NA,NA,NA,NA,NA,NA,NA,NA,NA,NA,NA,NA,NA,NA,NA,NA,NA,NA,NA,NA,NA,2,1,2,2,NA,NA,NA
Female,White/Caucasian,"100,000 or more",Some College,Republican,NA,Strong Republican,NA,63,No,No,Yes,TRUE,TRUE,TRUE,TRUE,TRUE,FALSE,FALSE,FALSE,FALSE,FALSE,0,91,Somewhat agree,Neither agree nor disagree,Somewhat agree,No,No,1 - Not at all,1- Very unlike me,1- Very unlike me,1- Very unlike me,1- Very unlike me,2,1- Very unlike me,1- Very unlike me,1- Very unlike me,1- Very unlike me,1- Very unlike me,1- Very unlike me,1- Very unlike me,NA,NA,NA,NA,Idaho,Neither support nor oppose,Unjustified,Yes,NA,NA,NA,1,2,2,1,Democrat,Republican,NA
Female,African American,"Less than 30,000",4-year College Degree,Democrat,NA,NA,Strong Democrat,31,No,No,Yes,FALSE,TRUE,TRUE,TRUE,TRUE,TRUE,TRUE,FALSE,TRUE,TRUE,100,5,Strongly disagree,Somewhat disagree,Somewhat disagree,No,No,1 - Not at all,3,3,3,2,4,4,4,4,5- Very like me,5- Very like me,3,3,Kentucky,Oppose,Unjustified,Yes,NA,NA,NA,NA,NA,NA,NA,1,1,1,1,Republican,Democrat,NA
Female,White/Caucasian,"100,000 or more",4-year College Degree,Republican,NA,Strong Republican,NA,40,Yes,Yes,Yes,FALSE,TRUE,TRUE,TRUE,TRUE,TRUE,TRUE,TRUE,FALSE,TRUE,3,100,Strongly agree,Strongly disagree,Strongly agree,Yes,Yes,5 - A great deal,5- Very like me,5- Very like me,5- Very like me,5- Very like me,5- Very like me,5- Very like me,5- Very like me,5- Very like me,5- Very like me,5- Very like me,5- Very like me,5- Very like me,NA,NA,NA,NA,NA,NA,NA,NA,California,4 - 30 days in jail,Strongly support,2,2,2,1,Democrat,Republican,murder
Female,Other,"Less than 30,000",High School / GED,Other,Neither,NA,NA,NA,NA,NA,NA,NA,NA,NA,NA,NA,NA,NA,NA,NA,NA,,,NA,NA,NA,NA,NA,NA,NA,NA,NA,NA,NA,NA,NA,NA,NA,NA,NA,NA,NA,NA,NA,NA,NA,NA,NA,NA,NA,NA,NA,2,2,2,2,NA,NA,NA
Female,Pacific Islander,"40,000 – 49,999",High School / GED,Republican,NA,Not a strong Republican,NA,39,No,No,No,TRUE,TRUE,TRUE,TRUE,TRUE,FALSE,TRUE,FALSE,FALSE,TRUE,20,85,Neither agree nor disagree,Neither agree nor disagree,Somewhat disagree,No,No,3,1- Very unlike me,3,5- Very like me,2,2,2,3,1- Very unlike me,1- Very unlike me,1- Very unlike me,1- Very unlike me,1- Very unlike me,NA,NA,NA,NA,NA,NA,NA,NA,Alaska,1 - 3 days in jail,Support,2,2,2,1,Democrat,Republican,vandalism
Male,African American,"70,000 – 79,999",4-year College Degree,Democrat,NA,NA,Strong Democrat,34,Yes,No,Yes,TRUE,TRUE,TRUE,TRUE,TRUE,TRUE,FALSE,TRUE,FALSE,FALSE,86,83,Somewhat agree,Neither agree nor disagree,Neither agree nor disagree,No,No,3,4,2,4,3,2,2,3,4,2,2,2,2,NA,NA,NA,NA,NA,NA,NA,NA,Oregon,7 months to 1 year in jail,Neither support nor oppose,2,1,1,1,Republican,Democrat,protesting without a permit
Female,White/Caucasian,"Less than 30,000",4-year College Degree,Democrat,NA,NA,Strong Democrat,29,No,No,No,TRUE,TRUE,TRUE,TRUE,TRUE,FALSE,TRUE,FALSE,FALSE,TRUE,34,3,Neither agree nor disagree,Somewhat agree,Neither agree nor disagree,No,No,1 - Not at all,1- Very unlike me,2,1- Very unlike me,1- Very unlike me,1- Very unlike me,5- Very like me,2,1- Very unlike me,1- Very unlike me,1- Very unlike me,1- Very unlike me,1- Very unlike me,NA,NA,NA,NA,NA,NA,NA,NA,Oregon,Community service,Neither support nor oppose,2,2,1,1,Republican,Democrat,assault
Male,Other,"80,000 – 89,999",Some College,Republican,NA,Strong Republican,NA,36,NA,NA,NA,FALSE,TRUE,TRUE,FALSE,TRUE,FALSE,FALSE,TRUE,FALSE,FALSE,26,83,Somewhat agree,Somewhat agree,Strongly agree,No,No,1 - Not at all,1- Very unlike me,4,3,3,4,3,4,2,5- Very like me,1- Very unlike me,5- Very like me,3,NA,NA,NA,NA,NA,NA,NA,NA,Texas,16 - 20 years in prison,Strongly support,2,1,2,1,Democrat,Republican,arson
Female,African American,"Less than 30,000",Less than High School,Democrat,NA,NA,Strong Democrat,40,NA,NA,NA,NA,NA,NA,NA,NA,NA,NA,NA,NA,NA,,,NA,NA,NA,NA,NA,NA,NA,NA,NA,NA,NA,NA,NA,NA,NA,NA,NA,NA,NA,NA,NA,NA,NA,NA,NA,NA,NA,NA,NA,1,2,2,2,NA,NA,NA
Female,African American,"30,000 – 39,999",High School / GED,Republican,NA,NA,NA,18,NA,NA,NA,NA,NA,NA,NA,NA,NA,NA,NA,NA,NA,,,NA,NA,NA,NA,NA,NA,NA,NA,NA,NA,NA,NA,NA,NA,NA,NA,NA,NA,NA,NA,NA,NA,NA,NA,NA,NA,NA,NA,NA,1,2,1,2,NA,NA,NA
Female,White/Caucasian,"100,000 or more",2-year College Degree,Republican,NA,Strong Republican,NA,19,No,No,Yes,TRUE,TRUE,TRUE,TRUE,TRUE,FALSE,FALSE,FALSE,FALSE,FALSE,0,100,Somewhat agree,Strongly disagree,Somewhat disagree,No,No,1 - Not at all,1- Very unlike me,5- Very like me,5- Very like me,1- Very unlike me,5- Very like me,5- Very like me,1- Very unlike me,1- Very unlike me,5- Very like me,1- Very unlike me,1- Very unlike me,1- Very unlike me,NA,NA,NA,NA,NA,NA,NA,NA,California,Community service,Strongly oppose,2,1,2,1,Democrat,Republican,assault
Female,White/Caucasian,"50,000 – 59,999",4-year College Degree,Republican,NA,Strong Republican,NA,44,No,No,Yes,TRUE,TRUE,TRUE,TRUE,TRUE,FALSE,FALSE,FALSE,FALSE,FALSE,6,90,Neither agree nor disagree,Somewhat disagree,Somewhat disagree,No,No,1 - Not at all,1- Very unlike me,3,1- Very unlike me,1- Very unlike me,1- Very unlike me,1- Very unlike me,1- Very unlike me,1- Very unlike me,1- Very unlike me,1- Very unlike me,1- Very unlike me,1- Very unlike me,Georgia,Neither support nor oppose,Unjustified,Yes,NA,NA,NA,NA,NA,NA,NA,1,2,1,1,Democrat,Republican,NA
Male,White/Caucasian,"100,000 or more",4-year College Degree,Democrat,NA,NA,Strong Democrat,53,NA,NA,NA,TRUE,TRUE,FALSE,TRUE,TRUE,FALSE,FALSE,FALSE,FALSE,FALSE,100,26,Strongly agree,Somewhat disagree,Somewhat agree,No,No,1 - Not at all,2,1- Very unlike me,1- Very unlike me,2,1- Very unlike me,1- Very unlike me,1- Very unlike me,1- Very unlike me,1- Very unlike me,1- Very unlike me,1- Very unlike me,1- Very unlike me,NA,NA,NA,NA,NA,NA,NA,NA,California,More than 20 years in prison,Strongly oppose,2,2,2,1,Republican,Democrat,arson
Male,Other,"30,000 – 39,999",High School / GED,Democrat,NA,NA,Not a strong Democrat,68,No,No,Yes,FALSE,TRUE,TRUE,TRUE,TRUE,FALSE,FALSE,TRUE,FALSE,FALSE,86,29,Somewhat agree,Somewhat disagree,Neither agree nor disagree,No,No,1 - Not at all,1- Very unlike me,4,2,1- Very unlike me,1- Very unlike me,3,1- Very unlike me,1- Very unlike me,2,1- Very unlike me,1- Very unlike me,1- Very unlike me,NA,NA,NA,NA,Oregon,Strongly oppose,Unjustified,Yes,NA,NA,NA,1,2,2,1,Republican,Democrat,NA
Male,Other,"70,000 – 79,999",2-year College Degree,Democrat,NA,NA,Strong Democrat,40,No,No,Yes,FALSE,FALSE,FALSE,TRUE,TRUE,TRUE,TRUE,TRUE,FALSE,FALSE,100,80,Somewhat disagree,Somewhat disagree,Strongly disagree,No,No,1 - Not at all,1- Very unlike me,1- Very unlike me,1- Very unlike me,1- Very unlike me,1- Very unlike me,1- Very unlike me,1- Very unlike me,1- Very unlike me,1- Very unlike me,1- Very unlike me,1- Very unlike me,1- Very unlike me,Kentucky,Neither support nor oppose,Unjustified,Yes,NA,NA,NA,NA,NA,NA,NA,1,1,1,1,Republican,Democrat,NA
Male,White/Caucasian,"90,000 – 99,999",4-year College Degree,Independent,Neither,NA,NA,NA,NA,NA,NA,NA,NA,NA,NA,NA,NA,NA,NA,NA,NA,,,NA,NA,NA,NA,NA,NA,NA,NA,NA,NA,NA,NA,NA,NA,NA,NA,NA,NA,NA,NA,NA,NA,NA,NA,NA,NA,NA,NA,NA,1,1,1,2,NA,NA,NA
Male,African American,"50,000 – 59,999",4-year College Degree,Republican,NA,Strong Republican,NA,23,NA,NA,NA,TRUE,FALSE,TRUE,TRUE,TRUE,TRUE,FALSE,TRUE,FALSE,FALSE,37,68,Somewhat agree,Somewhat agree,Somewhat agree,No,Yes,3,3,3,3,2,5- Very like me,3,2,2,2,4,2,3,NA,NA,NA,NA,NA,NA,NA,NA,California,11 - 15 years in prison,Support,2,2,2,1,Democrat,Republican,assault with a deadly weapon
Female,Other,"30,000 – 39,999",High School / GED,Democrat,NA,NA,Strong Democrat,Under 18,NA,NA,NA,NA,NA,NA,NA,NA,NA,NA,NA,NA,NA,,,NA,NA,NA,NA,NA,NA,NA,NA,NA,NA,NA,NA,NA,NA,NA,NA,NA,NA,NA,NA,NA,NA,NA,NA,NA,NA,NA,NA,NA,2,1,2,2,NA,NA,NA
Female,White/Caucasian,"60,000 – 69,999",4-year College Degree,Democrat,NA,NA,Not a strong Democrat,31,No,No,No,FALSE,TRUE,FALSE,TRUE,TRUE,FALSE,FALSE,TRUE,FALSE,FALSE,84,29,Strongly agree,Strongly disagree,Strongly disagree,No,No,1 - Not at all,4,2,1- Very unlike me,2,1- Very unlike me,3,1- Very unlike me,1- Very unlike me,1- Very unlike me,2,1- Very unlike me,1- Very unlike me,NA,NA,NA,NA,NA,NA,NA,NA,NA,4 - 6 months in jail,Strongly oppose,2,2,2,1,Republican,Democrat,assault with a deadly weapon
Female,White/Caucasian,"40,000 – 49,999",High School / GED,Democrat,NA,NA,Strong Democrat,31,NA,NA,NA,TRUE,TRUE,TRUE,TRUE,TRUE,TRUE,TRUE,TRUE,TRUE,FALSE,99,100,Strongly disagree,Strongly agree,Strongly agree,No,No,5 - A great deal,1- Very unlike me,5- Very like me,1- Very unlike me,5- Very like me,5- Very like me,5- Very like me,5- Very like me,5- Very like me,1- Very unlike me,5- Very like me,5- Very like me,5- Very like me,Florida,Strongly oppose,Justified,Yes,NA,NA,NA,NA,NA,NA,NA,1,2,1,1,Republican,Democrat,NA
Female,Other,"40,000 – 49,999",4-year College Degree,Democrat,NA,NA,Strong Democrat,35,No,No,Yes,FALSE,FALSE,TRUE,TRUE,TRUE,FALSE,FALSE,FALSE,FALSE,FALSE,64,24,Strongly agree,Somewhat agree,Neither agree nor disagree,No,No,1 - Not at all,1- Very unlike me,1- Very unlike me,1- Very unlike me,1- Very unlike me,1- Very unlike me,1- Very unlike me,1- Very unlike me,1- Very unlike me,1- Very unlike me,1- Very unlike me,1- Very unlike me,1- Very unlike me,NA,NA,NA,NA,Washington,Strongly oppose,Unjustified,Yes,NA,NA,NA,1,2,2,1,Republican,Democrat,NA
Female,African American,"70,000 – 79,999",Masters Degree,Democrat,NA,NA,Strong Democrat,24,Yes,Yes,Yes,FALSE,TRUE,FALSE,FALSE,TRUE,TRUE,TRUE,FALSE,FALSE,TRUE,100,5,Neither agree nor disagree,Strongly agree,Somewhat agree,No,Yes,3,5- Very like me,4,3,5- Very like me,3,3,3,4,3,4,4,4,NA,NA,NA,NA,Oregon,Oppose,Unjustified,Yes,NA,NA,NA,1,2,2,1,Republican,Democrat,NA
Male,White/Caucasian,"80,000 – 89,999",2-year College Degree,Independent,Neither,NA,NA,NA,NA,NA,NA,NA,NA,NA,NA,NA,NA,NA,NA,NA,NA,,,NA,NA,NA,NA,NA,NA,NA,NA,NA,NA,NA,NA,NA,NA,NA,NA,NA,NA,NA,NA,NA,NA,NA,NA,NA,NA,NA,NA,NA,1,1,2,2,NA,NA,NA
Male,African American,"40,000 – 49,999",Masters Degree,Republican,NA,Strong Republican,NA,30,NA,NA,NA,NA,NA,NA,NA,NA,NA,NA,NA,NA,NA,,,NA,NA,NA,NA,NA,NA,NA,NA,NA,NA,NA,NA,NA,NA,NA,NA,NA,NA,NA,NA,NA,NA,NA,NA,NA,NA,NA,NA,NA,1,1,1,2,NA,NA,NA
Female,White/Caucasian,"100,000 or more",2-year College Degree,Republican,NA,Strong Republican,NA,46,No,No,Yes,FALSE,TRUE,TRUE,TRUE,TRUE,FALSE,FALSE,FALSE,FALSE,FALSE,8,86,Neither agree nor disagree,Somewhat agree,Somewhat agree,No,No,1 - Not at all,1- Very unlike me,2,1- Very unlike me,1- Very unlike me,2,1- Very unlike me,1- Very unlike me,1- Very unlike me,1- Very unlike me,1- Very unlike me,1- Very unlike me,1- Very unlike me,NA,NA,NA,NA,Washington,Neither support nor oppose,Unjustified,Yes,NA,NA,NA,1,1,2,1,Democrat,Republican,NA
Male,Asian,"100,000 or more",Masters Degree,Republican,NA,Strong Republican,NA,38,NA,NA,NA,TRUE,FALSE,TRUE,FALSE,TRUE,FALSE,TRUE,FALSE,FALSE,FALSE,94,95,Neither agree nor disagree,Somewhat agree,Somewhat disagree,No,No,3,3,4,3,4,3,4,3,2,4,4,4,4,Texas,Neither support nor oppose,Justified,Yes,NA,NA,NA,NA,NA,NA,NA,1,1,1,1,Democrat,Republican,NA
Male,Asian,"Less than 30,000",4-year College Degree,Democrat,NA,NA,Strong Democrat,21,NA,NA,NA,TRUE,FALSE,FALSE,TRUE,FALSE,FALSE,TRUE,TRUE,TRUE,TRUE,24,100,Strongly agree,Somewhat agree,Strongly agree,Yes,Yes,5 - A great deal,5- Very like me,5- Very like me,5- Very like me,5- Very like me,5- Very like me,1- Very unlike me,5- Very like me,5- Very like me,5- Very like me,1- Very unlike me,5- Very like me,5- Very like me,NA,NA,NA,NA,New Mexico,Strongly support,Justified,Yes,NA,NA,NA,1,1,2,1,Republican,Democrat,NA
Female,White/Caucasian,"90,000 – 99,999",Some College,Democrat,NA,NA,Not a strong Democrat,24,No,No,Yes,TRUE,TRUE,TRUE,TRUE,TRUE,FALSE,FALSE,TRUE,TRUE,FALSE,51,26,Somewhat agree,Somewhat disagree,Neither agree nor disagree,No,No,3,2,3,1- Very unlike me,3,4,3,2,4,3,3,3,2,NA,NA,NA,NA,Oregon,Oppose,Unjustified,Yes,NA,NA,NA,1,2,2,1,Republican,Democrat,NA
Female,White/Caucasian,"40,000 – 49,999",Some College,Democrat,NA,NA,Strong Democrat,66,NA,NA,NA,NA,NA,NA,NA,NA,NA,NA,NA,NA,NA,,,NA,NA,NA,NA,NA,NA,NA,NA,NA,NA,NA,NA,NA,NA,NA,NA,NA,NA,NA,NA,NA,NA,NA,NA,NA,NA,NA,NA,NA,1,2,2,2,NA,NA,NA
Female,Native American,"70,000 – 79,999",Some College,Democrat,NA,NA,Not a strong Democrat,25,NA,NA,NA,FALSE,TRUE,TRUE,TRUE,TRUE,TRUE,FALSE,TRUE,TRUE,TRUE,100,72,Strongly agree,Strongly agree,Strongly agree,No,No,3,2,4,3,2,3,2,4,1- Very unlike me,2,1- Very unlike me,2,1- Very unlike me,NA,NA,NA,NA,NA,NA,NA,NA,Alaska,More than 20 years in prison,Strongly oppose,2,2,1,1,Republican,Democrat,assault with a deadly weapon
Female,Asian,"90,000 – 99,999",4-year College Degree,Republican,NA,Strong Republican,NA,39,NA,NA,NA,FALSE,TRUE,TRUE,TRUE,TRUE,TRUE,TRUE,TRUE,TRUE,TRUE,65,38,Somewhat agree,Somewhat agree,Neither agree nor disagree,No,Yes,3,3,4,3,3,2,1- Very unlike me,4,5- Very like me,3,2,4,3,Georgia,Neither support nor oppose,Unjustified,Yes,NA,NA,NA,NA,NA,NA,NA,1,2,1,4,Democrat,Republican,NA
Male,White/Caucasian,"100,000 or more",4-year College Degree,Independent,Republican Party,NA,NA,39,No,Yes,Yes,TRUE,TRUE,FALSE,TRUE,FALSE,FALSE,TRUE,FALSE,FALSE,FALSE,31,82,Somewhat agree,Neither agree nor disagree,Neither agree nor disagree,Yes,No,4,4,3,5- Very like me,4,4,4,3,5- Very like me,3,4,5- Very like me,5- Very like me,NA,NA,NA,NA,NA,NA,NA,NA,California,More than 20 years in prison,Strongly oppose,2,1,2,1,Democrat,Republican,murder
Female,White/Caucasian,"Less than 30,000",4-year College Degree,Democrat,NA,NA,Strong Democrat,20,NA,NA,NA,NA,NA,NA,NA,NA,NA,NA,NA,NA,NA,,,NA,NA,NA,NA,NA,NA,NA,NA,NA,NA,NA,NA,NA,NA,NA,NA,NA,NA,NA,NA,NA,NA,NA,NA,NA,NA,NA,NA,NA,1,2,2,2,NA,NA,NA
Female,White/Caucasian,"90,000 – 99,999",4-year College Degree,Democrat,NA,NA,Not a strong Democrat,32,No,No,Yes,FALSE,TRUE,TRUE,TRUE,TRUE,FALSE,FALSE,FALSE,FALSE,FALSE,91,40,Somewhat disagree,Somewhat disagree,Somewhat agree,No,No,1 - Not at all,1- Very unlike me,3,2,1- Very unlike me,3,2,1- Very unlike me,1- Very unlike me,2,1- Very unlike me,1- Very unlike me,2,NA,NA,NA,NA,NA,NA,NA,NA,Oregon,Community service,Support,2,2,1,1,Republican,Democrat,vandalism
Female,White/Caucasian,"90,000 – 99,999",4-year College Degree,Democrat,NA,NA,Strong Democrat,46,NA,NA,NA,FALSE,FALSE,TRUE,TRUE,TRUE,TRUE,TRUE,FALSE,FALSE,TRUE,92,19,Somewhat agree,Neither agree nor disagree,Strongly disagree,No,Yes,3,3,5- Very like me,1- Very unlike me,2,3,4,5- Very like me,1- Very unlike me,2,3,4,5- Very like me,Florida,Oppose,Unjustified,Yes,NA,NA,NA,NA,NA,NA,NA,1,1,1,1,Republican,Democrat,NA
Male,Other,"70,000 – 79,999",Some College,Democrat,NA,NA,Strong Democrat,48,NA,NA,NA,NA,NA,NA,NA,NA,NA,NA,NA,NA,NA,,,NA,NA,NA,NA,NA,NA,NA,NA,NA,NA,NA,NA,NA,NA,NA,NA,NA,NA,NA,NA,NA,NA,NA,NA,NA,NA,NA,NA,NA,1,2,2,2,NA,NA,NA
Male,Native American,"Less than 30,000",High School / GED,Democrat,NA,NA,Strong Democrat,19,No,No,Yes,TRUE,FALSE,TRUE,TRUE,TRUE,TRUE,FALSE,FALSE,TRUE,TRUE,100,100,Somewhat disagree,Strongly disagree,Neither agree nor disagree,Yes,No,1 - Not at all,1- Very unlike me,5- Very like me,3,3,5- Very like me,3,1- Very unlike me,3,5- Very like me,2,3,5- Very like me,Florida,Neither support nor oppose,Unjustified,Yes,NA,NA,NA,NA,NA,NA,NA,1,2,1,1,Republican,Democrat,NA
Female,African American,"50,000 – 59,999",4-year College Degree,Democrat,NA,NA,Strong Democrat,40,NA,NA,NA,FALSE,FALSE,FALSE,TRUE,TRUE,TRUE,TRUE,TRUE,TRUE,FALSE,84,86,Somewhat agree,Somewhat agree,Somewhat disagree,Yes,Yes,2,3,1- Very unlike me,3,3,2,3,5- Very like me,5- Very like me,3,5- Very like me,4,4,NA,NA,NA,NA,NA,NA,NA,NA,California,4 - 6 months in jail,Neither support nor oppose,2,2,1,1,Republican,Democrat,protesting without a permit
Male,Native American,"30,000 – 39,999",High School / GED,Democrat,NA,NA,Not a strong Democrat,29,No,No,Yes,FALSE,TRUE,TRUE,TRUE,TRUE,TRUE,TRUE,FALSE,FALSE,FALSE,19,57,Somewhat agree,Somewhat agree,Somewhat agree,Yes,No,4,3,4,5- Very like me,4,5- Very like me,4,5- Very like me,1- Very unlike me,4,1- Very unlike me,4,4,NA,NA,NA,NA,Oregon,Oppose,Unjustified,Yes,NA,NA,NA,1,2,2,1,Republican,Democrat,NA
Male,White/Caucasian,"Less than 30,000",2-year College Degree,Democrat,NA,NA,Not a strong Democrat,23,NA,NA,NA,NA,NA,NA,NA,NA,NA,NA,NA,NA,NA,,,NA,NA,NA,NA,NA,NA,NA,NA,NA,NA,NA,NA,NA,NA,NA,NA,NA,NA,NA,NA,NA,NA,NA,NA,NA,NA,NA,NA,NA,2,2,2,2,NA,NA,NA
Female,White/Caucasian,"Less than 30,000",Some College,Democrat,NA,NA,Strong Democrat,20,No,No,Yes,TRUE,TRUE,TRUE,TRUE,TRUE,FALSE,FALSE,FALSE,FALSE,FALSE,95,20,Neither agree nor disagree,Somewhat disagree,Somewhat disagree,No,No,1 - Not at all,2,3,3,1- Very unlike me,1- Very unlike me,2,1- Very unlike me,1- Very unlike me,2,1- Very unlike me,2,1- Very unlike me,NA,NA,NA,NA,NA,NA,NA,NA,California,7 months to 1 year in jail,Neither support nor oppose,2,1,2,1,Republican,Democrat,protesting without a permit
Male,Native American,"Less than 30,000",High School / GED,Democrat,NA,NA,Not a strong Democrat,19,Yes,Yes,Yes,TRUE,FALSE,FALSE,TRUE,TRUE,FALSE,FALSE,TRUE,TRUE,TRUE,100,12,Neither agree nor disagree,Strongly disagree,Neither agree nor disagree,No,No,1 - Not at all,1- Very unlike me,5- Very like me,3,1- Very unlike me,1- Very unlike me,5- Very like me,3,3,5- Very like me,1- Very unlike me,1- Very unlike me,5- Very like me,Florida,Neither support nor oppose,Unjustified,Yes,NA,NA,NA,NA,NA,NA,NA,1,1,1,1,Republican,Democrat,NA
Male,White/Caucasian,"50,000 – 59,999",4-year College Degree,Republican,NA,Strong Republican,NA,18,Yes,No,Yes,FALSE,FALSE,TRUE,TRUE,TRUE,TRUE,FALSE,TRUE,TRUE,TRUE,89,100,Strongly agree,Strongly agree,Strongly agree,No,No,1 - Not at all,4,1- Very unlike me,5- Very like me,5- Very like me,1- Very unlike me,5- Very like me,1- Very unlike me,1- Very unlike me,4,2,3,1- Very unlike me,NA,NA,NA,NA,NA,NA,NA,NA,Florida,16 - 20 years in prison,Neither support nor oppose,2,1,2,1,Democrat,Republican,murder
Female,Asian,"Less than 30,000",4-year College Degree,Democrat,NA,NA,Strong Democrat,22,NA,NA,NA,FALSE,FALSE,TRUE,TRUE,TRUE,TRUE,TRUE,TRUE,TRUE,TRUE,89,8,Neither agree nor disagree,Neither agree nor disagree,Neither agree nor disagree,No,No,3,3,3,3,3,3,3,3,3,3,3,3,3,NA,NA,NA,NA,NA,NA,NA,NA,Oregon,Community service,Strongly support,2,2,2,1,Republican,Democrat,protesting without a permit
Female,Other,"40,000 – 49,999",4-year College Degree,Democrat,NA,NA,Strong Democrat,52,No,No,Yes,FALSE,TRUE,TRUE,FALSE,TRUE,TRUE,TRUE,TRUE,FALSE,FALSE,50,50,Neither agree nor disagree,Strongly disagree,Strongly disagree,No,No,1 - Not at all,1- Very unlike me,1- Very unlike me,1- Very unlike me,3,1- Very unlike me,1- Very unlike me,1- Very unlike me,1- Very unlike me,1- Very unlike me,1- Very unlike me,1- Very unlike me,1- Very unlike me,NA,NA,NA,NA,Oregon,Neither support nor oppose,Unjustified,Yes,NA,NA,NA,1,1,2,1,Republican,Democrat,NA
Male,Native American,"30,000 – 39,999",4-year College Degree,Republican,NA,Strong Republican,NA,22,NA,NA,NA,TRUE,TRUE,TRUE,TRUE,TRUE,TRUE,TRUE,TRUE,TRUE,TRUE,100,100,Strongly agree,Strongly agree,Strongly agree,Yes,Yes,1 - Not at all,3,3,3,3,3,3,4,3,5- Very like me,3,3,3,NA,NA,NA,NA,NA,NA,NA,NA,Alaska,7 months to 1 year in jail,Neither support nor oppose,2,2,2,1,Democrat,Republican,assault with a deadly weapon
Female,White/Caucasian,"50,000 – 59,999",4-year College Degree,Republican,NA,Strong Republican,NA,31,No,No,Yes,FALSE,FALSE,TRUE,TRUE,FALSE,TRUE,TRUE,FALSE,TRUE,TRUE,74,85,Somewhat agree,Somewhat disagree,Somewhat agree,No,No,3,4,3,3,5- Very like me,3,3,3,3,4,2,3,3,South Carolina,Support,Unjustified,Yes,NA,NA,NA,NA,NA,NA,NA,1,2,1,1,Democrat,Republican,NA
Female,White/Caucasian,"Less than 30,000",High School / GED,Democrat,NA,NA,Strong Democrat,24,NA,NA,NA,TRUE,TRUE,TRUE,FALSE,TRUE,TRUE,TRUE,TRUE,TRUE,TRUE,23,82,Somewhat agree,Somewhat agree,Somewhat agree,Yes,Yes,1 - Not at all,2,4,2,1- Very unlike me,4,3,2,3,1- Very unlike me,3,2,3,South Carolina,Support,Justified,Yes,NA,NA,NA,NA,NA,NA,NA,1,2,1,1,Republican,Democrat,NA
Female,White/Caucasian,"70,000 – 79,999",4-year College Degree,Republican,NA,Strong Republican,NA,31,Yes,Yes,Yes,TRUE,TRUE,TRUE,TRUE,TRUE,TRUE,TRUE,TRUE,TRUE,TRUE,91,93,Somewhat agree,Neither agree nor disagree,Neither agree nor disagree,Yes,Yes,3,3,4,3,3,4,4,4,2,4,3,3,3,NA,NA,NA,NA,NA,NA,NA,NA,Florida,2 - 3 months in jail,Neither support nor oppose,2,1,1,1,Democrat,Republican,protesting without a permit
Female,Native American,"Less than 30,000",4-year College Degree,Independent,Neither,NA,NA,NA,NA,NA,NA,NA,NA,NA,NA,NA,NA,NA,NA,NA,NA,,,NA,NA,NA,NA,NA,NA,NA,NA,NA,NA,NA,NA,NA,NA,NA,NA,NA,NA,NA,NA,NA,NA,NA,NA,NA,NA,NA,NA,NA,1,2,2,2,NA,NA,NA
Male,White/Caucasian,"80,000 – 89,999",Doctoral Degree,Republican,NA,Strong Republican,NA,39,Yes,Yes,Yes,TRUE,FALSE,FALSE,TRUE,FALSE,TRUE,FALSE,TRUE,FALSE,FALSE,79,68,Somewhat agree,Somewhat agree,Somewhat agree,No,No,4,4,4,3,4,2,3,4,3,4,3,4,4,NA,NA,NA,NA,NA,NA,NA,NA,Florida,4 - 6 months in jail,Support,2,2,1,1,Democrat,Republican,vandalism
Male,Native American,"50,000 – 59,999",4-year College Degree,Republican,NA,Not a strong Republican,NA,37,No,No,Yes,FALSE,TRUE,TRUE,TRUE,FALSE,FALSE,FALSE,FALSE,FALSE,FALSE,0,61,Somewhat agree,Strongly disagree,Neither agree nor disagree,No,No,1 - Not at all,5- Very like me,3,5- Very like me,5- Very like me,3,5- Very like me,4,4,5- Very like me,4,5- Very like me,4,NA,NA,NA,NA,NA,NA,NA,NA,Alaska,More than 20 years in prison,Strongly oppose,2,2,2,1,Democrat,Republican,assault with a deadly weapon
Female,White/Caucasian,"60,000 – 69,999",Some College,Democrat,NA,NA,Not a strong Democrat,29,NA,NA,NA,NA,NA,NA,NA,NA,NA,NA,NA,NA,NA,,,NA,NA,NA,NA,NA,NA,NA,NA,NA,NA,NA,NA,NA,NA,NA,NA,NA,NA,NA,NA,NA,NA,NA,NA,NA,NA,NA,NA,NA,2,1,1,2,NA,NA,NA
Female,Other,"60,000 – 69,999",2-year College Degree,Democrat,NA,NA,Strong Democrat,23,No,No,Yes,FALSE,TRUE,TRUE,TRUE,TRUE,TRUE,FALSE,TRUE,TRUE,TRUE,100,0,Neither agree nor disagree,Strongly agree,Neither agree nor disagree,No,Yes,3,1- Very unlike me,2,3,4,2,5- Very like me,5- Very like me,2,2,1- Very unlike me,5- Very like me,2,NA,NA,NA,NA,NA,NA,NA,NA,California,2 - 3 months in jail,Support,2,1,1,1,Republican,Democrat,vandalism
Male,White/Caucasian,"Less than 30,000",High School / GED,Democrat,NA,NA,Strong Democrat,20,NA,NA,NA,FALSE,FALSE,FALSE,FALSE,TRUE,FALSE,FALSE,FALSE,FALSE,TRUE,67,36,Neither agree nor disagree,Strongly agree,Somewhat agree,Yes,Yes,3,4,3,4,2,2,5- Very like me,2,2,1- Very unlike me,4,3,4,NA,NA,NA,NA,NA,NA,NA,NA,Florida,Community service,Support,2,2,1,4,Republican,Democrat,protesting without a permit
Female,Other,"50,000 – 59,999",Some College,Democrat,NA,NA,Strong Democrat,19,Yes,No,Yes,FALSE,TRUE,FALSE,TRUE,TRUE,FALSE,TRUE,FALSE,FALSE,TRUE,75,6,Neither agree nor disagree,Somewhat disagree,Neither agree nor disagree,No,No,2,1- Very unlike me,3,3,1- Very unlike me,3,2,1- Very unlike me,1- Very unlike me,1- Very unlike me,1- Very unlike me,1- Very unlike me,1- Very unlike me,NA,NA,NA,NA,NA,NA,NA,NA,Oregon,Community service,Neither support nor oppose,2,2,2,1,Republican,Democrat,vandalism
Female,African American,"80,000 – 89,999",Some College,Democrat,NA,NA,Not a strong Democrat,27,No,No,No,FALSE,TRUE,TRUE,TRUE,TRUE,TRUE,FALSE,TRUE,TRUE,FALSE,85,26,Neither agree nor disagree,Strongly disagree,Strongly disagree,No,No,1 - Not at all,1- Very unlike me,2,4,1- Very unlike me,1- Very unlike me,3,1- Very unlike me,1- Very unlike me,1- Very unlike me,1- Very unlike me,2,1- Very unlike me,Florida,Strongly oppose,Unjustified,Yes,NA,NA,NA,NA,NA,NA,NA,1,2,1,1,Republican,Democrat,NA
Male,White/Caucasian,"30,000 – 39,999",Some College,Republican,NA,Strong Republican,NA,44,No,No,Yes,FALSE,TRUE,TRUE,TRUE,TRUE,FALSE,FALSE,TRUE,TRUE,FALSE,52,50,Neither agree nor disagree,Strongly disagree,Strongly disagree,No,No,1 - Not at all,1- Very unlike me,2,4,1- Very unlike me,3,4,1- Very unlike me,1- Very unlike me,1- Very unlike me,1- Very unlike me,1- Very unlike me,1- Very unlike me,NA,NA,NA,NA,NA,NA,NA,NA,Alaska,Community service,Neither support nor oppose,2,1,1,1,Democrat,Republican,assault
Female,White/Caucasian,"30,000 – 39,999",2-year College Degree,Democrat,NA,NA,Not a strong Democrat,53,NA,NA,NA,NA,NA,NA,NA,NA,NA,NA,NA,NA,NA,,,NA,NA,NA,NA,NA,NA,NA,NA,NA,NA,NA,NA,NA,NA,NA,NA,NA,NA,NA,NA,NA,NA,NA,NA,NA,NA,NA,NA,NA,1,1,2,2,NA,NA,NA
Female,White/Caucasian,"60,000 – 69,999","Professional Degree (JD, MD)",Democrat,NA,NA,Strong Democrat,30,NA,NA,NA,NA,NA,NA,NA,NA,NA,NA,NA,NA,NA,,,NA,NA,NA,NA,NA,NA,NA,NA,NA,NA,NA,NA,NA,NA,NA,NA,NA,NA,NA,NA,NA,NA,NA,NA,NA,NA,NA,NA,NA,2,1,1,2,NA,NA,NA
Female,Other,"Less than 30,000",High School / GED,Republican,NA,Strong Republican,NA,19,NA,NA,NA,TRUE,TRUE,TRUE,TRUE,TRUE,FALSE,FALSE,TRUE,FALSE,FALSE,54,50,Strongly disagree,Strongly disagree,Strongly disagree,No,No,1 - Not at all,1- Very unlike me,1- Very unlike me,1- Very unlike me,1- Very unlike me,1- Very unlike me,1- Very unlike me,1- Very unlike me,1- Very unlike me,1- Very unlike me,1- Very unlike me,1- Very unlike me,1- Very unlike me,NA,NA,NA,NA,Oregon,Support,Justified,Yes,NA,NA,NA,1,2,2,1,Democrat,Republican,NA
Male,African American,"100,000 or more",Masters Degree,Democrat,NA,NA,Strong Democrat,49,NA,NA,NA,FALSE,FALSE,TRUE,FALSE,FALSE,TRUE,TRUE,FALSE,TRUE,TRUE,100,0,Strongly agree,Strongly disagree,Somewhat disagree,No,No,1 - Not at all,5- Very like me,1- Very unlike me,1- Very unlike me,4,4,5- Very like me,1- Very unlike me,5- Very like me,1- Very unlike me,3,4,4,NA,NA,NA,NA,NA,NA,NA,NA,California,2 - 5 years in prison,Strongly oppose,2,1,2,1,Republican,Democrat,assault
Female,White/Caucasian,"Less than 30,000",2-year College Degree,Republican,NA,Not a strong Republican,NA,63,No,No,Yes,TRUE,TRUE,TRUE,TRUE,TRUE,FALSE,FALSE,TRUE,TRUE,FALSE,22,80,Neither agree nor disagree,Neither agree nor disagree,Neither agree nor disagree,No,No,1 - Not at all,1- Very unlike me,4,3,2,2,3,1- Very unlike me,1- Very unlike me,1- Very unlike me,1- Very unlike me,2,1- Very unlike me,NA,NA,NA,NA,NA,NA,NA,NA,Alaska,7 months to 1 year in jail,Oppose,2,2,1,1,Democrat,Republican,assault with a deadly weapon
Male,Other,"Less than 30,000",High School / GED,Democrat,NA,NA,Not a strong Democrat,24,No,No,No,TRUE,TRUE,TRUE,TRUE,TRUE,TRUE,TRUE,TRUE,TRUE,TRUE,100,0,Neither agree nor disagree,Somewhat disagree,Strongly agree,No,No,1 - Not at all,1- Very unlike me,5- Very like me,5- Very like me,5- Very like me,5- Very like me,1- Very unlike me,1- Very unlike me,1- Very unlike me,5- Very like me,5- Very like me,5- Very like me,5- Very like me,NA,NA,NA,NA,Oregon,Oppose,Justified,Yes,NA,NA,NA,1,1,2,1,Republican,Democrat,NA
Male,African American,"40,000 – 49,999",High School / GED,Independent,Republican Party,NA,NA,32,No,No,No,FALSE,TRUE,TRUE,TRUE,TRUE,FALSE,FALSE,TRUE,TRUE,TRUE,40,70,Neither agree nor disagree,Neither agree nor disagree,Somewhat agree,No,No,1 - Not at all,5- Very like me,3,3,5- Very like me,1- Very unlike me,2,1- Very unlike me,1- Very unlike me,1- Very unlike me,1- Very unlike me,1- Very unlike me,1- Very unlike me,NA,NA,NA,NA,NA,NA,NA,NA,Oregon,More than 20 years in prison,Strongly oppose,2,1,1,1,Democrat,Republican,murder
Male,White/Caucasian,"100,000 or more",Masters Degree,Democrat,NA,NA,Strong Democrat,35,Yes,No,Yes,FALSE,TRUE,TRUE,TRUE,TRUE,TRUE,TRUE,TRUE,TRUE,TRUE,100,40,Neither agree nor disagree,Neither agree nor disagree,Neither agree nor disagree,No,No,1 - Not at all,5- Very like me,5- Very like me,5- Very like me,1- Very unlike me,5- Very like me,5- Very like me,5- Very like me,5- Very like me,1- Very unlike me,1- Very unlike me,5- Very like me,1- Very unlike me,NA,NA,NA,NA,NA,NA,NA,NA,California,4 - 6 months in jail,Support,2,1,1,1,Republican,Democrat,arson
Female,Other,"Less than 30,000",Some College,Democrat,NA,NA,Not a strong Democrat,39,No,No,No,FALSE,FALSE,TRUE,TRUE,TRUE,TRUE,TRUE,TRUE,TRUE,TRUE,74,21,Neither agree nor disagree,Strongly disagree,Neither agree nor disagree,No,No,1 - Not at all,1- Very unlike me,3,5- Very like me,1- Very unlike me,3,5- Very like me,1- Very unlike me,1- Very unlike me,3,3,5- Very like me,3,NA,NA,NA,NA,NA,NA,NA,NA,Oregon,4 - 30 days in jail,Neither support nor oppose,2,2,1,1,Republican,Democrat,assault
Female,White/Caucasian,"70,000 – 79,999",4-year College Degree,Republican,NA,Strong Republican,NA,24,Yes,No,Yes,TRUE,FALSE,TRUE,TRUE,TRUE,FALSE,TRUE,FALSE,TRUE,TRUE,87,82,Strongly agree,Somewhat agree,Somewhat agree,Yes,Yes,5 - A great deal,5- Very like me,3,5- Very like me,3,5- Very like me,5- Very like me,3,1- Very unlike me,2,2,2,2,NA,NA,NA,NA,NA,NA,NA,NA,California,4 - 30 days in jail,Strongly support,2,1,1,1,Democrat,Republican,assault
Male,White/Caucasian,"Less than 30,000",Some College,Republican,NA,Strong Republican,NA,67,NA,NA,NA,TRUE,FALSE,TRUE,TRUE,TRUE,FALSE,FALSE,FALSE,FALSE,FALSE,60,41,Strongly agree,Somewhat disagree,Neither agree nor disagree,No,No,1 - Not at all,2,2,2,1- Very unlike me,2,2,1- Very unlike me,1- Very unlike me,1- Very unlike me,1- Very unlike me,1- Very unlike me,1- Very unlike me,Florida,Strongly oppose,Unjustified,Yes,NA,NA,NA,NA,NA,NA,NA,1,1,1,1,Democrat,Republican,NA
Male,White/Caucasian,"60,000 – 69,999",High School / GED,Democrat,NA,NA,Not a strong Democrat,27,No,Yes,Yes,FALSE,TRUE,FALSE,FALSE,TRUE,TRUE,TRUE,TRUE,FALSE,TRUE,84,65,Somewhat agree,Neither agree nor disagree,Neither agree nor disagree,No,No,3,4,3,3,3,3,3,3,3,3,3,2,2,NA,NA,NA,NA,Idaho,Neither support nor oppose,Justified,Yes,NA,NA,NA,1,1,2,1,Republican,Democrat,NA
Male,African American,"100,000 or more",Masters Degree,Democrat,NA,NA,Strong Democrat,30,Yes,No,Yes,TRUE,TRUE,TRUE,TRUE,TRUE,TRUE,TRUE,TRUE,TRUE,FALSE,96,62,Somewhat disagree,Strongly disagree,Strongly disagree,No,No,1 - Not at all,1- Very unlike me,1- Very unlike me,3,1- Very unlike me,1- Very unlike me,1- Very unlike me,1- Very unlike me,1- Very unlike me,1- Very unlike me,1- Very unlike me,1- Very unlike me,1- Very unlike me,NA,NA,NA,NA,Oregon,Support,Justified,No,NA,NA,NA,1,2,2,1,Republican,Democrat,NA
Female,White/Caucasian,"Less than 30,000",Some College,Democrat,NA,NA,Not a strong Democrat,23,No,No,No,TRUE,TRUE,TRUE,TRUE,TRUE,TRUE,FALSE,TRUE,TRUE,FALSE,73,63,Somewhat agree,Neither agree nor disagree,Somewhat agree,No,Yes,4,4,3,3,4,5- Very like me,4,1- Very unlike me,3,3,4,3,3,NA,NA,NA,NA,NA,NA,NA,NA,California,4 - 6 months in jail,Support,2,1,1,1,Republican,Democrat,murder
Female,White/Caucasian,"Less than 30,000",High School / GED,Republican,NA,Strong Republican,NA,41,NA,NA,NA,TRUE,TRUE,TRUE,TRUE,TRUE,TRUE,FALSE,TRUE,TRUE,TRUE,0,100,Neither agree nor disagree,Strongly agree,Neither agree nor disagree,No,No,1 - Not at all,1- Very unlike me,3,5- Very like me,1- Very unlike me,4,5- Very like me,5- Very like me,1- Very unlike me,3,5- Very like me,5- Very like me,3,NA,NA,NA,NA,Nevada,Neither support nor oppose,Unjustified,No,NA,NA,NA,1,1,2,1,Democrat,Republican,NA
Female,Other,"30,000 – 39,999",Some College,Democrat,NA,NA,Strong Democrat,25,Yes,No,Yes,TRUE,TRUE,TRUE,TRUE,FALSE,TRUE,TRUE,TRUE,TRUE,TRUE,80,0,Strongly disagree,Neither agree nor disagree,Neither agree nor disagree,No,Yes,3,5- Very like me,5- Very like me,3,5- Very like me,3,4,1- Very unlike me,1- Very unlike me,4,4,4,4,NA,NA,NA,NA,Oregon,Strongly oppose,Unjustified,Yes,NA,NA,NA,1,2,2,1,Republican,Democrat,NA
Female,White/Caucasian,"30,000 – 39,999",High School / GED,Democrat,NA,NA,Strong Democrat,19,NA,NA,NA,NA,NA,NA,NA,NA,NA,NA,NA,NA,NA,,,NA,NA,NA,NA,NA,NA,NA,NA,NA,NA,NA,NA,NA,NA,NA,NA,NA,NA,NA,NA,NA,NA,NA,NA,NA,NA,NA,NA,NA,2,1,1,2,NA,NA,NA
Female,White/Caucasian,"100,000 or more",Some College,Democrat,NA,NA,Strong Democrat,44,No,No,Yes,FALSE,TRUE,TRUE,TRUE,TRUE,TRUE,FALSE,FALSE,TRUE,FALSE,76,20,Neither agree nor disagree,Strongly disagree,Strongly disagree,No,No,1 - Not at all,1- Very unlike me,2,1- Very unlike me,1- Very unlike me,1- Very unlike me,1- Very unlike me,1- Very unlike me,1- Very unlike me,1- Very unlike me,1- Very unlike me,1- Very unlike me,1- Very unlike me,NA,NA,NA,NA,NA,NA,NA,NA,Oregon,2 - 5 years in prison,Oppose,2,1,2,1,Republican,Democrat,arson
Female,Pacific Islander,"40,000 – 49,999",High School / GED,Democrat,NA,NA,Strong Democrat,30,NA,NA,NA,NA,NA,NA,NA,NA,NA,NA,NA,NA,NA,,,NA,NA,NA,NA,NA,NA,NA,NA,NA,NA,NA,NA,NA,NA,NA,NA,NA,NA,NA,NA,NA,NA,NA,NA,NA,NA,NA,NA,NA,2,2,2,2,NA,NA,NA
Female,African American,"30,000 – 39,999",Less than High School,Democrat,NA,NA,Strong Democrat,40,NA,NA,NA,NA,NA,NA,NA,NA,NA,NA,NA,NA,NA,,,NA,NA,NA,NA,NA,NA,NA,NA,NA,NA,NA,NA,NA,NA,NA,NA,NA,NA,NA,NA,NA,NA,NA,NA,NA,NA,NA,NA,NA,2,2,2,2,NA,NA,NA
Female,White/Caucasian,"Less than 30,000",2-year College Degree,Democrat,NA,NA,Strong Democrat,21,No,Yes,Yes,FALSE,FALSE,TRUE,FALSE,TRUE,TRUE,FALSE,TRUE,TRUE,FALSE,77,25,Neither agree nor disagree,Somewhat disagree,Neither agree nor disagree,No,Yes,4,3,3,4,1- Very unlike me,4,3,2,1- Very unlike me,4,3,5- Very like me,4,NA,NA,NA,NA,Oregon,Oppose,Unjustified,Yes,NA,NA,NA,1,1,2,1,Republican,Democrat,NA
Female,White/Caucasian,"30,000 – 39,999",2-year College Degree,Democrat,NA,NA,Strong Democrat,42,No,No,No,FALSE,TRUE,FALSE,TRUE,TRUE,FALSE,FALSE,TRUE,TRUE,TRUE,82,21,Neither agree nor disagree,Neither agree nor disagree,Neither agree nor disagree,No,No,1 - Not at all,1- Very unlike me,4,2,4,4,3,1- Very unlike me,1- Very unlike me,2,1- Very unlike me,3,1- Very unlike me,NA,NA,NA,NA,Oregon,Strongly oppose,Justified,Yes,NA,NA,NA,1,2,2,1,Republican,Democrat,NA
Female,Other,"Less than 30,000",High School / GED,Democrat,NA,NA,Strong Democrat,46,No,No,No,FALSE,FALSE,TRUE,TRUE,TRUE,TRUE,TRUE,FALSE,FALSE,TRUE,100,0,Strongly agree,Strongly agree,Strongly disagree,No,No,1 - Not at all,5- Very like me,1- Very unlike me,1- Very unlike me,1- Very unlike me,5- Very like me,1- Very unlike me,1- Very unlike me,1- Very unlike me,1- Very unlike me,1- Very unlike me,1- Very unlike me,1- Very unlike me,NA,NA,NA,NA,NA,NA,NA,NA,Florida,Community service,Strongly support,2,1,1,1,Republican,Democrat,vandalism
Female,Other,"Less than 30,000",Less than High School,Democrat,NA,NA,Strong Democrat,22,NA,NA,NA,FALSE,FALSE,TRUE,FALSE,FALSE,FALSE,FALSE,FALSE,FALSE,FALSE,62,32,Somewhat disagree,Somewhat disagree,Somewhat disagree,No,No,1 - Not at all,1- Very unlike me,4,4,4,4,3,4,4,4,5- Very like me,4,5- Very like me,NA,NA,NA,NA,NA,NA,NA,NA,Washington,4 - 6 months in jail,Neither support nor oppose,2,2,1,1,Republican,Democrat,assault
Male,Other,"100,000 or more",Some College,Democrat,NA,NA,Not a strong Democrat,28,No,No,Yes,FALSE,FALSE,TRUE,TRUE,TRUE,FALSE,FALSE,TRUE,FALSE,TRUE,81,0,Neither agree nor disagree,Strongly disagree,Neither agree nor disagree,No,No,1 - Not at all,4,3,2,3,1- Very unlike me,1- Very unlike me,1- Very unlike me,1- Very unlike me,1- Very unlike me,1- Very unlike me,1- Very unlike me,1- Very unlike me,NA,NA,NA,NA,Oregon,Strongly oppose,Unjustified,Yes,NA,NA,NA,1,1,2,1,Republican,Democrat,NA
Female,White/Caucasian,"30,000 – 39,999",High School / GED,Republican,NA,Not a strong Republican,NA,28,No,No,No,TRUE,FALSE,TRUE,TRUE,TRUE,TRUE,TRUE,TRUE,FALSE,TRUE,11,97,Neither agree nor disagree,Somewhat agree,Neither agree nor disagree,No,No,2,1- Very unlike me,5- Very like me,3,3,3,2,5- Very like me,1- Very unlike me,1- Very unlike me,5- Very like me,3,3,NA,NA,NA,NA,Washington,Neither support nor oppose,Unjustified,Yes,NA,NA,NA,1,2,2,1,Democrat,Republican,NA
Female,Other,"60,000 – 69,999",Some College,Democrat,NA,NA,Strong Democrat,40,No,No,Yes,FALSE,TRUE,TRUE,TRUE,TRUE,FALSE,TRUE,TRUE,FALSE,TRUE,84,0,Neither agree nor disagree,Somewhat disagree,Neither agree nor disagree,No,No,1 - Not at all,4,2,4,2,3,3,1- Very unlike me,3,4,2,3,2,Florida,Strongly oppose,Unjustified,Yes,NA,NA,NA,NA,NA,NA,NA,1,1,1,1,Republican,Democrat,NA
Female,Pacific Islander,"Less than 30,000",Less than High School,Republican,NA,Strong Republican,NA,47,NA,NA,NA,FALSE,FALSE,FALSE,FALSE,FALSE,TRUE,TRUE,TRUE,TRUE,TRUE,100,100,Somewhat disagree,Strongly agree,Strongly agree,Yes,No,5 - A great deal,5- Very like me,5- Very like me,5- Very like me,5- Very like me,5- Very like me,5- Very like me,5- Very like me,5- Very like me,5- Very like me,5- Very like me,5- Very like me,5- Very like me,Georgia,Neither support nor oppose,Unjustified,Yes,NA,NA,NA,NA,NA,NA,NA,1,1,1,1,Democrat,Republican,NA
Female,White/Caucasian,"70,000 – 79,999",2-year College Degree,Democrat,NA,NA,Strong Democrat,23,Yes,No,Yes,FALSE,TRUE,TRUE,TRUE,TRUE,TRUE,FALSE,TRUE,TRUE,FALSE,95,6,Neither agree nor disagree,Somewhat agree,Somewhat disagree,No,Yes,1 - Not at all,3,2,4,3,1- Very unlike me,3,1- Very unlike me,1- Very unlike me,3,1- Very unlike me,4,4,NA,NA,NA,NA,NA,NA,NA,NA,Oregon,2 - 5 years in prison,Oppose,2,2,1,1,Republican,Democrat,assault with a deadly weapon
Male,African American,"Less than 30,000",High School / GED,Democrat,NA,NA,Not a strong Democrat,43,NA,NA,NA,NA,NA,NA,NA,NA,NA,NA,NA,NA,NA,,,NA,NA,NA,NA,NA,NA,NA,NA,NA,NA,NA,NA,NA,NA,NA,NA,NA,NA,NA,NA,NA,NA,NA,NA,NA,NA,NA,NA,NA,2,2,1,2,NA,NA,NA
Male,White/Caucasian,"30,000 – 39,999",Masters Degree,Democrat,NA,NA,Not a strong Democrat,23,NA,NA,NA,NA,NA,NA,NA,NA,NA,NA,NA,NA,NA,,,NA,NA,NA,NA,NA,NA,NA,NA,NA,NA,NA,NA,NA,NA,NA,NA,NA,NA,NA,NA,NA,NA,NA,NA,NA,NA,NA,NA,NA,1,1,2,2,NA,NA,NA
Male,White/Caucasian,"Less than 30,000",Some College,Republican,NA,Not a strong Republican,NA,26,No,No,Yes,FALSE,TRUE,TRUE,TRUE,TRUE,FALSE,FALSE,TRUE,TRUE,TRUE,7,50,Neither agree nor disagree,Neither agree nor disagree,Neither agree nor disagree,No,No,1 - Not at all,1- Very unlike me,2,3,3,1- Very unlike me,1- Very unlike me,1- Very unlike me,1- Very unlike me,1- Very unlike me,1- Very unlike me,1- Very unlike me,1- Very unlike me,NA,NA,NA,NA,NA,NA,NA,NA,California,7 months to 1 year in jail,NA,2,1,2,1,Democrat,Republican,arson
Female,African American,"100,000 or more",Less than High School,Democrat,NA,NA,Strong Democrat,38,NA,NA,NA,TRUE,FALSE,TRUE,TRUE,TRUE,TRUE,TRUE,TRUE,TRUE,TRUE,100,100,Strongly agree,Strongly agree,Strongly agree,Yes,Yes,5 - A great deal,5- Very like me,5- Very like me,5- Very like me,5- Very like me,5- Very like me,5- Very like me,5- Very like me,5- Very like me,5- Very like me,5- Very like me,5- Very like me,5- Very like me,NA,NA,NA,NA,California,Strongly support,Justified,Yes,NA,NA,NA,1,2,2,1,Republican,Democrat,NA
Female,Asian,"50,000 – 59,999",Masters Degree,Democrat,NA,NA,Not a strong Democrat,34,No,No,No,FALSE,FALSE,FALSE,FALSE,FALSE,FALSE,FALSE,FALSE,FALSE,FALSE,83,83,Neither agree nor disagree,Neither agree nor disagree,Neither agree nor disagree,No,No,3,3,3,3,3,3,3,3,3,3,3,3,3,NA,NA,NA,NA,NA,NA,NA,NA,Alaska,Community service,Strongly support,2,2,1,1,Republican,Democrat,arson
Male,African American,"Less than 30,000",4-year College Degree,Democrat,NA,NA,Not a strong Democrat,28,No,No,Yes,TRUE,TRUE,TRUE,TRUE,TRUE,FALSE,FALSE,FALSE,FALSE,FALSE,50,50,Neither agree nor disagree,Neither agree nor disagree,Neither agree nor disagree,No,No,1 - Not at all,1- Very unlike me,3,3,1- Very unlike me,1- Very unlike me,3,1- Very unlike me,1- Very unlike me,1- Very unlike me,1- Very unlike me,1- Very unlike me,1- Very unlike me,Florida,Strongly oppose,Unjustified,Yes,NA,NA,NA,NA,NA,NA,NA,1,1,1,1,Republican,Democrat,NA
Male,African American,"100,000 or more",4-year College Degree,Democrat,NA,NA,Strong Democrat,33,NA,NA,NA,TRUE,TRUE,FALSE,TRUE,TRUE,TRUE,TRUE,FALSE,FALSE,FALSE,79,21,Neither agree nor disagree,Somewhat agree,Somewhat agree,No,No,3,3,4,3,4,3,3,4,4,3,3,4,3,NA,NA,NA,NA,NA,NA,NA,NA,Oregon,2 - 5 years in prison,Neither support nor oppose,2,2,2,1,Republican,Democrat,assault with a deadly weapon
Female,African American,"Less than 30,000",Masters Degree,Independent,Neither,NA,NA,NA,NA,NA,NA,NA,NA,NA,NA,NA,NA,NA,NA,NA,NA,,,NA,NA,NA,NA,NA,NA,NA,NA,NA,NA,NA,NA,NA,NA,NA,NA,NA,NA,NA,NA,NA,NA,NA,NA,NA,NA,NA,NA,NA,1,1,1,2,NA,NA,NA
Female,Asian,"30,000 – 39,999",4-year College Degree,Democrat,NA,NA,Strong Democrat,31,NA,NA,NA,FALSE,TRUE,TRUE,FALSE,FALSE,FALSE,TRUE,FALSE,TRUE,FALSE,100,100,Strongly agree,Somewhat agree,Strongly agree,No,No,5 - A great deal,5- Very like me,5- Very like me,5- Very like me,5- Very like me,1- Very unlike me,5- Very like me,5- Very like me,5- Very like me,1- Very unlike me,5- Very like me,4,5- Very like me,NA,NA,NA,NA,NA,NA,NA,NA,Florida,4 - 30 days in jail,Strongly support,2,2,1,1,Republican,Democrat,vandalism
Female,Asian,"70,000 – 79,999",2-year College Degree,Democrat,NA,NA,Not a strong Democrat,64,No,No,No,FALSE,TRUE,TRUE,TRUE,TRUE,TRUE,FALSE,FALSE,TRUE,TRUE,71,29,Neither agree nor disagree,Neither agree nor disagree,Neither agree nor disagree,No,No,1 - Not at all,1- Very unlike me,3,2,1- Very unlike me,2,3,3,1- Very unlike me,2,1- Very unlike me,1- Very unlike me,1- Very unlike me,NA,NA,NA,NA,NA,NA,NA,NA,California,Community service,Neither support nor oppose,2,1,1,1,Republican,Democrat,protesting without a permit
Female,African American,"Less than 30,000",Less than High School,Democrat,NA,NA,Not a strong Democrat,28,NA,NA,NA,NA,NA,NA,NA,NA,NA,NA,NA,NA,NA,,,NA,NA,NA,NA,NA,NA,NA,NA,NA,NA,NA,NA,NA,NA,NA,NA,NA,NA,NA,NA,NA,NA,NA,NA,NA,NA,NA,NA,NA,1,2,2,2,NA,NA,NA
Female,African American,"Less than 30,000",High School / GED,Democrat,NA,NA,Strong Democrat,18,NA,NA,NA,NA,NA,NA,NA,NA,NA,NA,NA,NA,NA,,,NA,NA,NA,NA,NA,NA,NA,NA,NA,NA,NA,NA,NA,NA,NA,NA,NA,NA,NA,NA,NA,NA,NA,NA,NA,NA,NA,NA,NA,1,2,1,2,NA,NA,NA
Female,Asian,"40,000 – 49,999",High School / GED,Democrat,NA,NA,Not a strong Democrat,69,NA,NA,NA,NA,NA,NA,NA,NA,NA,NA,NA,NA,NA,,,NA,NA,NA,NA,NA,NA,NA,NA,NA,NA,NA,NA,NA,NA,NA,NA,NA,NA,NA,NA,NA,NA,NA,NA,NA,NA,NA,NA,NA,1,1,1,2,NA,NA,NA
Male,African American,"Less than 30,000",High School / GED,Democrat,NA,NA,Strong Democrat,33,NA,NA,NA,TRUE,TRUE,TRUE,TRUE,TRUE,FALSE,FALSE,TRUE,TRUE,FALSE,100,79,Strongly disagree,Strongly disagree,Strongly disagree,No,No,1 - Not at all,1- Very unlike me,1- Very unlike me,1- Very unlike me,1- Very unlike me,1- Very unlike me,1- Very unlike me,1- Very unlike me,1- Very unlike me,1- Very unlike me,1- Very unlike me,1- Very unlike me,1- Very unlike me,Florida,Neither support nor oppose,Justified,Yes,NA,NA,NA,NA,NA,NA,NA,1,2,1,1,Republican,Democrat,NA
Female,African American,"100,000 or more",Some College,Democrat,NA,NA,Strong Democrat,44,Yes,Yes,Yes,FALSE,TRUE,TRUE,TRUE,TRUE,TRUE,TRUE,TRUE,TRUE,FALSE,100,36,Somewhat agree,Strongly disagree,Neither agree nor disagree,No,No,5 - A great deal,4,3,1- Very unlike me,4,4,1- Very unlike me,2,5- Very like me,3,2,3,1- Very unlike me,Florida,Strongly oppose,Unjustified,Yes,NA,NA,NA,NA,NA,NA,NA,1,2,1,1,Republican,Democrat,NA
Female,Asian,"70,000 – 79,999",Less than High School,Republican,NA,Not a strong Republican,NA,25,No,No,No,FALSE,TRUE,TRUE,TRUE,FALSE,TRUE,TRUE,FALSE,TRUE,TRUE,23,83,Neither agree nor disagree,Strongly disagree,Neither agree nor disagree,No,No,3,1- Very unlike me,4,4,4,3,3,3,2,2,5- Very like me,5- Very like me,3,NA,NA,NA,NA,NA,NA,NA,NA,Florida,2 - 5 years in prison,Oppose,2,1,2,1,Democrat,Republican,arson
Female,African American,"50,000 – 59,999",High School / GED,Democrat,NA,NA,Strong Democrat,68,NA,NA,NA,TRUE,FALSE,TRUE,TRUE,FALSE,TRUE,TRUE,FALSE,FALSE,FALSE,100,100,Strongly agree,Neither agree nor disagree,Strongly disagree,Yes,Yes,4,1- Very unlike me,4,5- Very like me,2,3,4,4,5- Very like me,4,4,5- Very like me,4,Texas,Strongly support,Unjustified,No,NA,NA,NA,NA,NA,NA,NA,1,2,1,1,Republican,Democrat,NA
Female,African American,"90,000 – 99,999",2-year College Degree,Democrat,NA,NA,Strong Democrat,30,NA,NA,NA,FALSE,TRUE,FALSE,TRUE,TRUE,TRUE,TRUE,TRUE,FALSE,TRUE,100,8,Somewhat disagree,Strongly agree,Strongly agree,Yes,No,4,3,2,2,1- Very unlike me,1- Very unlike me,4,3,2,5- Very like me,5- Very like me,1- Very unlike me,1- Very unlike me,NA,NA,NA,NA,NA,NA,NA,NA,Texas,2 - 5 years in prison,Support,2,1,1,1,Republican,Democrat,vandalism
Male,African American,"30,000 – 39,999",High School / GED,Republican,NA,Strong Republican,NA,21,Yes,No,Yes,FALSE,TRUE,TRUE,TRUE,TRUE,TRUE,TRUE,FALSE,TRUE,FALSE,80,80,Strongly agree,Neither agree nor disagree,Neither agree nor disagree,No,No,3,1- Very unlike me,3,3,1- Very unlike me,3,4,4,2,4,4,3,3,NA,NA,NA,NA,NA,NA,NA,NA,California,More than 20 years in prison,Neither support nor oppose,2,2,2,1,Democrat,Republican,assault with a deadly weapon
Female,Asian,"Less than 30,000",4-year College Degree,Republican,NA,Not a strong Republican,NA,24,NA,NA,NA,NA,NA,NA,NA,NA,NA,NA,NA,NA,NA,,,NA,NA,NA,NA,NA,NA,NA,NA,NA,NA,NA,NA,NA,NA,NA,NA,NA,NA,NA,NA,NA,NA,NA,NA,NA,NA,NA,NA,NA,2,1,2,2,NA,NA,NA
Male,White/Caucasian,"90,000 – 99,999",Masters Degree,Democrat,NA,NA,Strong Democrat,30,NA,NA,NA,FALSE,TRUE,FALSE,FALSE,TRUE,TRUE,FALSE,TRUE,TRUE,TRUE,25,87,Neither agree nor disagree,Strongly agree,Somewhat agree,Yes,Yes,4,3,2,3,3,1- Very unlike me,4,4,1- Very unlike me,4,4,5- Very like me,3,NA,NA,NA,NA,NA,NA,NA,NA,California,2 - 5 years in prison,Oppose,2,1,2,1,Republican,Democrat,murder
Female,Other,"100,000 or more",Masters Degree,Democrat,NA,NA,Strong Democrat,47,Yes,No,Yes,FALSE,TRUE,TRUE,TRUE,TRUE,TRUE,FALSE,TRUE,TRUE,TRUE,100,0,Strongly agree,Neither agree nor disagree,Somewhat agree,No,Yes,1 - Not at all,2,3,3,1- Very unlike me,1- Very unlike me,5- Very like me,3,1- Very unlike me,1- Very unlike me,1- Very unlike me,3,3,NA,NA,NA,NA,Oregon,Strongly support,Unjustified,Yes,NA,NA,NA,1,2,2,1,Republican,Democrat,NA
Male,African American,"90,000 – 99,999",4-year College Degree,Democrat,NA,NA,Strong Democrat,26,No,Yes,Yes,TRUE,TRUE,TRUE,TRUE,TRUE,FALSE,FALSE,FALSE,FALSE,TRUE,93,34,Strongly disagree,Strongly disagree,Neither agree nor disagree,No,No,1 - Not at all,3,3,2,2,2,2,1- Very unlike me,1- Very unlike me,2,1- Very unlike me,1- Very unlike me,1- Very unlike me,NA,NA,NA,NA,Oregon,Neither support nor oppose,Justified,No,NA,NA,NA,1,2,2,1,Republican,Democrat,NA
Male,African American,"100,000 or more","Professional Degree (JD, MD)",Republican,NA,Strong Republican,NA,19,NA,NA,NA,TRUE,TRUE,TRUE,TRUE,TRUE,TRUE,TRUE,TRUE,TRUE,TRUE,100,100,Strongly agree,Strongly agree,Strongly agree,Yes,Yes,5 - A great deal,5- Very like me,5- Very like me,5- Very like me,5- Very like me,5- Very like me,5- Very like me,5- Very like me,5- Very like me,5- Very like me,5- Very like me,5- Very like me,5- Very like me,NA,NA,NA,NA,California,Strongly oppose,Unjustified,No,NA,NA,NA,1,1,2,1,Democrat,Republican,NA
Female,Asian,"30,000 – 39,999",Some College,Democrat,NA,NA,Strong Democrat,36,No,No,Yes,FALSE,TRUE,TRUE,TRUE,TRUE,TRUE,TRUE,FALSE,FALSE,FALSE,100,1,Strongly agree,Strongly agree,Somewhat agree,No,No,1 - Not at all,1- Very unlike me,2,2,3,4,5- Very like me,3,1- Very unlike me,2,2,1- Very unlike me,2,NA,NA,NA,NA,NA,NA,NA,NA,Florida,2 - 5 years in prison,Support,2,1,2,1,Republican,Democrat,arson
Female,Asian,"40,000 – 49,999",Masters Degree,Democrat,NA,NA,Strong Democrat,41,Yes,No,Yes,FALSE,TRUE,FALSE,TRUE,FALSE,TRUE,TRUE,TRUE,TRUE,TRUE,63,53,Somewhat agree,Somewhat agree,Somewhat agree,No,No,3,1- Very unlike me,3,3,4,4,4,3,4,4,3,3,3,NA,NA,NA,NA,NA,NA,NA,NA,Florida,7 months to 1 year in jail,Neither support nor oppose,2,1,2,1,Republican,Democrat,assault
Male,African American,"30,000 – 39,999",Some College,Democrat,NA,NA,Strong Democrat,36,NA,NA,NA,FALSE,TRUE,TRUE,TRUE,TRUE,TRUE,TRUE,TRUE,FALSE,FALSE,100,99,Strongly agree,Somewhat disagree,Strongly disagree,No,No,1 - Not at all,1- Very unlike me,1- Very unlike me,1- Very unlike me,1- Very unlike me,1- Very unlike me,1- Very unlike me,1- Very unlike me,1- Very unlike me,1- Very unlike me,1- Very unlike me,1- Very unlike me,1- Very unlike me,NA,NA,NA,NA,NA,NA,NA,NA,Florida,16 - 20 years in prison,Neither support nor oppose,2,2,1,1,Republican,Democrat,assault with a deadly weapon
Female,African American,"80,000 – 89,999",4-year College Degree,Democrat,NA,NA,Strong Democrat,29,NA,NA,NA,TRUE,TRUE,FALSE,TRUE,TRUE,TRUE,TRUE,TRUE,TRUE,TRUE,64,63,Strongly agree,Strongly agree,Strongly agree,Yes,Yes,3,4,4,4,4,3,3,4,4,4,4,4,4,NA,NA,NA,NA,NA,NA,NA,NA,California,7 months to 1 year in jail,Support,2,2,1,1,Republican,Democrat,arson
Female,African American,"Less than 30,000",4-year College Degree,Democrat,NA,NA,Strong Democrat,49,No,Yes,Yes,FALSE,FALSE,TRUE,TRUE,TRUE,FALSE,FALSE,TRUE,FALSE,TRUE,61,26,Somewhat disagree,Strongly disagree,Somewhat disagree,No,No,1 - Not at all,1- Very unlike me,4,4,1- Very unlike me,1- Very unlike me,5- Very like me,1- Very unlike me,1- Very unlike me,3,1- Very unlike me,4,1- Very unlike me,Florida,Strongly oppose,Unjustified,Yes,NA,NA,NA,NA,NA,NA,NA,1,2,1,1,Republican,Democrat,NA
Female,Asian,"Less than 30,000",Less than High School,Other,Neither,NA,NA,NA,NA,NA,NA,NA,NA,NA,NA,NA,NA,NA,NA,NA,NA,,,NA,NA,NA,NA,NA,NA,NA,NA,NA,NA,NA,NA,NA,NA,NA,NA,NA,NA,NA,NA,NA,NA,NA,NA,NA,NA,NA,NA,NA,1,1,2,2,NA,NA,NA
Male,Asian,"70,000 – 79,999",Masters Degree,Democrat,NA,NA,NA,34,NA,NA,NA,FALSE,TRUE,TRUE,FALSE,FALSE,FALSE,TRUE,TRUE,TRUE,FALSE,76,87,Strongly agree,Somewhat agree,Neither agree nor disagree,Yes,Yes,3,5- Very like me,3,3,2,4,5- Very like me,3,4,3,5- Very like me,3,3,NA,NA,NA,NA,NA,NA,NA,NA,California,2 - 3 months in jail,Support,2,1,1,1,Republican,Democrat,assault
Female,Asian,"Less than 30,000",4-year College Degree,Democrat,NA,NA,Not a strong Democrat,60,No,No,No,TRUE,TRUE,TRUE,TRUE,TRUE,FALSE,FALSE,FALSE,FALSE,FALSE,71,28,Neither agree nor disagree,Neither agree nor disagree,Neither agree nor disagree,No,No,1 - Not at all,1- Very unlike me,1- Very unlike me,1- Very unlike me,1- Very unlike me,1- Very unlike me,1- Very unlike me,1- Very unlike me,1- Very unlike me,1- Very unlike me,1- Very unlike me,1- Very unlike me,1- Very unlike me,NA,NA,NA,NA,NA,NA,NA,NA,Oregon,11 - 15 years in prison,Oppose,2,1,1,1,Republican,Democrat,assault with a deadly weapon
Female,African American,"Less than 30,000",2-year College Degree,Democrat,NA,NA,Not a strong Democrat,50,NA,NA,NA,NA,NA,NA,NA,NA,NA,NA,NA,NA,NA,,,NA,NA,NA,NA,NA,NA,NA,NA,NA,NA,NA,NA,NA,NA,NA,NA,NA,NA,NA,NA,NA,NA,NA,NA,NA,NA,NA,NA,NA,1,2,1,2,NA,NA,NA
Female,African American,"50,000 – 59,999",4-year College Degree,Democrat,NA,NA,Not a strong Democrat,19,NA,NA,NA,NA,NA,NA,NA,NA,NA,NA,NA,NA,NA,,,NA,NA,NA,NA,NA,NA,NA,NA,NA,NA,NA,NA,NA,NA,NA,NA,NA,NA,NA,NA,NA,NA,NA,NA,NA,NA,NA,NA,NA,1,1,2,2,NA,NA,NA
Female,Asian,"90,000 – 99,999",2-year College Degree,Democrat,NA,NA,Strong Democrat,54,NA,NA,NA,FALSE,FALSE,TRUE,FALSE,TRUE,FALSE,TRUE,FALSE,TRUE,TRUE,73,19,Somewhat agree,Somewhat agree,Somewhat agree,No,No,4,1- Very unlike me,2,2,2,5- Very like me,2,1- Very unlike me,1- Very unlike me,1- Very unlike me,3,4,3,NA,NA,NA,NA,Oregon,Neither support nor oppose,Justified,Yes,NA,NA,NA,1,2,2,1,Republican,Democrat,NA
Male,African American,"40,000 – 49,999",4-year College Degree,Democrat,NA,NA,Strong Democrat,47,No,Yes,Yes,TRUE,TRUE,TRUE,TRUE,TRUE,TRUE,FALSE,TRUE,TRUE,FALSE,95,11,Neither agree nor disagree,Strongly disagree,Strongly disagree,No,No,1 - Not at all,2,3,3,1- Very unlike me,1- Very unlike me,4,1- Very unlike me,1- Very unlike me,1- Very unlike me,1- Very unlike me,2,1- Very unlike me,NA,NA,NA,NA,NA,NA,NA,NA,Oregon,16 - 20 years in prison,Oppose,2,2,2,1,Republican,Democrat,murder
Male,African American,"80,000 – 89,999",4-year College Degree,Republican,NA,Not a strong Republican,NA,23,Yes,No,Yes,TRUE,FALSE,TRUE,FALSE,FALSE,TRUE,TRUE,TRUE,TRUE,TRUE,74,77,Strongly disagree,Strongly disagree,Somewhat disagree,No,Yes,1 - Not at all,3,3,5- Very like me,2,4,2,5- Very like me,1- Very unlike me,3,2,4,1- Very unlike me,NA,NA,NA,NA,Oregon,Neither support nor oppose,Justified,Yes,NA,NA,NA,1,2,2,1,Democrat,Republican,NA
Male,African American,"30,000 – 39,999",High School / GED,Democrat,NA,NA,Strong Democrat,23,NA,NA,NA,TRUE,TRUE,TRUE,FALSE,TRUE,FALSE,TRUE,TRUE,TRUE,TRUE,100,86,Somewhat agree,Somewhat agree,Somewhat disagree,Yes,No,4,4,3,5- Very like me,5- Very like me,3,3,5- Very like me,1- Very unlike me,4,4,5- Very like me,3,NA,NA,NA,NA,NA,NA,NA,NA,California,4 - 6 months in jail,Strongly support,2,1,1,4,Republican,Democrat,assault
Female,White/Caucasian,"60,000 – 69,999",4-year College Degree,Democrat,NA,NA,Strong Democrat,41,Yes,Yes,Yes,FALSE,TRUE,FALSE,TRUE,TRUE,FALSE,TRUE,TRUE,TRUE,FALSE,100,0,Strongly agree,Strongly agree,Somewhat agree,No,No,1 - Not at all,1- Very unlike me,1- Very unlike me,1- Very unlike me,1- Very unlike me,1- Very unlike me,1- Very unlike me,1- Very unlike me,1- Very unlike me,1- Very unlike me,1- Very unlike me,1- Very unlike me,1- Very unlike me,NA,NA,NA,NA,NA,NA,NA,NA,NA,NA,NA,1,2,2,,Republican,Democrat,NA
Male,Asian,"50,000 – 59,999",2-year College Degree,Democrat,NA,NA,Strong Democrat,23,No,No,Yes,FALSE,TRUE,FALSE,TRUE,FALSE,TRUE,FALSE,TRUE,FALSE,TRUE,100,24,Neither agree nor disagree,Somewhat agree,Neither agree nor disagree,No,Yes,2,1- Very unlike me,3,3,2,3,3,3,3,2,3,3,2,NA,NA,NA,NA,NA,NA,NA,NA,Washington,11 - 15 years in prison,Oppose,2,2,1,1,Republican,Democrat,murder
Male,African American,"Less than 30,000",High School / GED,Democrat,NA,NA,Strong Democrat,23,NA,NA,NA,FALSE,FALSE,TRUE,FALSE,TRUE,FALSE,FALSE,FALSE,TRUE,FALSE,77,77,Somewhat agree,Somewhat agree,Somewhat disagree,No,No,1 - Not at all,2,3,2,4,3,3,4,5- Very like me,3,2,4,2,NA,NA,NA,NA,Arizona,Support,Unjustified,No,NA,NA,NA,1,1,2,1,Republican,Democrat,NA
Female,African American,"40,000 – 49,999",High School / GED,Democrat,NA,NA,Strong Democrat,65,No,No,Yes,TRUE,FALSE,TRUE,TRUE,TRUE,FALSE,FALSE,FALSE,FALSE,FALSE,100,50,Neither agree nor disagree,Strongly disagree,Neither agree nor disagree,No,No,1 - Not at all,1- Very unlike me,1- Very unlike me,3,1- Very unlike me,1- Very unlike me,3,1- Very unlike me,1- Very unlike me,1- Very unlike me,1- Very unlike me,1- Very unlike me,1- Very unlike me,Florida,Support,Unjustified,Yes,NA,NA,NA,NA,NA,NA,NA,1,2,1,1,Republican,Democrat,NA
Female,African American,"Less than 30,000",High School / GED,Democrat,NA,NA,Strong Democrat,23,No,No,No,FALSE,FALSE,FALSE,FALSE,FALSE,FALSE,FALSE,FALSE,FALSE,FALSE,100,0,Neither agree nor disagree,Neither agree nor disagree,Neither agree nor disagree,No,No,3,3,3,3,3,3,3,3,3,3,3,3,3,NA,NA,NA,NA,California,Neither support nor oppose,Justified,No,NA,NA,NA,1,2,2,1,Republican,Democrat,NA
Male,Asian,"Less than 30,000",High School / GED,Democrat,NA,NA,Not a strong Democrat,22,NA,NA,NA,NA,NA,NA,NA,NA,NA,NA,NA,NA,NA,,,NA,NA,NA,NA,NA,NA,NA,NA,NA,NA,NA,NA,NA,NA,NA,NA,NA,NA,NA,NA,NA,NA,NA,NA,NA,NA,NA,NA,NA,1,2,1,2,NA,NA,NA
Female,African American,"70,000 – 79,999",Some College,Democrat,NA,NA,Strong Democrat,19,NA,NA,NA,NA,NA,NA,NA,NA,NA,NA,NA,NA,NA,,,NA,NA,NA,NA,NA,NA,NA,NA,NA,NA,NA,NA,NA,NA,NA,NA,NA,NA,NA,NA,NA,NA,NA,NA,NA,NA,NA,NA,NA,2,2,1,2,NA,NA,NA
Female,Asian,"60,000 – 69,999",Some College,Democrat,NA,NA,Not a strong Democrat,22,No,No,Yes,FALSE,TRUE,TRUE,TRUE,TRUE,TRUE,TRUE,TRUE,FALSE,TRUE,79,0,Neither agree nor disagree,Somewhat agree,Somewhat agree,No,No,3,1- Very unlike me,3,2,3,3,3,2,1- Very unlike me,1- Very unlike me,1- Very unlike me,1- Very unlike me,1- Very unlike me,NA,NA,NA,NA,NA,NA,NA,NA,California,4 - 6 months in jail,Oppose,2,1,1,1,Republican,Democrat,vandalism
Male,African American,"50,000 – 59,999",High School / GED,Independent,Republican Party,NA,NA,18,NA,NA,NA,FALSE,TRUE,TRUE,TRUE,TRUE,FALSE,TRUE,TRUE,FALSE,TRUE,29,72,Neither agree nor disagree,Strongly agree,Somewhat agree,Yes,Yes,2,3,4,3,2,2,5- Very like me,3,4,2,4,3,3,Texas,Strongly support,Unjustified,Yes,NA,NA,NA,NA,NA,NA,NA,1,1,1,1,Democrat,Republican,NA
Female,Asian,"100,000 or more","Professional Degree (JD, MD)",Republican,NA,Strong Republican,NA,25,Yes,No,Yes,FALSE,FALSE,TRUE,TRUE,TRUE,TRUE,TRUE,TRUE,TRUE,TRUE,68,69,Strongly agree,Somewhat agree,Strongly agree,Yes,No,3,3,2,2,4,5- Very like me,5- Very like me,4,3,3,3,2,2,Texas,Support,Justified,Yes,NA,NA,NA,NA,NA,NA,NA,1,1,1,1,Democrat,Republican,NA
Male,Asian,"Less than 30,000",High School / GED,Democrat,NA,NA,Not a strong Democrat,19,No,No,Yes,TRUE,TRUE,TRUE,TRUE,TRUE,FALSE,FALSE,FALSE,TRUE,FALSE,66,39,Strongly disagree,Strongly disagree,Strongly disagree,No,No,1 - Not at all,1- Very unlike me,2,2,1- Very unlike me,1- Very unlike me,1- Very unlike me,1- Very unlike me,1- Very unlike me,1- Very unlike me,1- Very unlike me,2,1- Very unlike me,NA,NA,NA,NA,NA,NA,NA,NA,Washington,Community service,Support,2,1,1,1,Republican,Democrat,assault
Female,Asian,"100,000 or more",High School / GED,Democrat,NA,NA,Not a strong Democrat,20,No,No,No,TRUE,TRUE,TRUE,TRUE,TRUE,TRUE,FALSE,TRUE,TRUE,FALSE,57,48,Neither agree nor disagree,Somewhat disagree,Somewhat disagree,No,No,1 - Not at all,1- Very unlike me,2,2,2,3,3,1- Very unlike me,1- Very unlike me,1- Very unlike me,3,2,1- Very unlike me,NA,NA,NA,NA,NA,NA,NA,NA,Alaska,2 - 3 months in jail,Neither support nor oppose,2,2,2,1,Republican,Democrat,arson
Male,Other,"40,000 – 49,999",High School / GED,NA,NA,NA,NA,NA,NA,NA,NA,NA,NA,NA,NA,NA,NA,NA,NA,NA,NA,,,NA,NA,NA,NA,NA,NA,NA,NA,NA,NA,NA,NA,NA,NA,NA,NA,NA,NA,NA,NA,NA,NA,NA,NA,NA,NA,NA,NA,NA,1,1,1,,NA,NA,NA
Female,African American,"Less than 30,000",Some College,Democrat,NA,NA,Strong Democrat,70,No,No,Yes,TRUE,TRUE,TRUE,TRUE,TRUE,FALSE,FALSE,FALSE,TRUE,TRUE,82,79,Neither agree nor disagree,Neither agree nor disagree,Neither agree nor disagree,No,No,3,1- Very unlike me,3,4,3,2,2,1- Very unlike me,1- Very unlike me,1- Very unlike me,1- Very unlike me,2,1- Very unlike me,NA,NA,NA,NA,NA,NA,NA,NA,California,Community service,Neither support nor oppose,2,2,2,1,Republican,Democrat,assault
Male,Native American,"50,000 – 59,999",Some College,Democrat,NA,NA,Strong Democrat,25,NA,NA,NA,FALSE,TRUE,TRUE,TRUE,TRUE,TRUE,TRUE,TRUE,FALSE,FALSE,86,8,Strongly agree,Strongly disagree,Neither agree nor disagree,No,Yes,4,3,3,5- Very like me,5- Very like me,5- Very like me,5- Very like me,4,5- Very like me,4,5- Very like me,4,4,NA,NA,NA,NA,NA,NA,NA,NA,Texas,1 - 3 days in jail,Strongly oppose,2,2,1,1,Republican,Democrat,assault with a deadly weapon
Female,Other,"90,000 – 99,999",4-year College Degree,NA,NA,NA,NA,NA,NA,NA,NA,NA,NA,NA,NA,NA,NA,NA,NA,NA,NA,,,NA,NA,NA,NA,NA,NA,NA,NA,NA,NA,NA,NA,NA,NA,NA,NA,NA,NA,NA,NA,NA,NA,NA,NA,NA,NA,NA,NA,NA,1,2,1,,NA,NA,NA
Male,Other,"90,000 – 99,999",4-year College Degree,NA,NA,NA,NA,NA,NA,NA,NA,NA,NA,NA,NA,NA,NA,NA,NA,NA,NA,,,NA,NA,NA,NA,NA,NA,NA,NA,NA,NA,NA,NA,NA,NA,NA,NA,NA,NA,NA,NA,NA,NA,NA,NA,NA,NA,NA,NA,NA,1,2,2,,NA,NA,NA
Female,Native American,"Less than 30,000",2-year College Degree,NA,NA,NA,NA,NA,NA,NA,NA,NA,NA,NA,NA,NA,NA,NA,NA,NA,NA,,,NA,NA,NA,NA,NA,NA,NA,NA,NA,NA,NA,NA,NA,NA,NA,NA,NA,NA,NA,NA,NA,NA,NA,NA,NA,NA,NA,NA,NA,1,2,1,,NA,NA,NA
Male,African American,"50,000 – 59,999",4-year College Degree,Democrat,NA,NA,Strong Democrat,30,Yes,Yes,Yes,TRUE,TRUE,TRUE,TRUE,TRUE,FALSE,FALSE,FALSE,FALSE,FALSE,89,39,Somewhat disagree,Strongly disagree,Strongly disagree,No,No,1 - Not at all,1- Very unlike me,1- Very unlike me,1- Very unlike me,1- Very unlike me,2,5- Very like me,3,1- Very unlike me,1- Very unlike me,1- Very unlike me,1- Very unlike me,3,South Carolina,Oppose,Unjustified,Yes,NA,NA,NA,NA,NA,NA,NA,1,2,1,1,Republican,Democrat,NA
Male,African American,"30,000 – 39,999",High School / GED,Republican,NA,Strong Republican,NA,30,No,No,No,TRUE,TRUE,TRUE,TRUE,FALSE,FALSE,FALSE,FALSE,FALSE,FALSE,93,92,Strongly disagree,Strongly disagree,Strongly disagree,No,No,1 - Not at all,1- Very unlike me,1- Very unlike me,1- Very unlike me,1- Very unlike me,1- Very unlike me,1- Very unlike me,1- Very unlike me,1- Very unlike me,1- Very unlike me,1- Very unlike me,1- Very unlike me,1- Very unlike me,Kentucky,Strongly support,Justified,No,NA,NA,NA,NA,NA,NA,NA,1,2,1,1,Democrat,Republican,NA
Female,Asian,"50,000 – 59,999",2-year College Degree,Republican,NA,Not a strong Republican,NA,22,NA,NA,NA,FALSE,FALSE,FALSE,FALSE,FALSE,FALSE,TRUE,FALSE,FALSE,FALSE,47,48,Somewhat agree,Strongly disagree,Somewhat disagree,No,No,3,1- Very unlike me,4,3,1- Very unlike me,3,1- Very unlike me,1- Very unlike me,1- Very unlike me,1- Very unlike me,1- Very unlike me,2,1- Very unlike me,NA,NA,NA,NA,NA,NA,NA,NA,Alaska,2 - 3 months in jail,Neither support nor oppose,2,2,1,1,Democrat,Republican,arson
Male,African American,"50,000 – 59,999",Masters Degree,Democrat,NA,NA,Strong Democrat,32,Yes,Yes,Yes,FALSE,TRUE,FALSE,FALSE,TRUE,TRUE,FALSE,TRUE,TRUE,FALSE,63,62,Neither agree nor disagree,Somewhat agree,Somewhat agree,No,Yes,3,4,3,4,5- Very like me,5- Very like me,3,3,5- Very like me,2,4,3,4,NA,NA,NA,NA,NA,NA,NA,NA,Oregon,2 - 3 months in jail,Oppose,2,1,1,1,Republican,Democrat,assault with a deadly weapon
Female,Other,"100,000 or more",Some College,NA,NA,NA,NA,NA,NA,NA,NA,NA,NA,NA,NA,NA,NA,NA,NA,NA,NA,,,NA,NA,NA,NA,NA,NA,NA,NA,NA,NA,NA,NA,NA,NA,NA,NA,NA,NA,NA,NA,NA,NA,NA,NA,NA,NA,NA,NA,NA,1,2,2,,NA,NA,NA
Male,African American,"50,000 – 59,999",2-year College Degree,Democrat,NA,NA,Strong Democrat,67,No,Yes,Yes,TRUE,FALSE,TRUE,TRUE,TRUE,FALSE,FALSE,FALSE,TRUE,FALSE,30,0,Strongly agree,Somewhat agree,Neither agree nor disagree,No,Yes,1 - Not at all,1- Very unlike me,2,3,1- Very unlike me,1- Very unlike me,5- Very like me,2,1- Very unlike me,3,1- Very unlike me,3,2,NA,NA,NA,NA,Oregon,Strongly oppose,Unjustified,Yes,NA,NA,NA,1,2,2,1,Republican,Democrat,NA
Female,African American,"40,000 – 49,999",4-year College Degree,Independent,Republican Party,NA,NA,22,No,No,Yes,TRUE,FALSE,TRUE,TRUE,TRUE,FALSE,FALSE,FALSE,TRUE,TRUE,1,15,Strongly agree,Strongly disagree,Neither agree nor disagree,No,No,1 - Not at all,1- Very unlike me,4,4,1- Very unlike me,1- Very unlike me,4,1- Very unlike me,1- Very unlike me,2,1- Very unlike me,1- Very unlike me,1- Very unlike me,NA,NA,NA,NA,NA,NA,NA,NA,Oregon,1 - 3 days in jail,Oppose,2,2,1,1,Democrat,Republican,vandalism
Female,African American,"Less than 30,000",4-year College Degree,Democrat,NA,NA,Strong Democrat,23,Yes,Yes,Yes,TRUE,TRUE,TRUE,TRUE,TRUE,TRUE,TRUE,FALSE,FALSE,TRUE,63,64,Strongly agree,Somewhat agree,Strongly agree,Yes,Yes,5 - A great deal,5- Very like me,1- Very unlike me,5- Very like me,3,5- Very like me,1- Very unlike me,5- Very like me,1- Very unlike me,1- Very unlike me,5- Very like me,1- Very unlike me,5- Very like me,NA,NA,NA,NA,Oregon,Strongly support,Justified,Yes,NA,NA,NA,1,2,2,1,Republican,Democrat,NA
Male,African American,"30,000 – 39,999",Some College,Democrat,NA,NA,Strong Democrat,57,No,No,Yes,TRUE,TRUE,FALSE,TRUE,TRUE,TRUE,TRUE,FALSE,TRUE,TRUE,70,3,Neither agree nor disagree,Somewhat disagree,Somewhat disagree,No,No,1 - Not at all,3,1- Very unlike me,1- Very unlike me,1- Very unlike me,1- Very unlike me,3,1- Very unlike me,1- Very unlike me,1- Very unlike me,1- Very unlike me,1- Very unlike me,1- Very unlike me,NA,NA,NA,NA,NA,NA,NA,NA,Oregon,Community service,Support,2,2,2,1,Republican,Democrat,vandalism
Male,Other,"90,000 – 99,999",Some College,Independent,Neither,NA,NA,NA,NA,NA,NA,NA,NA,NA,NA,NA,NA,NA,NA,NA,NA,,,NA,NA,NA,NA,NA,NA,NA,NA,NA,NA,NA,NA,NA,NA,NA,NA,NA,NA,NA,NA,NA,NA,NA,NA,NA,NA,NA,NA,NA,2,1,2,2,NA,NA,NA
Female,White/Caucasian,"30,000 – 39,999",2-year College Degree,Republican,NA,Strong Republican,NA,32,NA,NA,NA,TRUE,TRUE,TRUE,TRUE,TRUE,FALSE,TRUE,FALSE,FALSE,FALSE,18,89,Somewhat agree,Somewhat disagree,Somewhat agree,No,No,2,5- Very like me,2,4,1- Very unlike me,1- Very unlike me,2,1- Very unlike me,1- Very unlike me,1- Very unlike me,1- Very unlike me,2,1- Very unlike me,NA,NA,NA,NA,Oregon,Neither support nor oppose,Unjustified,Yes,NA,NA,NA,1,1,2,1,Democrat,Republican,NA
Female,African American,"40,000 – 49,999",4-year College Degree,Democrat,NA,NA,Strong Democrat,33,No,No,Yes,FALSE,TRUE,TRUE,TRUE,FALSE,TRUE,TRUE,TRUE,TRUE,TRUE,85,30,Neither agree nor disagree,Somewhat disagree,Neither agree nor disagree,No,No,1 - Not at all,1- Very unlike me,4,4,1- Very unlike me,3,4,1- Very unlike me,1- Very unlike me,1- Very unlike me,1- Very unlike me,3,1- Very unlike me,NA,NA,NA,NA,Oregon,Strongly oppose,Unjustified,Yes,NA,NA,NA,1,2,2,1,Republican,Democrat,NA
Male,African American,"30,000 – 39,999",Some College,Republican,NA,Strong Republican,NA,36,NA,NA,NA,FALSE,TRUE,TRUE,TRUE,TRUE,FALSE,FALSE,FALSE,FALSE,FALSE,54,44,Neither agree nor disagree,Neither agree nor disagree,Neither agree nor disagree,No,No,2,4,1- Very unlike me,5- Very like me,5- Very like me,1- Very unlike me,3,3,4,1- Very unlike me,1- Very unlike me,5- Very like me,1- Very unlike me,NA,NA,NA,NA,NA,NA,NA,NA,Alaska,4 - 30 days in jail,Strongly support,2,1,2,1,Democrat,Republican,vandalism
Male,African American,"100,000 or more",4-year College Degree,Other,Democratic Party,NA,NA,52,No,Yes,Yes,FALSE,TRUE,TRUE,TRUE,TRUE,TRUE,FALSE,FALSE,FALSE,FALSE,3,0,Strongly agree,Strongly agree,Strongly agree,No,Yes,1 - Not at all,1- Very unlike me,5- Very like me,1- Very unlike me,1- Very unlike me,2,2,1- Very unlike me,1- Very unlike me,2,3,3,2,NA,NA,NA,NA,NA,NA,NA,NA,Alaska,2 - 3 months in jail,Neither support nor oppose,2,2,2,1,Republican,Democrat,assault
Female,African American,"Less than 30,000",High School / GED,Democrat,NA,NA,Not a strong Democrat,31,Yes,No,Yes,FALSE,TRUE,TRUE,TRUE,TRUE,FALSE,FALSE,TRUE,TRUE,FALSE,79,6,Neither agree nor disagree,Strongly disagree,Neither agree nor disagree,No,No,1 - Not at all,4,2,2,1- Very unlike me,1- Very unlike me,1- Very unlike me,1- Very unlike me,1- Very unlike me,1- Very unlike me,1- Very unlike me,1- Very unlike me,1- Very unlike me,Florida,Strongly oppose,Unjustified,Yes,NA,NA,NA,NA,NA,NA,NA,1,2,1,1,Republican,Democrat,NA
Male,African American,"90,000 – 99,999",Masters Degree,Democrat,NA,NA,Strong Democrat,40,Yes,Yes,Yes,TRUE,TRUE,TRUE,TRUE,TRUE,TRUE,FALSE,TRUE,FALSE,TRUE,69,32,Neither agree nor disagree,Somewhat disagree,Somewhat agree,No,Yes,2,4,3,3,3,2,2,5- Very like me,4,2,1- Very unlike me,2,4,Alabama,Support,Justified,No,NA,NA,NA,NA,NA,NA,NA,1,2,1,1,Republican,Democrat,NA
Female,African American,"30,000 – 39,999",High School / GED,Democrat,NA,NA,Strong Democrat,37,NA,NA,NA,FALSE,TRUE,TRUE,TRUE,TRUE,FALSE,TRUE,FALSE,FALSE,TRUE,99,2,Strongly agree,Strongly disagree,Neither agree nor disagree,No,No,1 - Not at all,5- Very like me,5- Very like me,5- Very like me,5- Very like me,1- Very unlike me,2,1- Very unlike me,4,5- Very like me,5- Very like me,1- Very unlike me,5- Very like me,NA,NA,NA,NA,Arizona,Neither support nor oppose,Justified,No,NA,NA,NA,1,2,2,1,Republican,Democrat,NA
Male,Asian,"60,000 – 69,999",Some College,Democrat,NA,NA,Strong Democrat,30,Yes,No,No,FALSE,TRUE,TRUE,TRUE,TRUE,TRUE,FALSE,TRUE,TRUE,FALSE,63,36,Neither agree nor disagree,Strongly disagree,Strongly disagree,No,Yes,1 - Not at all,4,2,3,5- Very like me,2,3,3,3,1- Very unlike me,1- Very unlike me,3,2,NA,NA,NA,NA,NA,NA,NA,NA,Oregon,Community service,Strongly support,2,2,1,1,Republican,Democrat,protesting without a permit
Female,Asian,"80,000 – 89,999",4-year College Degree,Democrat,NA,NA,Not a strong Democrat,27,Yes,Yes,Yes,FALSE,TRUE,FALSE,TRUE,FALSE,TRUE,FALSE,TRUE,TRUE,TRUE,66,24,Somewhat disagree,Strongly disagree,Strongly disagree,No,No,1 - Not at all,1- Very unlike me,1- Very unlike me,5- Very like me,1- Very unlike me,1- Very unlike me,5- Very like me,4,1- Very unlike me,1- Very unlike me,1- Very unlike me,2,3,NA,NA,NA,NA,Oregon,Strongly support,Justified,Yes,NA,NA,NA,1,2,2,1,Republican,Democrat,NA
Female,Other,"Less than 30,000",Some College,Democrat,NA,NA,Not a strong Democrat,26,No,No,No,FALSE,TRUE,TRUE,TRUE,TRUE,FALSE,TRUE,TRUE,FALSE,FALSE,75,26,Neither agree nor disagree,Somewhat disagree,Neither agree nor disagree,No,No,1 - Not at all,1- Very unlike me,5- Very like me,3,3,1- Very unlike me,3,1- Very unlike me,1- Very unlike me,5- Very like me,1- Very unlike me,1- Very unlike me,1- Very unlike me,Florida,Strongly oppose,Unjustified,Yes,NA,NA,NA,NA,NA,NA,NA,1,1,1,1,Republican,Democrat,NA
Female,White/Caucasian,"60,000 – 69,999",High School / GED,Republican,NA,Not a strong Republican,NA,37,NA,NA,NA,NA,NA,NA,NA,NA,NA,NA,NA,NA,NA,,,NA,NA,NA,NA,NA,NA,NA,NA,NA,NA,NA,NA,NA,NA,NA,NA,NA,NA,NA,NA,NA,NA,NA,NA,NA,NA,NA,NA,NA,1,1,2,2,NA,NA,NA
Female,White/Caucasian,"Less than 30,000",4-year College Degree,NA,NA,NA,NA,NA,NA,NA,NA,NA,NA,NA,NA,NA,NA,NA,NA,NA,NA,,,NA,NA,NA,NA,NA,NA,NA,NA,NA,NA,NA,NA,NA,NA,NA,NA,NA,NA,NA,NA,NA,NA,NA,NA,NA,NA,NA,NA,NA,1,2,2,,NA,NA,NA
Female,Other,"50,000 – 59,999",High School / GED,NA,NA,NA,NA,NA,NA,NA,NA,NA,NA,NA,NA,NA,NA,NA,NA,NA,NA,,,NA,NA,NA,NA,NA,NA,NA,NA,NA,NA,NA,NA,NA,NA,NA,NA,NA,NA,NA,NA,NA,NA,NA,NA,NA,NA,NA,NA,NA,1,2,1,,NA,NA,NA
Female,White/Caucasian,"80,000 – 89,999",4-year College Degree,Democrat,NA,NA,Strong Democrat,40,NA,NA,NA,FALSE,TRUE,TRUE,TRUE,TRUE,FALSE,FALSE,FALSE,FALSE,FALSE,100,0,Neither agree nor disagree,Strongly agree,Neither agree nor disagree,No,No,1 - Not at all,1- Very unlike me,3,2,2,2,2,1- Very unlike me,1- Very unlike me,1- Very unlike me,1- Very unlike me,1- Very unlike me,1- Very unlike me,NA,NA,NA,NA,Nevada,Neither support nor oppose,Unjustified,Yes,NA,NA,NA,1,1,2,1,Republican,Democrat,NA
Female,Asian,"60,000 – 69,999","Professional Degree (JD, MD)",Democrat,NA,NA,Strong Democrat,29,NA,NA,NA,TRUE,TRUE,TRUE,TRUE,TRUE,FALSE,TRUE,FALSE,TRUE,TRUE,100,73,Neither agree nor disagree,Somewhat agree,Somewhat agree,No,No,2,3,5- Very like me,3,3,5- Very like me,3,3,4,3,2,3,3,Nevada,Neither support nor oppose,Justified,No,NA,NA,NA,NA,NA,NA,NA,1,2,1,1,Republican,Democrat,NA
Female,Native American,"70,000 – 79,999",4-year College Degree,Democrat,NA,NA,Strong Democrat,22,NA,NA,NA,FALSE,FALSE,TRUE,TRUE,TRUE,FALSE,FALSE,TRUE,FALSE,TRUE,100,27,Somewhat agree,Neither agree nor disagree,Somewhat disagree,No,Yes,2,3,4,2,4,2,4,2,4,2,4,2,2,NA,NA,NA,NA,NA,NA,NA,NA,California,More than 20 years in prison,Oppose,2,1,1,4,Republican,Democrat,vandalism
Female,African American,"60,000 – 69,999",High School / GED,Democrat,NA,NA,Strong Democrat,22,No,No,Yes,FALSE,FALSE,TRUE,TRUE,FALSE,TRUE,TRUE,TRUE,FALSE,FALSE,81,80,Somewhat disagree,Neither agree nor disagree,Somewhat disagree,No,No,2,3,3,3,2,4,3,4,3,4,3,3,1- Very unlike me,South Carolina,Neither support nor oppose,Justified,Yes,NA,NA,NA,NA,NA,NA,NA,1,1,1,1,Republican,Democrat,NA
Male,White/Caucasian,"100,000 or more",4-year College Degree,Republican,NA,Strong Republican,NA,40,Yes,Yes,Yes,FALSE,TRUE,TRUE,TRUE,TRUE,TRUE,TRUE,TRUE,TRUE,TRUE,93,96,Strongly agree,Strongly agree,Somewhat agree,Yes,Yes,5 - A great deal,5- Very like me,4,5- Very like me,5- Very like me,5- Very like me,4,4,5- Very like me,5- Very like me,5- Very like me,5- Very like me,5- Very like me,NA,NA,NA,NA,California,Strongly support,Justified,Yes,NA,NA,NA,1,1,2,1,Democrat,Republican,NA
Female,Asian,"60,000 – 69,999",4-year College Degree,Independent,Neither,NA,NA,NA,NA,NA,NA,NA,NA,NA,NA,NA,NA,NA,NA,NA,NA,,,NA,NA,NA,NA,NA,NA,NA,NA,NA,NA,NA,NA,NA,NA,NA,NA,NA,NA,NA,NA,NA,NA,NA,NA,NA,NA,NA,NA,NA,2,1,1,2,NA,NA,NA
Male,Asian,"100,000 or more",4-year College Degree,Republican,NA,Not a strong Republican,NA,45,No,No,No,FALSE,FALSE,TRUE,TRUE,TRUE,TRUE,FALSE,FALSE,TRUE,TRUE,74,26,Strongly disagree,Strongly disagree,Strongly disagree,No,Yes,1 - Not at all,2,3,4,3,3,4,2,1- Very unlike me,2,2,3,2,Florida,Oppose,Unjustified,Yes,NA,NA,NA,NA,NA,NA,NA,1,2,1,1,Democrat,Republican,NA
Female,African American,"50,000 – 59,999",4-year College Degree,Democrat,NA,NA,Strong Democrat,33,No,No,Yes,TRUE,FALSE,TRUE,TRUE,FALSE,TRUE,TRUE,FALSE,TRUE,FALSE,88,81,Somewhat agree,Somewhat agree,Somewhat agree,Yes,No,4,4,3,4,4,3,2,3,3,4,3,4,3,NA,NA,NA,NA,NA,NA,NA,NA,Florida,Community service,Support,2,1,2,1,Republican,Democrat,assault
Female,Other,"100,000 or more",Some College,NA,NA,NA,NA,NA,NA,NA,NA,NA,NA,NA,NA,NA,NA,NA,NA,NA,NA,,,NA,NA,NA,NA,NA,NA,NA,NA,NA,NA,NA,NA,NA,NA,NA,NA,NA,NA,NA,NA,NA,NA,NA,NA,NA,NA,NA,NA,NA,2,1,2,,NA,NA,NA
Female,African American,"Less than 30,000",Masters Degree,Democrat,NA,NA,Strong Democrat,47,No,No,Yes,FALSE,FALSE,TRUE,TRUE,TRUE,TRUE,FALSE,TRUE,TRUE,TRUE,60,0,Neither agree nor disagree,Neither agree nor disagree,Neither agree nor disagree,No,Yes,3,2,4,4,2,2,3,1- Very unlike me,1- Very unlike me,1- Very unlike me,1- Very unlike me,2,1- Very unlike me,NA,NA,NA,NA,NA,NA,NA,NA,Oregon,Community service,Neither support nor oppose,2,2,1,1,Republican,Democrat,vandalism
Female,African American,"50,000 – 59,999",High School / GED,Democrat,NA,NA,Strong Democrat,21,Yes,No,Yes,FALSE,FALSE,FALSE,FALSE,FALSE,TRUE,TRUE,FALSE,TRUE,TRUE,93,0,Somewhat agree,Somewhat agree,Somewhat agree,No,Yes,2,2,4,2,2,3,2,2,2,2,3,2,2,Florida,Neither support nor oppose,Justified,Yes,NA,NA,NA,NA,NA,NA,NA,1,2,1,1,Republican,Democrat,NA
Male,Asian,"40,000 – 49,999",4-year College Degree,Democrat,NA,NA,Strong Democrat,45,Yes,Yes,Yes,TRUE,TRUE,TRUE,TRUE,TRUE,TRUE,FALSE,TRUE,FALSE,FALSE,100,0,Strongly agree,Somewhat agree,Strongly agree,No,No,1 - Not at all,1- Very unlike me,3,2,1- Very unlike me,4,1- Very unlike me,1- Very unlike me,2,1- Very unlike me,3,2,1- Very unlike me,Florida,Strongly oppose,Unjustified,Yes,NA,NA,NA,NA,NA,NA,NA,1,2,1,1,Republican,Democrat,NA
Female,Asian,"50,000 – 59,999",Masters Degree,Democrat,NA,NA,Not a strong Democrat,21,No,Yes,No,TRUE,FALSE,FALSE,TRUE,TRUE,TRUE,TRUE,TRUE,TRUE,FALSE,73,0,Somewhat agree,Somewhat agree,Neither agree nor disagree,No,No,2,1- Very unlike me,4,3,3,3,3,4,1- Very unlike me,1- Very unlike me,2,2,1- Very unlike me,NA,NA,NA,NA,NA,NA,NA,NA,Florida,4 - 30 days in jail,Neither support nor oppose,2,2,1,1,Republican,Democrat,protesting without a permit
Male,African American,"Less than 30,000",High School / GED,Independent,Neither,NA,NA,NA,NA,NA,NA,NA,NA,NA,NA,NA,NA,NA,NA,NA,NA,,,NA,NA,NA,NA,NA,NA,NA,NA,NA,NA,NA,NA,NA,NA,NA,NA,NA,NA,NA,NA,NA,NA,NA,NA,NA,NA,NA,NA,NA,2,2,2,2,NA,NA,NA
NA,NA,NA,NA,NA,NA,NA,NA,NA,NA,NA,NA,NA,NA,NA,NA,NA,NA,NA,NA,NA,NA,,,NA,NA,NA,NA,NA,NA,NA,NA,NA,NA,NA,NA,NA,NA,NA,NA,NA,NA,NA,NA,NA,NA,NA,NA,NA,NA,NA,NA,NA,1,1,2,4,NA,NA,NA
Male,African American,"100,000 or more",Masters Degree,Democrat,NA,NA,Strong Democrat,34,NA,NA,NA,TRUE,TRUE,TRUE,TRUE,TRUE,FALSE,FALSE,TRUE,FALSE,FALSE,100,5,Somewhat disagree,Strongly disagree,Strongly disagree,No,No,1 - Not at all,1- Very unlike me,1- Very unlike me,1- Very unlike me,1- Very unlike me,1- Very unlike me,1- Very unlike me,1- Very unlike me,1- Very unlike me,1- Very unlike me,1- Very unlike me,1- Very unlike me,1- Very unlike me,NA,NA,NA,NA,NA,NA,NA,NA,Louisiana,4 - 30 days in jail,Neither support nor oppose,2,1,1,1,Republican,Democrat,protesting without a permit
Male,African American,"Less than 30,000",Some College,Democrat,NA,NA,Strong Democrat,28,NA,NA,NA,TRUE,TRUE,TRUE,TRUE,TRUE,FALSE,FALSE,FALSE,FALSE,FALSE,97,97,Strongly agree,Strongly agree,Strongly agree,Yes,Yes,3,2,3,3,3,4,3,4,1- Very unlike me,2,1- Very unlike me,4,4,NA,NA,NA,NA,NA,NA,NA,NA,Texas,7 months to 1 year in jail,NA,2,2,1,1,Republican,Democrat,assault with a deadly weapon
Female,African American,"Less than 30,000",2-year College Degree,NA,NA,NA,NA,NA,NA,NA,NA,NA,NA,NA,NA,NA,NA,NA,NA,NA,NA,,,NA,NA,NA,NA,NA,NA,NA,NA,NA,NA,NA,NA,NA,NA,NA,NA,NA,NA,NA,NA,NA,NA,NA,NA,NA,NA,NA,NA,NA,1,1,1,,NA,NA,NA
Male,African American,"30,000 – 39,999",High School / GED,Democrat,NA,NA,Strong Democrat,55,Yes,No,Yes,FALSE,TRUE,TRUE,TRUE,TRUE,FALSE,FALSE,TRUE,TRUE,FALSE,100,2,Neither agree nor disagree,Somewhat disagree,Somewhat disagree,No,Yes,1 - Not at all,5- Very like me,3,1- Very unlike me,5- Very like me,1- Very unlike me,3,2,3,5- Very like me,1- Very unlike me,1- Very unlike me,1- Very unlike me,NA,NA,NA,NA,Arizona,Strongly support,Unjustified,Yes,NA,NA,NA,1,2,2,1,Republican,Democrat,NA
Female,African American,"Less than 30,000",2-year College Degree,Other,Democratic Party,NA,NA,23,No,No,No,FALSE,FALSE,TRUE,TRUE,TRUE,FALSE,TRUE,FALSE,TRUE,TRUE,86,26,Neither agree nor disagree,Neither agree nor disagree,Neither agree nor disagree,No,No,1 - Not at all,5- Very like me,1- Very unlike me,1- Very unlike me,1- Very unlike me,1- Very unlike me,2,1- Very unlike me,2,3,1- Very unlike me,1- Very unlike me,1- Very unlike me,Florida,Strongly oppose,Unjustified,Yes,NA,NA,NA,NA,NA,NA,NA,1,2,1,1,Republican,Democrat,NA
Male,African American,"100,000 or more",4-year College Degree,Democrat,NA,NA,Strong Democrat,30,Yes,Yes,Yes,TRUE,FALSE,FALSE,TRUE,TRUE,TRUE,FALSE,FALSE,FALSE,FALSE,92,23,Somewhat agree,Somewhat agree,Somewhat agree,No,No,1 - Not at all,1- Very unlike me,1- Very unlike me,3,1- Very unlike me,1- Very unlike me,3,2,3,2,3,1- Very unlike me,3,NA,NA,NA,NA,California,Strongly support,Justified,Yes,NA,NA,NA,1,2,2,1,Republican,Democrat,NA
Male,African American,"70,000 – 79,999",Some College,Democrat,NA,NA,Not a strong Democrat,18,NA,NA,NA,FALSE,TRUE,TRUE,TRUE,FALSE,TRUE,TRUE,TRUE,TRUE,TRUE,100,45,Somewhat agree,Strongly disagree,Strongly disagree,No,No,1 - Not at all,3,2,1- Very unlike me,3,4,2,1- Very unlike me,3,4,2,2,1- Very unlike me,NA,NA,NA,NA,NA,NA,NA,NA,Washington,4 - 6 months in jail,Neither support nor oppose,2,1,1,1,Republican,Democrat,arson
Male,Asian,"Less than 30,000",4-year College Degree,Republican,NA,Strong Republican,NA,47,No,No,Yes,FALSE,TRUE,TRUE,TRUE,TRUE,TRUE,FALSE,FALSE,FALSE,TRUE,100,100,Neither agree nor disagree,Neither agree nor disagree,Neither agree nor disagree,No,No,1 - Not at all,2,5- Very like me,5- Very like me,2,5- Very like me,5- Very like me,2,2,5- Very like me,1- Very unlike me,1- Very unlike me,1- Very unlike me,Georgia,Neither support nor oppose,Unjustified,No,NA,NA,NA,NA,NA,NA,NA,1,2,1,1,Democrat,Republican,NA
Male,African American,"90,000 – 99,999",Some College,Democrat,NA,NA,Strong Democrat,46,No,No,No,FALSE,FALSE,TRUE,TRUE,TRUE,TRUE,FALSE,FALSE,TRUE,TRUE,100,0,Strongly agree,Strongly agree,Neither agree nor disagree,No,No,1 - Not at all,5- Very like me,5- Very like me,5- Very like me,1- Very unlike me,3,5- Very like me,5- Very like me,1- Very unlike me,1- Very unlike me,3,2,3,NA,NA,NA,NA,NA,NA,NA,NA,Oregon,More than 20 years in prison,Strongly oppose,2,1,1,1,Republican,Democrat,arson
Male,White/Caucasian,"90,000 – 99,999",4-year College Degree,NA,NA,NA,NA,NA,NA,NA,NA,NA,NA,NA,NA,NA,NA,NA,NA,NA,NA,,,NA,NA,NA,NA,NA,NA,NA,NA,NA,NA,NA,NA,NA,NA,NA,NA,NA,NA,NA,NA,NA,NA,NA,NA,NA,NA,NA,NA,NA,1,2,2,,NA,NA,NA
Female,African American,"40,000 – 49,999",High School / GED,Democrat,NA,NA,Strong Democrat,18,NA,NA,NA,NA,NA,NA,NA,NA,NA,NA,NA,NA,NA,,,NA,NA,NA,NA,NA,NA,NA,NA,NA,NA,NA,NA,NA,NA,NA,NA,NA,NA,NA,NA,NA,NA,NA,NA,NA,NA,NA,NA,NA,1,1,1,2,NA,NA,NA
Male,White/Caucasian,"100,000 or more",Masters Degree,Democrat,NA,NA,Strong Democrat,46,NA,NA,NA,TRUE,FALSE,FALSE,TRUE,TRUE,FALSE,FALSE,FALSE,FALSE,FALSE,100,1,Strongly agree,Strongly agree,Strongly agree,No,No,1 - Not at all,1- Very unlike me,1- Very unlike me,3,1- Very unlike me,1- Very unlike me,1- Very unlike me,1- Very unlike me,1- Very unlike me,1- Very unlike me,1- Very unlike me,1- Very unlike me,1- Very unlike me,NA,NA,NA,NA,Oregon,Strongly support,Unjustified,Yes,NA,NA,NA,1,1,2,1,Republican,Democrat,NA
Female,African American,"30,000 – 39,999",2-year College Degree,NA,NA,NA,NA,NA,NA,NA,NA,NA,NA,NA,NA,NA,NA,NA,NA,NA,NA,,,NA,NA,NA,NA,NA,NA,NA,NA,NA,NA,NA,NA,NA,NA,NA,NA,NA,NA,NA,NA,NA,NA,NA,NA,NA,NA,NA,NA,NA,2,1,2,,NA,NA,NA
Male,African American,"50,000 – 59,999",4-year College Degree,Republican,NA,Strong Republican,NA,27,Yes,No,No,FALSE,TRUE,TRUE,TRUE,TRUE,TRUE,FALSE,FALSE,FALSE,FALSE,19,88,Neither agree nor disagree,Neither agree nor disagree,Somewhat disagree,No,No,5 - A great deal,3,3,4,4,5- Very like me,3,4,1- Very unlike me,5- Very like me,3,3,3,Florida,Support,Unjustified,Yes,NA,NA,NA,NA,NA,NA,NA,1,1,1,1,Democrat,Republican,NA
Female,African American,"Less than 30,000",2-year College Degree,Other,Neither,NA,NA,NA,NA,NA,NA,NA,NA,NA,NA,NA,NA,NA,NA,NA,NA,,,NA,NA,NA,NA,NA,NA,NA,NA,NA,NA,NA,NA,NA,NA,NA,NA,NA,NA,NA,NA,NA,NA,NA,NA,NA,NA,NA,NA,NA,1,1,2,2,NA,NA,NA
Female,African American,"30,000 – 39,999",Some College,Democrat,NA,NA,Strong Democrat,21,No,No,Yes,FALSE,FALSE,TRUE,TRUE,TRUE,TRUE,FALSE,TRUE,FALSE,FALSE,94,7,Somewhat agree,Neither agree nor disagree,Neither agree nor disagree,No,No,1 - Not at all,1- Very unlike me,2,2,3,2,3,2,1- Very unlike me,3,1- Very unlike me,2,1- Very unlike me,NA,NA,NA,NA,Washington,Neither support nor oppose,Unjustified,No,NA,NA,NA,1,2,2,1,Republican,Democrat,NA
Female,African American,"100,000 or more",4-year College Degree,Democrat,NA,NA,Strong Democrat,42,NA,NA,NA,FALSE,TRUE,TRUE,FALSE,TRUE,TRUE,FALSE,TRUE,TRUE,TRUE,57,0,Neither agree nor disagree,Neither agree nor disagree,Neither agree nor disagree,No,No,3,4,4,3,4,4,4,2,4,4,3,3,3,NA,NA,NA,NA,NA,NA,NA,NA,Alaska,Community service,Support,2,1,1,1,Republican,Democrat,vandalism
Male,African American,"60,000 – 69,999",Some College,Democrat,NA,NA,Strong Democrat,30,Yes,Yes,Yes,TRUE,TRUE,TRUE,TRUE,TRUE,TRUE,FALSE,TRUE,FALSE,FALSE,94,80,Strongly disagree,Somewhat disagree,Strongly disagree,No,No,1 - Not at all,1- Very unlike me,1- Very unlike me,4,2,2,4,1- Very unlike me,1- Very unlike me,2,1- Very unlike me,1- Very unlike me,1- Very unlike me,Florida,Oppose,Justified,Yes,NA,NA,NA,NA,NA,NA,NA,1,1,1,1,Republican,Democrat,NA
Male,African American,"40,000 – 49,999",Some College,Democrat,NA,NA,Strong Democrat,25,Yes,Yes,Yes,FALSE,FALSE,TRUE,TRUE,TRUE,TRUE,TRUE,TRUE,FALSE,TRUE,84,8,Neither agree nor disagree,Somewhat disagree,Neither agree nor disagree,No,No,4,3,4,3,3,4,3,2,2,3,3,3,3,NA,NA,NA,NA,Oregon,Neither support nor oppose,Unjustified,Yes,NA,NA,NA,1,2,2,1,Republican,Democrat,NA
Female,African American,"Less than 30,000",Some College,Democrat,NA,NA,Strong Democrat,25,NA,NA,NA,TRUE,TRUE,TRUE,TRUE,TRUE,FALSE,TRUE,TRUE,FALSE,TRUE,1,93,Neither agree nor disagree,Neither agree nor disagree,Neither agree nor disagree,Yes,No,1 - Not at all,1- Very unlike me,3,1- Very unlike me,2,2,3,1- Very unlike me,1- Very unlike me,2,1- Very unlike me,3,1- Very unlike me,NA,NA,NA,NA,NA,NA,NA,NA,Florida,Community service,Neither support nor oppose,2,2,1,1,Republican,Democrat,murder
Female,African American,"Less than 30,000",High School / GED,Democrat,NA,NA,Strong Democrat,20,No,No,No,FALSE,TRUE,TRUE,TRUE,TRUE,FALSE,FALSE,TRUE,FALSE,FALSE,89,26,Somewhat disagree,Neither agree nor disagree,Somewhat agree,No,No,3,1- Very unlike me,2,2,2,1- Very unlike me,2,2,2,2,2,3,2,NA,NA,NA,NA,NA,NA,NA,NA,Alaska,2 - 5 years in prison,Strongly oppose,2,1,2,1,Republican,Democrat,assault with a deadly weapon
Male,African American,"30,000 – 39,999",Some College,Democrat,NA,NA,Strong Democrat,59,NA,NA,NA,FALSE,TRUE,TRUE,TRUE,TRUE,FALSE,TRUE,FALSE,FALSE,TRUE,92,89,Neither agree nor disagree,Neither agree nor disagree,Neither agree nor disagree,Yes,Yes,2,3,2,3,3,3,2,3,3,4,3,2,5- Very like me,NA,NA,NA,NA,NA,NA,NA,NA,California,7 months to 1 year in jail,Oppose,2,2,2,1,Republican,Democrat,vandalism
Male,African American,"Less than 30,000",2-year College Degree,Democrat,NA,NA,Strong Democrat,30,Yes,Yes,Yes,TRUE,TRUE,TRUE,TRUE,TRUE,TRUE,FALSE,FALSE,TRUE,TRUE,97,82,Strongly agree,Somewhat agree,Somewhat agree,Yes,Yes,4,3,2,3,5- Very like me,4,4,3,3,3,4,5- Very like me,3,Alabama,Strongly support,Unjustified,Yes,NA,NA,NA,NA,NA,NA,NA,1,2,1,4,Republican,Democrat,NA
Male,African American,"Less than 30,000",2-year College Degree,Democrat,NA,NA,Not a strong Democrat,40,No,No,Yes,FALSE,FALSE,TRUE,TRUE,TRUE,FALSE,FALSE,FALSE,FALSE,TRUE,82,66,Somewhat disagree,Somewhat disagree,Somewhat disagree,No,No,1 - Not at all,3,2,1- Very unlike me,3,1- Very unlike me,2,1- Very unlike me,1- Very unlike me,1- Very unlike me,1- Very unlike me,1- Very unlike me,2,Florida,Neither support nor oppose,Unjustified,Yes,NA,NA,NA,NA,NA,NA,NA,1,2,1,1,Republican,Democrat,NA
Male,African American,"100,000 or more",4-year College Degree,NA,NA,NA,NA,NA,NA,NA,NA,NA,NA,NA,NA,NA,NA,NA,NA,NA,NA,,,NA,NA,NA,NA,NA,NA,NA,NA,NA,NA,NA,NA,NA,NA,NA,NA,NA,NA,NA,NA,NA,NA,NA,NA,NA,NA,NA,NA,NA,2,1,2,,NA,NA,NA
Male,African American,"60,000 – 69,999",2-year College Degree,Democrat,NA,NA,Not a strong Democrat,33,No,No,No,FALSE,TRUE,TRUE,TRUE,FALSE,TRUE,TRUE,FALSE,TRUE,FALSE,75,69,Neither agree nor disagree,Somewhat agree,Neither agree nor disagree,No,No,3,4,4,3,2,3,3,3,4,3,3,3,4,NA,NA,NA,NA,Nevada,Neither support nor oppose,Unjustified,Yes,NA,NA,NA,1,2,2,1,Republican,Democrat,NA
Male,African American,"40,000 – 49,999",Some College,Democrat,NA,NA,Strong Democrat,18,No,No,Yes,FALSE,TRUE,TRUE,TRUE,TRUE,TRUE,TRUE,FALSE,FALSE,FALSE,100,0,Neither agree nor disagree,Neither agree nor disagree,Neither agree nor disagree,No,No,3,1- Very unlike me,4,2,3,3,2,4,1- Very unlike me,1- Very unlike me,4,1- Very unlike me,1- Very unlike me,NA,NA,NA,NA,NA,NA,NA,NA,California,7 months to 1 year in jail,Neither support nor oppose,2,1,2,1,Republican,Democrat,murder
Male,African American,"100,000 or more",Masters Degree,Democrat,NA,NA,Strong Democrat,45,Yes,No,Yes,FALSE,TRUE,TRUE,TRUE,TRUE,FALSE,FALSE,FALSE,TRUE,FALSE,100,100,Strongly agree,Strongly disagree,Somewhat disagree,No,No,5 - A great deal,5- Very like me,5- Very like me,5- Very like me,5- Very like me,1- Very unlike me,5- Very like me,5- Very like me,1- Very unlike me,1- Very unlike me,1- Very unlike me,1- Very unlike me,5- Very like me,Florida,Strongly support,Justified,Yes,NA,NA,NA,NA,NA,NA,NA,1,1,1,1,Republican,Democrat,NA
Male,African American,"40,000 – 49,999",2-year College Degree,Republican,NA,Strong Republican,NA,21,NA,NA,NA,TRUE,TRUE,TRUE,TRUE,TRUE,TRUE,TRUE,TRUE,TRUE,TRUE,76,89,Strongly agree,Strongly agree,Somewhat agree,Yes,Yes,3,3,3,3,3,4,3,3,2,3,3,4,2,Florida,Strongly support,Justified,Yes,NA,NA,NA,NA,NA,NA,NA,1,2,1,1,Democrat,Republican,NA
Female,African American,"Less than 30,000",Some College,Democrat,NA,NA,Strong Democrat,33,NA,NA,NA,NA,NA,NA,NA,NA,NA,NA,NA,NA,NA,,,NA,NA,NA,NA,NA,NA,NA,NA,NA,NA,NA,NA,NA,NA,NA,NA,NA,NA,NA,NA,NA,NA,NA,NA,NA,NA,NA,NA,NA,2,2,2,2,NA,NA,NA
Female,African American,"Less than 30,000",Some College,Democrat,NA,NA,Strong Democrat,65,NA,NA,NA,TRUE,TRUE,TRUE,TRUE,FALSE,FALSE,FALSE,FALSE,FALSE,FALSE,78,22,Neither agree nor disagree,Strongly agree,Somewhat agree,No,No,1 - Not at all,1- Very unlike me,2,1- Very unlike me,1- Very unlike me,1- Very unlike me,1- Very unlike me,1- Very unlike me,1- Very unlike me,1- Very unlike me,1- Very unlike me,1- Very unlike me,1- Very unlike me,NA,NA,NA,NA,NA,NA,NA,NA,California,Community service,Support,2,1,2,1,Republican,Democrat,protesting without a permit
Female,African American,"Less than 30,000",Less than High School,Democrat,NA,NA,Strong Democrat,38,No,No,Yes,FALSE,TRUE,TRUE,TRUE,TRUE,FALSE,FALSE,TRUE,FALSE,FALSE,100,70,Strongly agree,Somewhat agree,Strongly agree,No,No,3,4,3,4,2,3,3,3,4,4,4,2,3,Georgia,Neither support nor oppose,Justified,Yes,NA,NA,NA,NA,NA,NA,NA,1,2,1,1,Republican,Democrat,NA
Female,African American,"Less than 30,000",Masters Degree,Democrat,NA,NA,Strong Democrat,23,Yes,Yes,Yes,FALSE,TRUE,TRUE,FALSE,FALSE,TRUE,FALSE,FALSE,TRUE,FALSE,100,0,Neither agree nor disagree,Strongly agree,Strongly disagree,No,No,4,4,4,4,3,4,3,3,1- Very unlike me,4,5- Very like me,1- Very unlike me,3,NA,NA,NA,NA,NA,NA,NA,NA,Texas,More than 20 years in prison,Strongly oppose,2,1,1,1,Republican,Democrat,protesting without a permit
Male,Other,"70,000 – 79,999",Some College,Democrat,NA,NA,Strong Democrat,35,No,No,Yes,FALSE,TRUE,TRUE,TRUE,TRUE,FALSE,FALSE,TRUE,FALSE,FALSE,100,0,Strongly agree,Neither agree nor disagree,Neither agree nor disagree,No,No,1 - Not at all,1- Very unlike me,3,4,1- Very unlike me,1- Very unlike me,3,1- Very unlike me,1- Very unlike me,1- Very unlike me,1- Very unlike me,1- Very unlike me,1- Very unlike me,NA,NA,NA,NA,Oregon,Strongly oppose,Unjustified,Yes,NA,NA,NA,1,2,2,1,Republican,Democrat,NA
Male,African American,"70,000 – 79,999",High School / GED,Democrat,NA,NA,Strong Democrat,51,No,No,Yes,TRUE,FALSE,TRUE,TRUE,FALSE,FALSE,TRUE,FALSE,FALSE,FALSE,78,32,Neither agree nor disagree,Neither agree nor disagree,Somewhat disagree,No,No,2,5- Very like me,2,5- Very like me,5- Very like me,2,3,1- Very unlike me,2,1- Very unlike me,1- Very unlike me,1- Very unlike me,1- Very unlike me,NA,NA,NA,NA,NA,NA,NA,NA,Florida,4 - 30 days in jail,Neither support nor oppose,2,2,1,1,Republican,Democrat,vandalism
Male,African American,"Less than 30,000",High School / GED,Republican,NA,Strong Republican,NA,20,NA,NA,NA,TRUE,TRUE,TRUE,TRUE,FALSE,FALSE,TRUE,FALSE,TRUE,FALSE,22,15,Neither agree nor disagree,Neither agree nor disagree,Neither agree nor disagree,No,No,5 - A great deal,5- Very like me,2,4,3,4,4,4,4,4,3,4,4,Kentucky,Neither support nor oppose,Unjustified,No,NA,NA,NA,NA,NA,NA,NA,1,2,1,1,Democrat,Republican,NA
Female,African American,"Less than 30,000",High School / GED,Democrat,NA,NA,Strong Democrat,37,NA,NA,NA,TRUE,FALSE,TRUE,TRUE,TRUE,FALSE,TRUE,FALSE,FALSE,TRUE,11,0,Neither agree nor disagree,Neither agree nor disagree,Neither agree nor disagree,No,No,5 - A great deal,2,5- Very like me,5- Very like me,3,4,5- Very like me,5- Very like me,5- Very like me,4,5- Very like me,5- Very like me,5- Very like me,NA,NA,NA,NA,NA,NA,NA,NA,Texas,16 - 20 years in prison,Oppose,2,2,2,1,Republican,Democrat,protesting without a permit
Female,Native American,"60,000 – 69,999",2-year College Degree,NA,NA,NA,NA,NA,NA,NA,NA,NA,NA,NA,NA,NA,NA,NA,NA,NA,NA,,,NA,NA,NA,NA,NA,NA,NA,NA,NA,NA,NA,NA,NA,NA,NA,NA,NA,NA,NA,NA,NA,NA,NA,NA,NA,NA,NA,NA,NA,2,2,2,,NA,NA,NA
Male,African American,"100,000 or more",4-year College Degree,Democrat,NA,NA,Strong Democrat,50,No,Yes,Yes,TRUE,FALSE,TRUE,TRUE,TRUE,FALSE,TRUE,FALSE,TRUE,FALSE,77,38,Somewhat disagree,Somewhat agree,Neither agree nor disagree,No,No,1 - Not at all,1- Very unlike me,1- Very unlike me,3,1- Very unlike me,3,3,2,1- Very unlike me,2,1- Very unlike me,1- Very unlike me,1- Very unlike me,NA,NA,NA,NA,Washington,Neither support nor oppose,Justified,No,NA,NA,NA,1,2,2,1,Republican,Democrat,NA
Female,African American,"30,000 – 39,999",High School / GED,Democrat,NA,NA,Strong Democrat,18,NA,NA,NA,NA,NA,NA,NA,NA,NA,NA,NA,NA,NA,,,NA,NA,NA,NA,NA,NA,NA,NA,NA,NA,NA,NA,NA,NA,NA,NA,NA,NA,NA,NA,NA,NA,NA,NA,NA,NA,NA,NA,NA,1,1,1,2,NA,NA,NA
Female,African American,"30,000 – 39,999",Some College,Democrat,NA,NA,Strong Democrat,18,No,No,No,FALSE,TRUE,TRUE,TRUE,TRUE,FALSE,FALSE,TRUE,FALSE,TRUE,100,2,Neither agree nor disagree,Strongly agree,Neither agree nor disagree,No,No,1 - Not at all,5- Very like me,3,3,5- Very like me,4,2,1- Very unlike me,1- Very unlike me,5- Very like me,1- Very unlike me,4,3,NA,NA,NA,NA,NA,NA,NA,NA,Alaska,Community service,Support,2,1,2,1,Republican,Democrat,assault with a deadly weapon
Female,African American,"Less than 30,000",High School / GED,Democrat,NA,NA,Not a strong Democrat,53,No,No,Yes,TRUE,TRUE,TRUE,TRUE,TRUE,FALSE,FALSE,TRUE,FALSE,FALSE,74,31,Neither agree nor disagree,Neither agree nor disagree,Neither agree nor disagree,No,No,3,1- Very unlike me,1- Very unlike me,5- Very like me,1- Very unlike me,1- Very unlike me,3,1- Very unlike me,1- Very unlike me,1- Very unlike me,1- Very unlike me,1- Very unlike me,1- Very unlike me,NA,NA,NA,NA,California,Neither support nor oppose,Justified,No,NA,NA,NA,1,2,2,1,Republican,Democrat,NA
Female,African American,"30,000 – 39,999",Some College,Democrat,NA,NA,Strong Democrat,36,NA,NA,NA,TRUE,TRUE,TRUE,TRUE,TRUE,TRUE,TRUE,TRUE,TRUE,TRUE,71,80,Strongly agree,Strongly agree,Strongly agree,Yes,Yes,3,4,4,5- Very like me,4,5- Very like me,4,4,5- Very like me,3,4,4,4,NA,NA,NA,NA,Idaho,Neither support nor oppose,Justified,No,NA,NA,NA,1,2,2,1,Republican,Democrat,NA
Female,African American,"100,000 or more",4-year College Degree,Republican,NA,Strong Republican,NA,53,NA,NA,NA,TRUE,TRUE,TRUE,TRUE,TRUE,TRUE,TRUE,TRUE,TRUE,TRUE,100,100,Strongly agree,Strongly agree,Strongly agree,Yes,Yes,5 - A great deal,5- Very like me,5- Very like me,5- Very like me,5- Very like me,5- Very like me,5- Very like me,5- Very like me,5- Very like me,5- Very like me,5- Very like me,5- Very like me,5- Very like me,Texas,Strongly support,Justified,Yes,NA,NA,NA,NA,NA,NA,NA,1,2,1,1,Democrat,Republican,NA
Female,Asian,"Less than 30,000",Some College,Democrat,NA,NA,Strong Democrat,19,NA,NA,NA,FALSE,FALSE,TRUE,FALSE,TRUE,TRUE,TRUE,TRUE,TRUE,TRUE,79,27,Neither agree nor disagree,Strongly disagree,Neither agree nor disagree,No,No,2,3,3,4,3,2,2,2,1- Very unlike me,2,4,3,2,NA,NA,NA,NA,NA,NA,NA,NA,Oregon,1 - 3 days in jail,Neither support nor oppose,2,1,1,1,Republican,Democrat,protesting without a permit
Male,African American,"40,000 – 49,999",Some College,Democrat,NA,NA,Strong Democrat,72,NA,NA,NA,NA,NA,NA,NA,NA,NA,NA,NA,NA,NA,,,NA,NA,NA,NA,NA,NA,NA,NA,NA,NA,NA,NA,NA,NA,NA,NA,NA,NA,NA,NA,NA,NA,NA,NA,NA,NA,NA,NA,NA,2,1,2,2,NA,NA,NA
Female,White/Caucasian,"Less than 30,000",Masters Degree,NA,NA,NA,NA,NA,NA,NA,NA,NA,NA,NA,NA,NA,NA,NA,NA,NA,NA,,,NA,NA,NA,NA,NA,NA,NA,NA,NA,NA,NA,NA,NA,NA,NA,NA,NA,NA,NA,NA,NA,NA,NA,NA,NA,NA,NA,NA,NA,2,1,1,,NA,NA,NA
Female,African American,"50,000 – 59,999",Masters Degree,Independent,Democratic Party,NA,NA,51,Yes,Yes,Yes,FALSE,TRUE,TRUE,TRUE,TRUE,TRUE,TRUE,TRUE,TRUE,TRUE,81,39,Strongly disagree,Strongly disagree,Somewhat agree,No,Yes,1 - Not at all,1- Very unlike me,5- Very like me,5- Very like me,1- Very unlike me,4,5- Very like me,5- Very like me,1- Very unlike me,4,2,5- Very like me,5- Very like me,NA,NA,NA,NA,Oregon,Oppose,Unjustified,Yes,NA,NA,NA,1,1,2,1,Republican,Democrat,NA
Female,African American,"100,000 or more",Masters Degree,Democrat,NA,NA,Strong Democrat,45,No,No,No,FALSE,TRUE,TRUE,TRUE,TRUE,FALSE,FALSE,TRUE,TRUE,FALSE,100,34,Somewhat agree,Somewhat agree,Neither agree nor disagree,No,No,1 - Not at all,1- Very unlike me,1- Very unlike me,1- Very unlike me,1- Very unlike me,1- Very unlike me,5- Very like me,1- Very unlike me,1- Very unlike me,1- Very unlike me,1- Very unlike me,1- Very unlike me,1- Very unlike me,NA,NA,NA,NA,New Mexico,Oppose,Unjustified,Yes,NA,NA,NA,1,2,2,1,Republican,Democrat,NA
Male,African American,"40,000 – 49,999",High School / GED,Democrat,NA,NA,Not a strong Democrat,27,NA,NA,NA,TRUE,TRUE,TRUE,TRUE,TRUE,TRUE,FALSE,FALSE,TRUE,TRUE,100,0,Somewhat disagree,Somewhat disagree,Somewhat disagree,No,No,5 - A great deal,1- Very unlike me,1- Very unlike me,1- Very unlike me,1- Very unlike me,5- Very like me,5- Very like me,5- Very like me,5- Very like me,1- Very unlike me,1- Very unlike me,5- Very like me,1- Very unlike me,NA,NA,NA,NA,NA,NA,NA,NA,Florida,Community service,Strongly support,2,2,1,1,Republican,Democrat,arson
Female,African American,"100,000 or more","Professional Degree (JD, MD)",Democrat,NA,NA,Strong Democrat,30,Yes,Yes,Yes,TRUE,TRUE,TRUE,TRUE,TRUE,TRUE,TRUE,TRUE,TRUE,TRUE,84,83,Somewhat agree,Strongly agree,Neither agree nor disagree,Yes,Yes,3,4,4,3,3,3,2,4,3,3,4,3,3,NA,NA,NA,NA,NA,NA,NA,NA,Texas,6 - 10 years in prison,Support,2,1,2,4,Republican,Democrat,arson
Female,African American,"Less than 30,000",4-year College Degree,Democrat,NA,NA,Not a strong Democrat,18,NA,NA,NA,NA,NA,NA,NA,NA,NA,NA,NA,NA,NA,,,NA,NA,NA,NA,NA,NA,NA,NA,NA,NA,NA,NA,NA,NA,NA,NA,NA,NA,NA,NA,NA,NA,NA,NA,NA,NA,NA,NA,NA,1,2,1,2,NA,NA,NA
Male,African American,"Less than 30,000",High School / GED,Republican,NA,Not a strong Republican,NA,30,Yes,No,Yes,TRUE,FALSE,FALSE,TRUE,FALSE,FALSE,TRUE,TRUE,TRUE,FALSE,100,100,Neither agree nor disagree,Strongly disagree,Somewhat agree,No,Yes,1 - Not at all,1- Very unlike me,1- Very unlike me,1- Very unlike me,1- Very unlike me,1- Very unlike me,1- Very unlike me,1- Very unlike me,1- Very unlike me,1- Very unlike me,1- Very unlike me,1- Very unlike me,1- Very unlike me,Georgia,Oppose,Unjustified,Yes,NA,NA,NA,NA,NA,NA,NA,1,1,1,1,Democrat,Republican,NA
Female,African American,"80,000 – 89,999",4-year College Degree,NA,NA,NA,NA,NA,NA,NA,NA,NA,NA,NA,NA,NA,NA,NA,NA,NA,NA,,,NA,NA,NA,NA,NA,NA,NA,NA,NA,NA,NA,NA,NA,NA,NA,NA,NA,NA,NA,NA,NA,NA,NA,NA,NA,NA,NA,NA,NA,1,2,1,,NA,NA,NA
Female,African American,"Less than 30,000",High School / GED,Democrat,NA,NA,Strong Democrat,60,Yes,No,Yes,TRUE,TRUE,TRUE,TRUE,TRUE,FALSE,FALSE,TRUE,FALSE,TRUE,95,6,Neither agree nor disagree,Somewhat agree,Strongly agree,No,No,1 - Not at all,1- Very unlike me,3,3,4,3,4,4,1- Very unlike me,1- Very unlike me,1- Very unlike me,1- Very unlike me,1- Very unlike me,NA,NA,NA,NA,Nevada,Neither support nor oppose,Unjustified,Yes,NA,NA,NA,1,1,2,1,Republican,Democrat,NA
Female,African American,"50,000 – 59,999",Some College,Democrat,NA,NA,Strong Democrat,22,Yes,No,Yes,FALSE,TRUE,TRUE,TRUE,FALSE,TRUE,TRUE,TRUE,TRUE,TRUE,100,0,Somewhat agree,Strongly agree,Somewhat agree,No,No,5 - A great deal,5- Very like me,2,5- Very like me,5- Very like me,1- Very unlike me,3,1- Very unlike me,3,1- Very unlike me,5- Very like me,1- Very unlike me,5- Very like me,NA,NA,NA,NA,NA,NA,NA,NA,Louisiana,4 - 6 months in jail,Neither support nor oppose,2,1,1,1,Republican,Democrat,assault
Female,African American,"90,000 – 99,999",2-year College Degree,Democrat,NA,NA,Strong Democrat,30,NA,NA,NA,FALSE,TRUE,TRUE,TRUE,TRUE,FALSE,FALSE,FALSE,FALSE,FALSE,100,100,Strongly agree,Strongly agree,Strongly agree,No,No,1 - Not at all,5- Very like me,5- Very like me,5- Very like me,5- Very like me,5- Very like me,5- Very like me,5- Very like me,5- Very like me,5- Very like me,5- Very like me,5- Very like me,5- Very like me,Georgia,Strongly support,Justified,Yes,NA,NA,NA,NA,NA,NA,NA,1,2,1,1,Republican,Democrat,NA
Male,African American,"30,000 – 39,999",High School / GED,Democrat,NA,NA,Not a strong Democrat,48,NA,NA,NA,NA,NA,NA,NA,NA,NA,NA,NA,NA,NA,,,NA,NA,NA,NA,NA,NA,NA,NA,NA,NA,NA,NA,NA,NA,NA,NA,NA,NA,NA,NA,NA,NA,NA,NA,NA,NA,NA,NA,NA,2,1,1,2,NA,NA,NA
Female,African American,"Less than 30,000",2-year College Degree,Democrat,NA,NA,Strong Democrat,59,No,No,Yes,TRUE,TRUE,TRUE,FALSE,TRUE,FALSE,FALSE,FALSE,FALSE,FALSE,75,34,Strongly disagree,Strongly disagree,Strongly disagree,No,No,1 - Not at all,1- Very unlike me,1- Very unlike me,2,1- Very unlike me,1- Very unlike me,2,1- Very unlike me,1- Very unlike me,1- Very unlike me,1- Very unlike me,1- Very unlike me,1- Very unlike me,NA,NA,NA,NA,NA,NA,NA,NA,Alaska,Community service,Neither support nor oppose,2,1,2,1,Republican,Democrat,vandalism
Female,African American,"80,000 – 89,999",4-year College Degree,Democrat,NA,NA,Strong Democrat,23,NA,NA,NA,NA,NA,NA,NA,NA,NA,NA,NA,NA,NA,,,NA,NA,NA,NA,NA,NA,NA,NA,NA,NA,NA,NA,NA,NA,NA,NA,NA,NA,NA,NA,NA,NA,NA,NA,NA,NA,NA,NA,NA,2,1,2,2,NA,NA,NA
Male,African American,"100,000 or more","Professional Degree (JD, MD)",Independent,Republican Party,NA,NA,41,No,No,No,TRUE,TRUE,TRUE,TRUE,TRUE,FALSE,FALSE,FALSE,FALSE,TRUE,66,67,Strongly agree,Strongly disagree,Neither agree nor disagree,No,No,3,1- Very unlike me,3,5- Very like me,3,1- Very unlike me,4,2,2,2,2,2,3,NA,NA,NA,NA,Arizona,Neither support nor oppose,Unjustified,Yes,NA,NA,NA,1,2,2,1,Democrat,Republican,NA
Female,African American,"Less than 30,000",Some College,Democrat,NA,NA,Not a strong Democrat,26,No,No,Yes,TRUE,TRUE,TRUE,TRUE,TRUE,TRUE,FALSE,TRUE,FALSE,FALSE,87,0,Somewhat agree,Somewhat agree,Neither agree nor disagree,No,No,4,3,5- Very like me,4,5- Very like me,3,3,3,1- Very unlike me,2,1- Very unlike me,1- Very unlike me,1- Very unlike me,NA,NA,NA,NA,NA,NA,NA,NA,Oregon,7 months to 1 year in jail,Oppose,2,1,1,1,Republican,Democrat,arson
Male,African American,"70,000 – 79,999",4-year College Degree,Independent,Democratic Party,NA,NA,31,Yes,No,Yes,FALSE,TRUE,TRUE,TRUE,TRUE,FALSE,FALSE,FALSE,FALSE,FALSE,70,39,Neither agree nor disagree,Strongly disagree,Strongly disagree,No,No,1 - Not at all,4,3,3,3,1- Very unlike me,2,1- Very unlike me,2,1- Very unlike me,1- Very unlike me,1- Very unlike me,1- Very unlike me,NA,NA,NA,NA,NA,NA,NA,NA,Oregon,Community service,Neither support nor oppose,2,2,2,1,Republican,Democrat,protesting without a permit
Male,African American,"60,000 – 69,999",Some College,Democrat,NA,NA,Strong Democrat,29,Yes,No,Yes,FALSE,FALSE,TRUE,TRUE,FALSE,FALSE,FALSE,FALSE,FALSE,FALSE,100,0,Neither agree nor disagree,Neither agree nor disagree,Neither agree nor disagree,No,No,1 - Not at all,1- Very unlike me,1- Very unlike me,1- Very unlike me,3,3,1- Very unlike me,1- Very unlike me,1- Very unlike me,1- Very unlike me,1- Very unlike me,1- Very unlike me,1- Very unlike me,Kentucky,Strongly support,Justified,Yes,NA,NA,NA,NA,NA,NA,NA,1,1,1,1,Republican,Democrat,NA
Male,African American,"Less than 30,000",High School / GED,Democrat,NA,NA,Strong Democrat,34,No,No,No,FALSE,FALSE,FALSE,TRUE,TRUE,TRUE,FALSE,TRUE,TRUE,FALSE,73,17,Somewhat agree,Strongly agree,Somewhat agree,No,No,3,3,3,2,2,2,2,2,2,2,2,2,2,NA,NA,NA,NA,NA,NA,NA,NA,California,6 - 10 years in prison,Support,2,1,2,1,Republican,Democrat,assault
Male,African American,"30,000 – 39,999",High School / GED,Democrat,NA,NA,Strong Democrat,25,NA,NA,NA,TRUE,TRUE,FALSE,TRUE,FALSE,TRUE,TRUE,TRUE,TRUE,TRUE,99,93,Strongly agree,Strongly agree,Somewhat agree,Yes,Yes,5 - A great deal,5- Very like me,4,5- Very like me,5- Very like me,5- Very like me,5- Very like me,5- Very like me,5- Very like me,5- Very like me,5- Very like me,5- Very like me,5- Very like me,Alabama,Strongly oppose,Justified,Yes,NA,NA,NA,NA,NA,NA,NA,1,1,1,1,Republican,Democrat,NA
Female,African American,"30,000 – 39,999",High School / GED,Democrat,NA,NA,Strong Democrat,61,No,No,No,TRUE,TRUE,TRUE,TRUE,TRUE,FALSE,TRUE,FALSE,FALSE,FALSE,90,24,Neither agree nor disagree,Neither agree nor disagree,Neither agree nor disagree,No,No,4,4,4,4,4,4,3,4,3,4,4,4,4,NA,NA,NA,NA,NA,NA,NA,NA,Florida,7 months to 1 year in jail,NA,2,2,2,1,Republican,Democrat,vandalism
Female,African American,"30,000 – 39,999",2-year College Degree,Democrat,NA,NA,Strong Democrat,50,No,No,No,FALSE,TRUE,TRUE,TRUE,TRUE,FALSE,FALSE,FALSE,FALSE,TRUE,97,15,Somewhat agree,Somewhat agree,Strongly disagree,No,No,1 - Not at all,3,3,5- Very like me,3,2,1- Very unlike me,3,4,1- Very unlike me,1- Very unlike me,2,3,NA,NA,NA,NA,NA,NA,NA,NA,Florida,16 - 20 years in prison,Strongly oppose,2,2,2,1,Republican,Democrat,assault with a deadly weapon
Female,African American,"Less than 30,000",Some College,Democrat,NA,NA,Strong Democrat,24,NA,NA,NA,TRUE,TRUE,TRUE,TRUE,TRUE,TRUE,TRUE,TRUE,TRUE,TRUE,51,50,Neither agree nor disagree,Strongly disagree,Neither agree nor disagree,No,No,3,3,3,3,3,3,3,3,3,3,3,3,3,NA,NA,NA,NA,NA,NA,NA,NA,Florida,More than 20 years in prison,Strongly oppose,2,2,1,1,Republican,Democrat,arson
Female,African American,"50,000 – 59,999",High School / GED,Democrat,NA,NA,Strong Democrat,26,NA,NA,NA,FALSE,TRUE,TRUE,TRUE,TRUE,FALSE,FALSE,TRUE,FALSE,FALSE,82,2,Neither agree nor disagree,Strongly agree,Strongly agree,No,No,4,1- Very unlike me,1- Very unlike me,3,3,1- Very unlike me,2,1- Very unlike me,1- Very unlike me,1- Very unlike me,1- Very unlike me,1- Very unlike me,2,NA,NA,NA,NA,Washington,Oppose,Unjustified,Yes,NA,NA,NA,1,1,2,1,Republican,Democrat,NA
Female,African American,"Less than 30,000",Less than High School,Democrat,NA,NA,Strong Democrat,18,NA,NA,NA,TRUE,FALSE,TRUE,TRUE,TRUE,TRUE,TRUE,TRUE,TRUE,FALSE,100,100,Strongly agree,Strongly agree,Strongly agree,Yes,Yes,5 - A great deal,5- Very like me,5- Very like me,5- Very like me,5- Very like me,5- Very like me,5- Very like me,5- Very like me,5- Very like me,5- Very like me,5- Very like me,5- Very like me,5- Very like me,NA,NA,NA,NA,NA,NA,NA,NA,Texas,4 - 30 days in jail,Strongly support,2,1,1,1,Republican,Democrat,assault with a deadly weapon
Female,African American,"100,000 or more",Some College,Democrat,NA,NA,Strong Democrat,62,NA,NA,NA,FALSE,TRUE,TRUE,TRUE,TRUE,TRUE,FALSE,TRUE,TRUE,FALSE,100,0,Strongly agree,Neither agree nor disagree,Neither agree nor disagree,No,No,3,3,2,1- Very unlike me,3,1- Very unlike me,1- Very unlike me,1- Very unlike me,3,1- Very unlike me,1- Very unlike me,5- Very like me,5- Very like me,NA,NA,NA,NA,Nevada,Neither support nor oppose,Unjustified,Yes,NA,NA,NA,1,2,2,1,Republican,Democrat,NA
Male,African American,"30,000 – 39,999",High School / GED,Republican,NA,Strong Republican,NA,21,NA,NA,NA,TRUE,FALSE,TRUE,TRUE,FALSE,TRUE,TRUE,FALSE,FALSE,TRUE,86,16,Strongly agree,Strongly agree,Strongly agree,No,No,5 - A great deal,3,4,3,3,5- Very like me,2,1- Very unlike me,4,4,3,3,5- Very like me,NA,NA,NA,NA,Nevada,Strongly support,Justified,Yes,NA,NA,NA,1,2,2,1,Democrat,Republican,NA
Female,African American,"50,000 – 59,999",High School / GED,Democrat,NA,NA,Not a strong Democrat,69,NA,NA,NA,NA,NA,NA,NA,NA,NA,NA,NA,NA,NA,,,NA,NA,NA,NA,NA,NA,NA,NA,NA,NA,NA,NA,NA,NA,NA,NA,NA,NA,NA,NA,NA,NA,NA,NA,NA,NA,NA,NA,NA,2,2,1,2,NA,NA,NA
Female,African American,"Less than 30,000",Some College,Democrat,NA,NA,Not a strong Democrat,19,No,No,Yes,TRUE,FALSE,TRUE,FALSE,TRUE,TRUE,FALSE,FALSE,TRUE,TRUE,56,20,Somewhat agree,Somewhat agree,Somewhat agree,Yes,Yes,3,4,3,2,2,2,3,2,3,3,3,2,2,NA,NA,NA,NA,NA,NA,NA,NA,Oregon,7 months to 1 year in jail,Neither support nor oppose,2,2,2,1,Republican,Democrat,assault with a deadly weapon
Female,African American,"Less than 30,000",Less than High School,Democrat,NA,NA,Strong Democrat,58,NA,NA,NA,TRUE,TRUE,TRUE,TRUE,TRUE,FALSE,FALSE,FALSE,FALSE,TRUE,100,32,Strongly agree,Somewhat agree,Somewhat agree,No,No,5 - A great deal,1- Very unlike me,4,4,1- Very unlike me,1- Very unlike me,1- Very unlike me,1- Very unlike me,1- Very unlike me,1- Very unlike me,1- Very unlike me,1- Very unlike me,1- Very unlike me,Florida,Strongly support,Unjustified,Yes,NA,NA,NA,NA,NA,NA,NA,1,2,1,1,Republican,Democrat,NA
Male,African American,"80,000 – 89,999",Masters Degree,NA,NA,NA,NA,NA,NA,NA,NA,NA,NA,NA,NA,NA,NA,NA,NA,NA,NA,,,NA,NA,NA,NA,NA,NA,NA,NA,NA,NA,NA,NA,NA,NA,NA,NA,NA,NA,NA,NA,NA,NA,NA,NA,NA,NA,NA,NA,NA,2,2,1,,NA,NA,NA
Female,African American,"Less than 30,000",High School / GED,Democrat,NA,NA,Strong Democrat,40,No,No,Yes,TRUE,TRUE,TRUE,TRUE,TRUE,FALSE,FALSE,TRUE,TRUE,FALSE,92,15,Neither agree nor disagree,Somewhat disagree,Neither agree nor disagree,No,No,1 - Not at all,3,2,4,3,2,2,1- Very unlike me,1- Very unlike me,1- Very unlike me,2,1- Very unlike me,1- Very unlike me,NA,NA,NA,NA,NA,NA,NA,NA,California,4 - 30 days in jail,Oppose,2,2,2,1,Republican,Democrat,vandalism
Female,African American,"40,000 – 49,999",Less than High School,Democrat,NA,NA,Strong Democrat,78,NA,NA,NA,NA,NA,NA,NA,NA,NA,NA,NA,NA,NA,,,NA,NA,NA,NA,NA,NA,NA,NA,NA,NA,NA,NA,NA,NA,NA,NA,NA,NA,NA,NA,NA,NA,NA,NA,NA,NA,NA,NA,NA,1,2,1,2,NA,NA,NA
Female,African American,"60,000 – 69,999",4-year College Degree,Democrat,NA,NA,Not a strong Democrat,25,NA,NA,NA,NA,NA,NA,NA,NA,NA,NA,NA,NA,NA,,,NA,NA,NA,NA,NA,NA,NA,NA,NA,NA,NA,NA,NA,NA,NA,NA,NA,NA,NA,NA,NA,NA,NA,NA,NA,NA,NA,NA,NA,1,1,1,2,NA,NA,NA
Female,African American,"Less than 30,000",4-year College Degree,Democrat,NA,NA,Not a strong Democrat,21,No,No,Yes,TRUE,TRUE,FALSE,TRUE,TRUE,TRUE,FALSE,FALSE,TRUE,TRUE,65,30,Neither agree nor disagree,Neither agree nor disagree,Neither agree nor disagree,No,No,3,3,3,4,3,4,3,4,3,4,3,3,2,NA,NA,NA,NA,NA,NA,NA,NA,Oregon,4 - 6 months in jail,Neither support nor oppose,2,2,2,1,Republican,Democrat,assault with a deadly weapon
Female,African American,"70,000 – 79,999",Some College,Democrat,NA,NA,Not a strong Democrat,50,NA,NA,NA,NA,NA,NA,NA,NA,NA,NA,NA,NA,NA,,,NA,NA,NA,NA,NA,NA,NA,NA,NA,NA,NA,NA,NA,NA,NA,NA,NA,NA,NA,NA,NA,NA,NA,NA,NA,NA,NA,NA,NA,2,1,2,2,NA,NA,NA
Female,African American,"50,000 – 59,999",High School / GED,Democrat,NA,NA,Not a strong Democrat,62,No,No,No,TRUE,TRUE,TRUE,TRUE,TRUE,FALSE,FALSE,FALSE,FALSE,FALSE,100,20,Strongly disagree,Strongly disagree,Somewhat disagree,No,No,1 - Not at all,1- Very unlike me,1- Very unlike me,3,1- Very unlike me,1- Very unlike me,5- Very like me,1- Very unlike me,1- Very unlike me,1- Very unlike me,1- Very unlike me,1- Very unlike me,1- Very unlike me,NA,NA,NA,NA,NA,NA,NA,NA,Florida,2 - 3 months in jail,Support,2,2,1,1,Republican,Democrat,assault
Female,African American,"Less than 30,000",High School / GED,Democrat,NA,NA,Strong Democrat,19,NA,NA,NA,NA,NA,NA,NA,NA,NA,NA,NA,NA,NA,,,NA,NA,NA,NA,NA,NA,NA,NA,NA,NA,NA,NA,NA,NA,NA,NA,NA,NA,NA,NA,NA,NA,NA,NA,NA,NA,NA,NA,NA,1,1,2,2,NA,NA,NA
Male,African American,"Less than 30,000",High School / GED,Republican,NA,Strong Republican,NA,18,NA,NA,NA,NA,NA,NA,NA,NA,NA,NA,NA,NA,NA,,,NA,NA,NA,NA,NA,NA,NA,NA,NA,NA,NA,NA,NA,NA,NA,NA,NA,NA,NA,NA,NA,NA,NA,NA,NA,NA,NA,NA,NA,1,2,1,2,NA,NA,NA
Male,African American,"100,000 or more",Some College,Republican,NA,Strong Republican,NA,50,No,No,Yes,FALSE,TRUE,FALSE,TRUE,TRUE,FALSE,FALSE,TRUE,FALSE,FALSE,31,100,Neither agree nor disagree,Neither agree nor disagree,Neither agree nor disagree,No,No,1 - Not at all,3,3,3,3,3,3,3,3,3,3,3,3,NA,NA,NA,NA,NA,NA,NA,NA,Washington,Community service,Neither support nor oppose,2,2,2,1,Democrat,Republican,assault with a deadly weapon
Female,Other,"Less than 30,000",High School / GED,Democrat,NA,NA,NA,22,NA,NA,NA,FALSE,TRUE,TRUE,TRUE,TRUE,FALSE,TRUE,TRUE,TRUE,TRUE,65,15,Neither agree nor disagree,Somewhat agree,Neither agree nor disagree,No,No,1 - Not at all,2,5- Very like me,2,5- Very like me,5- Very like me,5- Very like me,1- Very unlike me,5- Very like me,5- Very like me,4,1- Very unlike me,2,Georgia,Support,Justified,Yes,NA,NA,NA,NA,NA,NA,NA,1,2,1,1,Republican,Democrat,NA
Male,African American,"100,000 or more",Masters Degree,Democrat,NA,NA,Strong Democrat,45,Yes,Yes,Yes,TRUE,TRUE,TRUE,TRUE,TRUE,TRUE,TRUE,TRUE,TRUE,TRUE,100,0,Strongly agree,Strongly disagree,Somewhat agree,No,Yes,4,4,4,3,5- Very like me,4,3,3,3,4,4,3,4,NA,NA,NA,NA,NA,NA,NA,NA,California,Community service,Strongly support,2,1,2,1,Republican,Democrat,assault
Male,African American,"30,000 – 39,999",2-year College Degree,Democrat,NA,NA,Strong Democrat,32,No,No,No,FALSE,TRUE,TRUE,FALSE,TRUE,TRUE,TRUE,FALSE,TRUE,TRUE,0,52,Neither agree nor disagree,Strongly disagree,Strongly disagree,No,No,5 - A great deal,5- Very like me,5- Very like me,5- Very like me,5- Very like me,5- Very like me,5- Very like me,5- Very like me,5- Very like me,3,1- Very unlike me,5- Very like me,4,Florida,Neither support nor oppose,Unjustified,Yes,NA,NA,NA,NA,NA,NA,NA,1,2,1,1,Republican,Democrat,NA
Male,African American,"80,000 – 89,999",High School / GED,Democrat,NA,NA,Not a strong Democrat,20,NA,NA,NA,FALSE,FALSE,FALSE,TRUE,FALSE,TRUE,FALSE,TRUE,TRUE,TRUE,68,41,Strongly disagree,Neither agree nor disagree,Neither agree nor disagree,No,No,1 - Not at all,4,4,5- Very like me,5- Very like me,2,3,3,3,2,3,3,3,NA,NA,NA,NA,NA,NA,NA,NA,Washington,11 - 15 years in prison,Neither support nor oppose,2,1,2,1,Republican,Democrat,murder
Female,African American,"60,000 – 69,999",Some College,Democrat,NA,NA,Not a strong Democrat,23,NA,NA,NA,FALSE,TRUE,TRUE,TRUE,TRUE,TRUE,TRUE,TRUE,TRUE,TRUE,78,34,Somewhat agree,Somewhat disagree,Neither agree nor disagree,No,Yes,1 - Not at all,5- Very like me,3,4,5- Very like me,2,5- Very like me,5- Very like me,5- Very like me,3,4,4,4,NA,NA,NA,NA,NA,NA,NA,NA,California,More than 20 years in prison,Strongly support,2,2,2,1,Republican,Democrat,arson
Female,African American,"60,000 – 69,999",4-year College Degree,Democrat,NA,NA,Strong Democrat,28,Yes,Yes,Yes,FALSE,TRUE,TRUE,TRUE,TRUE,FALSE,FALSE,TRUE,TRUE,TRUE,70,0,Strongly agree,Strongly agree,Strongly agree,No,No,1 - Not at all,1- Very unlike me,5- Very like me,3,1- Very unlike me,4,1- Very unlike me,1- Very unlike me,1- Very unlike me,2,1- Very unlike me,5- Very like me,1- Very unlike me,NA,NA,NA,NA,NA,NA,NA,NA,Florida,Community service,Strongly oppose,2,1,2,1,Republican,Democrat,assault
Female,White/Caucasian,"100,000 or more",Doctoral Degree,Republican,NA,Strong Republican,NA,40,Yes,No,Yes,FALSE,TRUE,TRUE,TRUE,TRUE,TRUE,TRUE,TRUE,TRUE,FALSE,19,100,Somewhat agree,Somewhat disagree,Neither agree nor disagree,Yes,No,3,2,4,4,4,5- Very like me,3,5- Very like me,2,5- Very like me,5- Very like me,4,5- Very like me,NA,NA,NA,NA,NA,NA,NA,NA,California,1 - 3 days in jail,Support,2,2,1,1,Democrat,Republican,vandalism
Male,African American,"Less than 30,000",Some College,Democrat,NA,NA,Strong Democrat,72,No,No,Yes,TRUE,FALSE,TRUE,FALSE,TRUE,FALSE,TRUE,TRUE,FALSE,FALSE,94,7,Strongly disagree,Strongly disagree,Neither agree nor disagree,No,No,1 - Not at all,1- Very unlike me,3,2,3,1- Very unlike me,1- Very unlike me,1- Very unlike me,1- Very unlike me,1- Very unlike me,1- Very unlike me,1- Very unlike me,1- Very unlike me,NA,NA,NA,NA,NA,NA,NA,NA,Oregon,Community service,Neither support nor oppose,2,2,1,1,Republican,Democrat,protesting without a permit
Male,Other,"Less than 30,000",High School / GED,Democrat,NA,NA,Not a strong Democrat,25,NA,NA,NA,NA,NA,NA,NA,NA,NA,NA,NA,NA,NA,,,NA,NA,NA,NA,NA,NA,NA,NA,NA,NA,NA,NA,NA,NA,NA,NA,NA,NA,NA,NA,NA,NA,NA,NA,NA,NA,NA,NA,NA,1,2,1,2,NA,NA,NA
Female,African American,"Less than 30,000",Some College,Democrat,NA,NA,Strong Democrat,73,No,No,Yes,FALSE,TRUE,TRUE,TRUE,TRUE,FALSE,FALSE,FALSE,FALSE,FALSE,80,30,Neither agree nor disagree,Somewhat disagree,Somewhat disagree,No,No,1 - Not at all,2,2,1- Very unlike me,2,1- Very unlike me,1- Very unlike me,1- Very unlike me,1- Very unlike me,1- Very unlike me,1- Very unlike me,1- Very unlike me,1- Very unlike me,NA,NA,NA,NA,NA,NA,NA,NA,Oregon,Community service,Oppose,2,1,2,1,Republican,Democrat,vandalism
Female,African American,"Less than 30,000",High School / GED,Democrat,NA,NA,Strong Democrat,31,No,No,Yes,TRUE,TRUE,TRUE,TRUE,TRUE,TRUE,TRUE,TRUE,TRUE,FALSE,50,50,Neither agree nor disagree,Neither agree nor disagree,Neither agree nor disagree,No,No,3,3,3,3,3,3,3,3,3,3,3,3,3,NA,NA,NA,NA,NA,NA,NA,NA,Florida,Community service,Neither support nor oppose,2,2,1,1,Republican,Democrat,protesting without a permit
Male,African American,"70,000 – 79,999",High School / GED,Democrat,NA,NA,Strong Democrat,31,No,No,Yes,FALSE,TRUE,TRUE,TRUE,TRUE,FALSE,FALSE,TRUE,FALSE,FALSE,100,3,Neither agree nor disagree,Neither agree nor disagree,Neither agree nor disagree,No,No,1 - Not at all,1- Very unlike me,1- Very unlike me,3,1- Very unlike me,1- Very unlike me,1- Very unlike me,1- Very unlike me,1- Very unlike me,1- Very unlike me,1- Very unlike me,1- Very unlike me,1- Very unlike me,NA,NA,NA,NA,NA,NA,NA,NA,California,Community service,Strongly support,2,2,1,1,Republican,Democrat,assault
NA,NA,NA,NA,NA,NA,NA,NA,NA,NA,NA,NA,NA,NA,NA,NA,NA,NA,NA,NA,NA,NA,,,NA,NA,NA,NA,NA,NA,NA,NA,NA,NA,NA,NA,NA,NA,NA,NA,NA,NA,NA,NA,NA,NA,NA,NA,NA,NA,NA,NA,NA,2,1,1,4,NA,NA,NA
Female,African American,"Less than 30,000",High School / GED,Democrat,NA,NA,Not a strong Democrat,18,NA,NA,NA,FALSE,TRUE,TRUE,FALSE,TRUE,TRUE,FALSE,FALSE,TRUE,FALSE,74,35,Somewhat agree,Somewhat disagree,Somewhat agree,No,Yes,2,3,3,3,3,4,3,3,3,3,3,5- Very like me,3,NA,NA,NA,NA,NA,NA,NA,NA,Washington,2 - 3 months in jail,Support,2,2,1,1,Republican,Democrat,assault with a deadly weapon
Male,African American,"90,000 – 99,999",Masters Degree,Democrat,NA,NA,Strong Democrat,21,NA,NA,NA,TRUE,FALSE,FALSE,TRUE,FALSE,FALSE,TRUE,FALSE,TRUE,FALSE,86,79,Somewhat agree,Somewhat disagree,Neither agree nor disagree,No,No,4,3,2,5- Very like me,5- Very like me,4,4,4,3,4,3,1- Very unlike me,3,NA,NA,NA,NA,NA,NA,NA,NA,California,Community service,Neither support nor oppose,2,1,2,1,Republican,Democrat,protesting without a permit
Male,White/Caucasian,"Less than 30,000",High School / GED,NA,NA,NA,NA,NA,NA,NA,NA,NA,NA,NA,NA,NA,NA,NA,NA,NA,NA,,,NA,NA,NA,NA,NA,NA,NA,NA,NA,NA,NA,NA,NA,NA,NA,NA,NA,NA,NA,NA,NA,NA,NA,NA,NA,NA,NA,NA,NA,2,1,1,,NA,NA,NA
Female,African American,"Less than 30,000",Less than High School,Democrat,NA,NA,NA,18,NA,NA,NA,FALSE,TRUE,TRUE,TRUE,TRUE,FALSE,FALSE,TRUE,FALSE,TRUE,100,0,Neither agree nor disagree,Strongly agree,Neither agree nor disagree,No,Yes,5 - A great deal,3,4,2,4,4,4,2,4,3,1- Very unlike me,1- Very unlike me,1- Very unlike me,NA,NA,NA,NA,Washington,Strongly oppose,Unjustified,Yes,NA,NA,NA,1,1,2,1,Republican,Democrat,NA
Male,African American,"90,000 – 99,999",Masters Degree,NA,NA,NA,NA,NA,NA,NA,NA,NA,NA,NA,NA,NA,NA,NA,NA,NA,NA,,,NA,NA,NA,NA,NA,NA,NA,NA,NA,NA,NA,NA,NA,NA,NA,NA,NA,NA,NA,NA,NA,NA,NA,NA,NA,NA,NA,NA,NA,1,2,1,,NA,NA,NA
Male,Asian,"Less than 30,000",2-year College Degree,Democrat,NA,NA,Strong Democrat,23,Yes,No,Yes,TRUE,FALSE,TRUE,TRUE,TRUE,FALSE,FALSE,TRUE,FALSE,FALSE,68,6,Strongly disagree,Neither agree nor disagree,Neither agree nor disagree,Yes,No,1 - Not at all,4,2,2,2,2,3,2,1- Very unlike me,3,2,1- Very unlike me,1- Very unlike me,NA,NA,NA,NA,NA,NA,NA,NA,Oregon,Community service,Neither support nor oppose,2,2,2,1,Republican,Democrat,protesting without a permit
Female,African American,"30,000 – 39,999",High School / GED,Democrat,NA,NA,Strong Democrat,43,No,No,No,TRUE,TRUE,TRUE,TRUE,TRUE,FALSE,FALSE,TRUE,FALSE,FALSE,81,50,Strongly disagree,Strongly disagree,Strongly disagree,No,No,1 - Not at all,3,1- Very unlike me,1- Very unlike me,2,2,1- Very unlike me,1- Very unlike me,1- Very unlike me,1- Very unlike me,1- Very unlike me,1- Very unlike me,1- Very unlike me,NA,NA,NA,NA,NA,NA,NA,NA,Alaska,Community service,Neither support nor oppose,2,1,2,1,Republican,Democrat,vandalism
Female,African American,"70,000 – 79,999",Masters Degree,Democrat,NA,NA,Strong Democrat,33,No,No,No,FALSE,TRUE,TRUE,TRUE,TRUE,FALSE,FALSE,TRUE,FALSE,FALSE,85,50,Neither agree nor disagree,Strongly disagree,Strongly disagree,No,No,1 - Not at all,1- Very unlike me,3,2,2,1- Very unlike me,2,1- Very unlike me,1- Very unlike me,2,1- Very unlike me,1- Very unlike me,1- Very unlike me,NA,NA,NA,NA,NA,NA,NA,NA,Oregon,More than 20 years in prison,Strongly oppose,2,2,1,1,Republican,Democrat,murder
Female,African American,"Less than 30,000",4-year College Degree,Democrat,NA,NA,Strong Democrat,24,No,No,Yes,FALSE,TRUE,TRUE,TRUE,TRUE,FALSE,FALSE,FALSE,FALSE,FALSE,100,0,Somewhat agree,Somewhat agree,Neither agree nor disagree,No,No,1 - Not at all,4,1- Very unlike me,3,1- Very unlike me,1- Very unlike me,5- Very like me,1- Very unlike me,1- Very unlike me,1- Very unlike me,1- Very unlike me,1- Very unlike me,1- Very unlike me,Florida,Oppose,Unjustified,Yes,NA,NA,NA,NA,NA,NA,NA,1,1,1,1,Republican,Democrat,NA
Female,African American,"50,000 – 59,999",4-year College Degree,Democrat,NA,NA,Strong Democrat,30,No,No,Yes,TRUE,TRUE,TRUE,TRUE,TRUE,FALSE,FALSE,TRUE,FALSE,FALSE,100,14,Strongly disagree,Strongly disagree,Strongly disagree,No,No,1 - Not at all,1- Very unlike me,1- Very unlike me,1- Very unlike me,1- Very unlike me,1- Very unlike me,3,1- Very unlike me,1- Very unlike me,1- Very unlike me,1- Very unlike me,1- Very unlike me,1- Very unlike me,NA,NA,NA,NA,NA,NA,NA,NA,NA,More than 20 years in prison,Oppose,2,2,2,1,Republican,Democrat,murder
Male,African American,"30,000 – 39,999",4-year College Degree,Democrat,NA,NA,Strong Democrat,28,No,No,No,TRUE,TRUE,FALSE,TRUE,FALSE,FALSE,FALSE,FALSE,FALSE,FALSE,85,25,Strongly agree,Neither agree nor disagree,Neither agree nor disagree,No,No,1 - Not at all,1- Very unlike me,1- Very unlike me,2,2,1- Very unlike me,1- Very unlike me,1- Very unlike me,1- Very unlike me,1- Very unlike me,1- Very unlike me,1- Very unlike me,1- Very unlike me,NA,NA,NA,NA,NA,NA,NA,NA,Texas,Community service,Strongly support,2,1,1,1,Republican,Democrat,protesting without a permit
Female,African American,"Less than 30,000",High School / GED,Democrat,NA,NA,Strong Democrat,30,No,No,Yes,TRUE,TRUE,TRUE,TRUE,TRUE,TRUE,FALSE,FALSE,FALSE,FALSE,100,0,Neither agree nor disagree,Neither agree nor disagree,Neither agree nor disagree,No,No,2,5- Very like me,3,1- Very unlike me,2,1- Very unlike me,2,1- Very unlike me,1- Very unlike me,1- Very unlike me,1- Very unlike me,1- Very unlike me,1- Very unlike me,NA,NA,NA,NA,NA,NA,NA,NA,Oregon,1 - 3 days in jail,Neither support nor oppose,2,2,2,1,Republican,Democrat,vandalism
Female,African American,"90,000 – 99,999",4-year College Degree,Other,Democratic Party,NA,NA,25,No,No,Yes,FALSE,TRUE,TRUE,TRUE,TRUE,TRUE,TRUE,TRUE,TRUE,TRUE,78,0,Neither agree nor disagree,Strongly disagree,Neither agree nor disagree,No,No,1 - Not at all,5- Very like me,3,5- Very like me,3,4,5- Very like me,2,3,4,4,5- Very like me,3,Florida,Strongly oppose,Unjustified,Yes,NA,NA,NA,NA,NA,NA,NA,1,2,1,1,Republican,Democrat,NA
Female,African American,"40,000 – 49,999",4-year College Degree,NA,NA,NA,NA,NA,NA,NA,NA,NA,NA,NA,NA,NA,NA,NA,NA,NA,NA,,,NA,NA,NA,NA,NA,NA,NA,NA,NA,NA,NA,NA,NA,NA,NA,NA,NA,NA,NA,NA,NA,NA,NA,NA,NA,NA,NA,NA,NA,2,1,2,,NA,NA,NA
Female,African American,"Less than 30,000",High School / GED,Democrat,NA,NA,Strong Democrat,20,NA,NA,NA,FALSE,FALSE,FALSE,TRUE,TRUE,TRUE,FALSE,TRUE,FALSE,FALSE,26,35,Neither agree nor disagree,Neither agree nor disagree,Neither agree nor disagree,No,No,3,3,3,5- Very like me,2,1- Very unlike me,4,1- Very unlike me,3,2,5- Very like me,3,2,NA,NA,NA,NA,NA,NA,NA,NA,Florida,2 - 3 months in jail,Neither support nor oppose,2,2,2,1,Republican,Democrat,vandalism
Female,African American,"100,000 or more",Some College,Republican,NA,Strong Republican,NA,19,NA,NA,NA,FALSE,TRUE,FALSE,TRUE,FALSE,TRUE,TRUE,TRUE,FALSE,FALSE,26,72,Neither agree nor disagree,Neither agree nor disagree,Strongly disagree,Yes,No,3,3,1- Very unlike me,2,3,4,4,1- Very unlike me,4,2,4,5- Very like me,2,NA,NA,NA,NA,NA,NA,NA,NA,Florida,2 - 5 years in prison,Oppose,2,2,2,1,Democrat,Republican,murder
Female,African American,"80,000 – 89,999",High School / GED,Democrat,NA,NA,Strong Democrat,22,No,No,Yes,FALSE,FALSE,TRUE,TRUE,TRUE,TRUE,TRUE,FALSE,TRUE,TRUE,27,11,Neither agree nor disagree,Somewhat disagree,Neither agree nor disagree,No,No,2,3,4,5- Very like me,1- Very unlike me,2,4,3,3,1- Very unlike me,3,4,2,Texas,Strongly oppose,Unjustified,Yes,NA,NA,NA,NA,NA,NA,NA,1,1,1,1,Republican,Democrat,NA
Female,White/Caucasian,"Less than 30,000",High School / GED,Other,Neither,NA,NA,NA,NA,NA,NA,NA,NA,NA,NA,NA,NA,NA,NA,NA,NA,,,NA,NA,NA,NA,NA,NA,NA,NA,NA,NA,NA,NA,NA,NA,NA,NA,NA,NA,NA,NA,NA,NA,NA,NA,NA,NA,NA,NA,NA,1,1,2,2,NA,NA,NA
Female,African American,"100,000 or more",Masters Degree,Democrat,NA,NA,Strong Democrat,26,No,Yes,Yes,FALSE,FALSE,TRUE,TRUE,TRUE,TRUE,FALSE,TRUE,FALSE,FALSE,85,11,Neither agree nor disagree,Neither agree nor disagree,Neither agree nor disagree,No,Yes,2,2,4,1- Very unlike me,4,3,2,2,1- Very unlike me,2,2,3,1- Very unlike me,NA,NA,NA,NA,NA,NA,NA,NA,Washington,4 - 30 days in jail,Support,2,2,2,1,Republican,Democrat,assault
Female,African American,"Less than 30,000",High School / GED,Democrat,NA,NA,Strong Democrat,58,No,No,No,FALSE,TRUE,TRUE,TRUE,TRUE,FALSE,FALSE,FALSE,FALSE,FALSE,100,0,Strongly agree,Strongly agree,Strongly agree,No,No,5 - A great deal,1- Very unlike me,1- Very unlike me,5- Very like me,5- Very like me,1- Very unlike me,5- Very like me,1- Very unlike me,1- Very unlike me,1- Very unlike me,1- Very unlike me,1- Very unlike me,1- Very unlike me,NA,NA,NA,NA,Nevada,Strongly oppose,Unjustified,Yes,NA,NA,NA,1,2,2,1,Republican,Democrat,NA
Female,African American,"30,000 – 39,999",Some College,Democrat,NA,NA,Strong Democrat,27,No,No,No,FALSE,FALSE,TRUE,FALSE,FALSE,FALSE,TRUE,TRUE,FALSE,FALSE,92,64,Somewhat agree,Strongly agree,Somewhat agree,Yes,No,4,4,4,5- Very like me,4,3,4,4,3,4,4,3,3,NA,NA,NA,NA,NA,NA,NA,NA,Texas,7 months to 1 year in jail,Support,2,2,2,1,Republican,Democrat,assault with a deadly weapon
Male,African American,"30,000 – 39,999",High School / GED,Democrat,NA,NA,Strong Democrat,19,Yes,No,Yes,TRUE,TRUE,TRUE,FALSE,TRUE,TRUE,TRUE,TRUE,FALSE,TRUE,88,88,Strongly agree,Strongly agree,Somewhat agree,Yes,Yes,4,4,4,5- Very like me,5- Very like me,4,4,4,4,5- Very like me,5- Very like me,4,4,Florida,Strongly support,Justified,Yes,NA,NA,NA,NA,NA,NA,NA,1,2,1,1,Republican,Democrat,NA
Female,White/Caucasian,"Less than 30,000",High School / GED,Republican,NA,Strong Republican,NA,33,NA,NA,NA,FALSE,TRUE,TRUE,TRUE,TRUE,TRUE,TRUE,TRUE,TRUE,FALSE,100,100,Neither agree nor disagree,Strongly disagree,Neither agree nor disagree,No,No,1 - Not at all,1- Very unlike me,1- Very unlike me,1- Very unlike me,5- Very like me,5- Very like me,5- Very like me,5- Very like me,1- Very unlike me,5- Very like me,5- Very like me,1- Very unlike me,5- Very like me,Florida,Oppose,Unjustified,Yes,NA,NA,NA,NA,NA,NA,NA,1,1,1,1,Democrat,Republican,NA
Female,African American,"Less than 30,000",Some College,Democrat,NA,NA,Strong Democrat,31,No,No,Yes,TRUE,TRUE,TRUE,TRUE,TRUE,FALSE,FALSE,FALSE,FALSE,TRUE,89,19,Neither agree nor disagree,Neither agree nor disagree,Neither agree nor disagree,No,No,5 - A great deal,4,3,3,3,5- Very like me,4,3,4,3,4,3,3,NA,NA,NA,NA,Washington,Neither support nor oppose,Unjustified,Yes,NA,NA,NA,1,1,2,1,Republican,Democrat,NA
Male,African American,"50,000 – 59,999",Masters Degree,Democrat,NA,NA,Strong Democrat,36,NA,NA,NA,TRUE,TRUE,TRUE,TRUE,TRUE,FALSE,TRUE,TRUE,FALSE,FALSE,88,68,Somewhat agree,Somewhat agree,Neither agree nor disagree,No,No,1 - Not at all,2,5- Very like me,3,3,2,3,3,1- Very unlike me,2,1- Very unlike me,2,2,NA,NA,NA,NA,NA,NA,NA,NA,Oregon,6 - 10 years in prison,Strongly oppose,2,2,2,1,Republican,Democrat,assault with a deadly weapon
Female,African American,"Less than 30,000",Some College,Democrat,NA,NA,Not a strong Democrat,20,NA,NA,NA,NA,NA,NA,NA,NA,NA,NA,NA,NA,NA,,,NA,NA,NA,NA,NA,NA,NA,NA,NA,NA,NA,NA,NA,NA,NA,NA,NA,NA,NA,NA,NA,NA,NA,NA,NA,NA,NA,NA,NA,2,1,1,2,NA,NA,NA
Female,African American,"100,000 or more",4-year College Degree,Democrat,NA,NA,Strong Democrat,26,No,Yes,Yes,FALSE,TRUE,TRUE,TRUE,TRUE,TRUE,TRUE,TRUE,TRUE,FALSE,87,0,Somewhat agree,Somewhat agree,Neither agree nor disagree,No,Yes,1 - Not at all,3,3,2,1- Very unlike me,1- Very unlike me,2,1- Very unlike me,1- Very unlike me,1- Very unlike me,1- Very unlike me,3,1- Very unlike me,NA,NA,NA,NA,NA,NA,NA,NA,Alaska,4 - 30 days in jail,Neither support nor oppose,2,1,2,1,Republican,Democrat,murder
Male,African American,"60,000 – 69,999",High School / GED,Democrat,NA,NA,Strong Democrat,20,NA,NA,NA,FALSE,TRUE,TRUE,FALSE,TRUE,FALSE,TRUE,FALSE,TRUE,TRUE,16,78,Neither agree nor disagree,Somewhat disagree,Somewhat agree,No,Yes,2,2,4,1- Very unlike me,5- Very like me,1- Very unlike me,1- Very unlike me,5- Very like me,2,2,3,4,2,NA,NA,NA,NA,Oregon,Oppose,Justified,Yes,NA,NA,NA,1,2,2,1,Republican,Democrat,NA
Female,African American,"40,000 – 49,999",Masters Degree,Democrat,NA,NA,Strong Democrat,26,Yes,No,Yes,FALSE,TRUE,TRUE,TRUE,TRUE,TRUE,TRUE,TRUE,TRUE,FALSE,88,3,Strongly agree,Strongly agree,Somewhat agree,No,No,5 - A great deal,4,2,5- Very like me,2,2,5- Very like me,5- Very like me,5- Very like me,5- Very like me,4,5- Very like me,5- Very like me,Texas,Neither support nor oppose,Justified,Yes,NA,NA,NA,NA,NA,NA,NA,1,1,1,1,Republican,Democrat,NA
Female,African American,"30,000 – 39,999",Masters Degree,Democrat,NA,NA,Strong Democrat,29,NA,NA,NA,TRUE,TRUE,TRUE,TRUE,TRUE,TRUE,TRUE,FALSE,TRUE,TRUE,82,12,Strongly agree,Strongly agree,Neither agree nor disagree,No,No,1 - Not at all,3,2,3,4,1- Very unlike me,4,3,1- Very unlike me,2,1- Very unlike me,2,2,NA,NA,NA,NA,Washington,Neither support nor oppose,Unjustified,Yes,NA,NA,NA,1,1,2,1,Republican,Democrat,NA
Male,African American,"Less than 30,000",High School / GED,Democrat,NA,NA,Strong Democrat,23,NA,NA,NA,TRUE,TRUE,TRUE,TRUE,TRUE,TRUE,TRUE,TRUE,TRUE,TRUE,52,52,Strongly agree,Strongly agree,Strongly agree,Yes,Yes,2,1- Very unlike me,3,2,2,2,2,2,2,2,2,2,2,Florida,Support,Justified,Yes,NA,NA,NA,NA,NA,NA,NA,1,1,1,1,Republican,Democrat,NA
Female,African American,"30,000 – 39,999",Some College,Democrat,NA,NA,Strong Democrat,77,NA,NA,NA,NA,NA,NA,NA,NA,NA,NA,NA,NA,NA,,,NA,NA,NA,NA,NA,NA,NA,NA,NA,NA,NA,NA,NA,NA,NA,NA,NA,NA,NA,NA,NA,NA,NA,NA,NA,NA,NA,NA,NA,2,1,2,2,NA,NA,NA
Female,African American,"Less than 30,000",High School / GED,Democrat,NA,NA,Strong Democrat,31,NA,NA,NA,NA,NA,NA,NA,NA,NA,NA,NA,NA,NA,,,NA,NA,NA,NA,NA,NA,NA,NA,NA,NA,NA,NA,NA,NA,NA,NA,NA,NA,NA,NA,NA,NA,NA,NA,NA,NA,NA,NA,NA,2,1,1,2,NA,NA,NA
Female,African American,"Less than 30,000",2-year College Degree,Democrat,NA,NA,Not a strong Democrat,22,Yes,No,Yes,TRUE,TRUE,TRUE,TRUE,TRUE,FALSE,TRUE,TRUE,FALSE,TRUE,75,18,Strongly agree,Neither agree nor disagree,Strongly agree,No,Yes,2,4,2,2,4,2,2,4,2,4,2,2,2,NA,NA,NA,NA,NA,NA,NA,NA,Oregon,4 - 30 days in jail,Support,2,1,2,1,Republican,Democrat,assault
Female,African American,"Less than 30,000",Some College,Democrat,NA,NA,Not a strong Democrat,36,No,No,No,TRUE,TRUE,TRUE,TRUE,TRUE,TRUE,TRUE,FALSE,TRUE,TRUE,68,31,Neither agree nor disagree,Neither agree nor disagree,Neither agree nor disagree,No,No,1 - Not at all,1- Very unlike me,3,1- Very unlike me,3,1- Very unlike me,3,1- Very unlike me,1- Very unlike me,1- Very unlike me,1- Very unlike me,2,3,NA,NA,NA,NA,Washington,Strongly oppose,Justified,Yes,NA,NA,NA,1,2,2,1,Republican,Democrat,NA
Male,African American,"Less than 30,000",High School / GED,Democrat,NA,NA,Strong Democrat,39,No,No,Yes,TRUE,TRUE,TRUE,TRUE,TRUE,FALSE,FALSE,FALSE,FALSE,FALSE,89,80,Somewhat disagree,Somewhat disagree,Somewhat disagree,No,No,1 - Not at all,2,2,3,2,2,3,4,2,2,2,3,2,NA,NA,NA,NA,Oregon,Oppose,Unjustified,Yes,NA,NA,NA,1,2,2,1,Republican,Democrat,NA
Male,African American,"100,000 or more",Masters Degree,Democrat,NA,NA,Strong Democrat,54,No,No,Yes,FALSE,TRUE,TRUE,TRUE,TRUE,FALSE,TRUE,TRUE,FALSE,FALSE,82,0,Strongly agree,Strongly disagree,Strongly disagree,No,No,1 - Not at all,3,1- Very unlike me,3,4,1- Very unlike me,1- Very unlike me,1- Very unlike me,1- Very unlike me,2,1- Very unlike me,1- Very unlike me,1- Very unlike me,NA,NA,NA,NA,NA,NA,NA,NA,Alaska,7 months to 1 year in jail,Strongly oppose,2,1,2,1,Republican,Democrat,assault
Male,African American,"60,000 – 69,999",Masters Degree,Democrat,NA,NA,Strong Democrat,49,NA,NA,NA,TRUE,TRUE,TRUE,TRUE,TRUE,FALSE,FALSE,TRUE,FALSE,FALSE,90,20,Strongly agree,Strongly disagree,Strongly disagree,No,No,1 - Not at all,1- Very unlike me,5- Very like me,4,1- Very unlike me,1- Very unlike me,3,1- Very unlike me,1- Very unlike me,1- Very unlike me,1- Very unlike me,1- Very unlike me,1- Very unlike me,NA,NA,NA,NA,NA,NA,NA,NA,Florida,11 - 15 years in prison,Strongly oppose,2,1,1,1,Republican,Democrat,assault with a deadly weapon
Female,African American,"30,000 – 39,999",Masters Degree,Democrat,NA,NA,Not a strong Democrat,43,No,No,Yes,FALSE,FALSE,TRUE,TRUE,FALSE,FALSE,FALSE,FALSE,FALSE,FALSE,81,48,Strongly disagree,Strongly disagree,Strongly disagree,No,No,1 - Not at all,1- Very unlike me,2,3,1- Very unlike me,1- Very unlike me,3,1- Very unlike me,2,2,2,2,1- Very unlike me,NA,NA,NA,NA,NA,NA,NA,NA,Alaska,7 months to 1 year in jail,Neither support nor oppose,2,1,2,1,Republican,Democrat,arson
Female,African American,"40,000 – 49,999",2-year College Degree,Democrat,NA,NA,Not a strong Democrat,65,NA,NA,NA,NA,NA,NA,NA,NA,NA,NA,NA,NA,NA,,,NA,NA,NA,NA,NA,NA,NA,NA,NA,NA,NA,NA,NA,NA,NA,NA,NA,NA,NA,NA,NA,NA,NA,NA,NA,NA,NA,NA,NA,1,2,1,2,NA,NA,NA
Male,Other,"70,000 – 79,999",4-year College Degree,Democrat,NA,NA,Not a strong Democrat,35,NA,NA,NA,FALSE,TRUE,FALSE,TRUE,TRUE,TRUE,FALSE,TRUE,FALSE,FALSE,60,14,Strongly agree,Somewhat agree,Neither agree nor disagree,No,No,3,2,2,2,1- Very unlike me,1- Very unlike me,2,2,1- Very unlike me,1- Very unlike me,1- Very unlike me,1- Very unlike me,1- Very unlike me,NA,NA,NA,NA,California,Oppose,Unjustified,Yes,NA,NA,NA,1,1,2,1,Republican,Democrat,NA
Female,African American,"Less than 30,000",Some College,Democrat,NA,NA,Strong Democrat,36,No,No,Yes,TRUE,TRUE,TRUE,TRUE,TRUE,TRUE,TRUE,FALSE,FALSE,FALSE,78,24,Strongly agree,Somewhat agree,Neither agree nor disagree,No,No,1 - Not at all,4,2,5- Very like me,3,2,5- Very like me,1- Very unlike me,1- Very unlike me,1- Very unlike me,1- Very unlike me,1- Very unlike me,4,NA,NA,NA,NA,NA,NA,NA,NA,Alaska,4 - 30 days in jail,Oppose,2,1,2,1,Republican,Democrat,arson
Female,White/Caucasian,"80,000 – 89,999","Professional Degree (JD, MD)",NA,NA,NA,NA,NA,NA,NA,NA,NA,NA,NA,NA,NA,NA,NA,NA,NA,NA,,,NA,NA,NA,NA,NA,NA,NA,NA,NA,NA,NA,NA,NA,NA,NA,NA,NA,NA,NA,NA,NA,NA,NA,NA,NA,NA,NA,NA,NA,1,2,2,,NA,NA,NA
Female,Pacific Islander,"Less than 30,000",Less than High School,Other,Neither,NA,NA,NA,NA,NA,NA,NA,NA,NA,NA,NA,NA,NA,NA,NA,NA,,,NA,NA,NA,NA,NA,NA,NA,NA,NA,NA,NA,NA,NA,NA,NA,NA,NA,NA,NA,NA,NA,NA,NA,NA,NA,NA,NA,NA,NA,2,1,1,2,NA,NA,NA
Male,African American,"40,000 – 49,999",4-year College Degree,Democrat,NA,NA,Strong Democrat,75,No,No,No,TRUE,TRUE,TRUE,TRUE,TRUE,FALSE,TRUE,FALSE,TRUE,TRUE,82,32,Neither agree nor disagree,Neither agree nor disagree,Neither agree nor disagree,No,No,1 - Not at all,4,3,3,2,3,3,2,1- Very unlike me,2,1- Very unlike me,1- Very unlike me,1- Very unlike me,Florida,Strongly oppose,Unjustified,Yes,NA,NA,NA,NA,NA,NA,NA,1,1,1,1,Republican,Democrat,NA
Male,African American,"40,000 – 49,999",Some College,Democrat,NA,NA,Not a strong Democrat,59,No,No,Yes,FALSE,FALSE,TRUE,FALSE,TRUE,TRUE,FALSE,TRUE,FALSE,FALSE,58,43,Somewhat agree,Somewhat disagree,Somewhat disagree,No,No,2,4,4,2,4,3,2,1- Very unlike me,1- Very unlike me,3,1- Very unlike me,2,1- Very unlike me,NA,NA,NA,NA,Oregon,Oppose,Unjustified,Yes,NA,NA,NA,1,1,2,1,Republican,Democrat,NA
Female,African American,"70,000 – 79,999",2-year College Degree,Democrat,NA,NA,Strong Democrat,20,No,No,Yes,FALSE,TRUE,FALSE,TRUE,TRUE,TRUE,TRUE,TRUE,TRUE,TRUE,90,20,Somewhat disagree,Somewhat disagree,Somewhat disagree,No,Yes,1 - Not at all,3,4,5- Very like me,4,2,3,4,1- Very unlike me,5- Very like me,3,2,5- Very like me,NA,NA,NA,NA,NA,NA,NA,NA,California,11 - 15 years in prison,Oppose,2,1,1,1,Republican,Democrat,arson
Female,African American,"100,000 or more",Masters Degree,Other,Neither,NA,NA,NA,NA,NA,NA,NA,NA,NA,NA,NA,NA,NA,NA,NA,NA,,,NA,NA,NA,NA,NA,NA,NA,NA,NA,NA,NA,NA,NA,NA,NA,NA,NA,NA,NA,NA,NA,NA,NA,NA,NA,NA,NA,NA,NA,2,1,2,2,NA,NA,NA
Male,African American,"Less than 30,000",High School / GED,Democrat,NA,NA,Strong Democrat,51,No,No,Yes,FALSE,TRUE,TRUE,TRUE,TRUE,FALSE,FALSE,TRUE,TRUE,TRUE,100,0,Neither agree nor disagree,Somewhat agree,Somewhat disagree,No,No,1 - Not at all,4,4,3,5- Very like me,3,3,1- Very unlike me,3,2,3,2,3,Florida,Strongly oppose,Unjustified,Yes,NA,NA,NA,NA,NA,NA,NA,1,2,1,1,Republican,Democrat,NA
Male,African American,"Less than 30,000",Less than High School,Democrat,NA,NA,Strong Democrat,38,No,No,No,FALSE,TRUE,TRUE,TRUE,TRUE,FALSE,FALSE,TRUE,FALSE,FALSE,55,36,Somewhat disagree,Strongly disagree,Strongly disagree,No,No,1 - Not at all,1- Very unlike me,2,1- Very unlike me,1- Very unlike me,1- Very unlike me,2,1- Very unlike me,1- Very unlike me,1- Very unlike me,1- Very unlike me,1- Very unlike me,1- Very unlike me,Kentucky,Neither support nor oppose,Justified,Yes,NA,NA,NA,NA,NA,NA,NA,1,1,1,1,Republican,Democrat,NA
Male,Other,"Less than 30,000",High School / GED,Democrat,NA,NA,Not a strong Democrat,30,NA,NA,NA,NA,NA,NA,NA,NA,NA,NA,NA,NA,NA,,,NA,NA,NA,NA,NA,NA,NA,NA,NA,NA,NA,NA,NA,NA,NA,NA,NA,NA,NA,NA,NA,NA,NA,NA,NA,NA,NA,NA,NA,2,1,2,2,NA,NA,NA
Male,African American,"100,000 or more",Some College,Democrat,NA,NA,Strong Democrat,20,No,No,Yes,FALSE,FALSE,FALSE,TRUE,TRUE,TRUE,TRUE,TRUE,FALSE,TRUE,98,83,Neither agree nor disagree,Neither agree nor disagree,Neither agree nor disagree,No,No,1 - Not at all,1- Very unlike me,4,1- Very unlike me,5- Very like me,4,2,1- Very unlike me,1- Very unlike me,4,1- Very unlike me,5- Very like me,5- Very like me,NA,NA,NA,NA,NA,NA,NA,NA,Oregon,1 - 3 days in jail,Strongly support,2,2,1,1,Republican,Democrat,protesting without a permit
Female,African American,"40,000 – 49,999",Less than High School,Democrat,NA,NA,Not a strong Democrat,57,NA,NA,NA,FALSE,TRUE,TRUE,TRUE,TRUE,TRUE,FALSE,FALSE,FALSE,FALSE,80,62,Neither agree nor disagree,Somewhat agree,Neither agree nor disagree,No,No,1 - Not at all,2,3,1- Very unlike me,2,2,1- Very unlike me,2,2,2,2,2,1- Very unlike me,NA,NA,NA,NA,NA,NA,NA,NA,Oregon,2 - 5 years in prison,Oppose,2,2,2,1,Republican,Democrat,assault with a deadly weapon
Male,African American,"40,000 – 49,999",Doctoral Degree,Democrat,NA,NA,Strong Democrat,69,NA,NA,NA,FALSE,TRUE,TRUE,TRUE,TRUE,FALSE,FALSE,TRUE,FALSE,FALSE,100,0,Strongly disagree,Strongly agree,Strongly agree,No,No,1 - Not at all,1- Very unlike me,3,1- Very unlike me,1- Very unlike me,1- Very unlike me,1- Very unlike me,1- Very unlike me,1- Very unlike me,1- Very unlike me,1- Very unlike me,1- Very unlike me,1- Very unlike me,NA,NA,NA,NA,NA,NA,NA,NA,Alaska,7 months to 1 year in jail,Oppose,2,1,1,1,Republican,Democrat,assault with a deadly weapon
Male,African American,"100,000 or more",High School / GED,Democrat,NA,NA,Not a strong Democrat,18,No,No,No,FALSE,FALSE,TRUE,FALSE,FALSE,FALSE,FALSE,FALSE,FALSE,FALSE,52,48,Neither agree nor disagree,Neither agree nor disagree,Neither agree nor disagree,No,No,1 - Not at all,1- Very unlike me,1- Very unlike me,1- Very unlike me,1- Very unlike me,1- Very unlike me,1- Very unlike me,1- Very unlike me,1- Very unlike me,1- Very unlike me,1- Very unlike me,1- Very unlike me,1- Very unlike me,NA,NA,NA,NA,NA,NA,NA,NA,Oregon,Community service,Neither support nor oppose,2,1,1,1,Republican,Democrat,assault
Female,Other,"70,000 – 79,999",Some College,Democrat,NA,NA,Not a strong Democrat,50,NA,NA,NA,NA,NA,NA,NA,NA,NA,NA,NA,NA,NA,,,NA,NA,NA,NA,NA,NA,NA,NA,NA,NA,NA,NA,NA,NA,NA,NA,NA,NA,NA,NA,NA,NA,NA,NA,NA,NA,NA,NA,NA,1,1,1,,NA,NA,NA
Female,African American,"Less than 30,000",High School / GED,Other,Republican Party,NA,NA,25,NA,NA,NA,NA,NA,NA,NA,NA,NA,NA,NA,NA,NA,,,NA,NA,NA,NA,NA,NA,NA,NA,NA,NA,NA,NA,NA,NA,NA,NA,NA,NA,NA,NA,NA,NA,NA,NA,NA,NA,NA,NA,NA,1,1,2,2,NA,NA,NA
Male,African American,"Less than 30,000",High School / GED,Democrat,NA,NA,Not a strong Democrat,19,NA,NA,NA,NA,NA,NA,NA,NA,NA,NA,NA,NA,NA,,,NA,NA,NA,NA,NA,NA,NA,NA,NA,NA,NA,NA,NA,NA,NA,NA,NA,NA,NA,NA,NA,NA,NA,NA,NA,NA,NA,NA,NA,2,1,1,2,NA,NA,NA
Male,African American,"50,000 – 59,999",Masters Degree,NA,NA,NA,NA,NA,NA,NA,NA,NA,NA,NA,NA,NA,NA,NA,NA,NA,NA,,,NA,NA,NA,NA,NA,NA,NA,NA,NA,NA,NA,NA,NA,NA,NA,NA,NA,NA,NA,NA,NA,NA,NA,NA,NA,NA,NA,NA,NA,1,1,1,,NA,NA,NA
Male,African American,"30,000 – 39,999",Some College,Democrat,NA,NA,Strong Democrat,65,No,No,Yes,TRUE,TRUE,TRUE,FALSE,TRUE,FALSE,FALSE,TRUE,TRUE,TRUE,100,30,Somewhat agree,Strongly disagree,Neither agree nor disagree,No,No,1 - Not at all,5- Very like me,5- Very like me,5- Very like me,4,2,1- Very unlike me,1- Very unlike me,1- Very unlike me,1- Very unlike me,1- Very unlike me,1- Very unlike me,1- Very unlike me,NA,NA,NA,NA,NA,NA,NA,NA,Oregon,Community service,Neither support nor oppose,2,2,2,1,Republican,Democrat,vandalism
Female,African American,"60,000 – 69,999",High School / GED,Democrat,NA,NA,Strong Democrat,68,No,No,Yes,TRUE,TRUE,TRUE,TRUE,TRUE,TRUE,FALSE,FALSE,TRUE,TRUE,100,51,Strongly disagree,Strongly disagree,Neither agree nor disagree,No,No,1 - Not at all,3,3,3,3,1- Very unlike me,3,1- Very unlike me,1- Very unlike me,1- Very unlike me,1- Very unlike me,3,1- Very unlike me,NA,NA,NA,NA,NA,NA,NA,NA,Oregon,Community service,Support,2,2,1,1,Republican,Democrat,vandalism
Female,African American,"Less than 30,000",4-year College Degree,Democrat,NA,NA,Strong Democrat,47,NA,NA,NA,TRUE,TRUE,FALSE,FALSE,TRUE,TRUE,TRUE,TRUE,FALSE,TRUE,79,80,Somewhat agree,Somewhat agree,Somewhat agree,Yes,Yes,4,4,4,4,4,4,4,4,4,4,4,4,4,NA,NA,NA,NA,Washington,Support,Justified,Yes,NA,NA,NA,1,1,2,1,Republican,Democrat,NA
Male,African American,"Less than 30,000",High School / GED,Democrat,NA,NA,Strong Democrat,47,NA,NA,NA,TRUE,FALSE,TRUE,FALSE,FALSE,FALSE,FALSE,FALSE,FALSE,FALSE,100,0,Neither agree nor disagree,Neither agree nor disagree,Neither agree nor disagree,No,No,1 - Not at all,1- Very unlike me,1- Very unlike me,1- Very unlike me,1- Very unlike me,1- Very unlike me,1- Very unlike me,1- Very unlike me,1- Very unlike me,1- Very unlike me,1- Very unlike me,1- Very unlike me,1- Very unlike me,NA,NA,NA,NA,NA,NA,NA,NA,Alaska,More than 20 years in prison,Strongly oppose,2,2,2,1,Republican,Democrat,assault with a deadly weapon
Female,African American,"Less than 30,000",Masters Degree,Democrat,NA,NA,Strong Democrat,65,No,Yes,Yes,FALSE,TRUE,TRUE,TRUE,TRUE,FALSE,FALSE,FALSE,FALSE,FALSE,100,30,Strongly disagree,Somewhat disagree,Somewhat disagree,No,No,1 - Not at all,2,1- Very unlike me,1- Very unlike me,1- Very unlike me,1- Very unlike me,1- Very unlike me,1- Very unlike me,1- Very unlike me,1- Very unlike me,1- Very unlike me,1- Very unlike me,1- Very unlike me,Florida,Strongly oppose,Unjustified,Yes,NA,NA,NA,NA,NA,NA,NA,1,1,1,1,Republican,Democrat,NA
Male,African American,"40,000 – 49,999",Some College,Democrat,NA,NA,Strong Democrat,18,NA,NA,NA,NA,NA,NA,NA,NA,NA,NA,NA,NA,NA,,,NA,NA,NA,NA,NA,NA,NA,NA,NA,NA,NA,NA,NA,NA,NA,NA,NA,NA,NA,NA,NA,NA,NA,NA,NA,NA,NA,NA,NA,2,2,2,2,NA,NA,NA
Female,African American,"30,000 – 39,999",High School / GED,Democrat,NA,NA,Strong Democrat,69,NA,NA,NA,TRUE,TRUE,TRUE,TRUE,TRUE,FALSE,FALSE,FALSE,FALSE,TRUE,51,51,Strongly disagree,Neither agree nor disagree,Neither agree nor disagree,No,No,3,1- Very unlike me,3,1- Very unlike me,1- Very unlike me,1- Very unlike me,1- Very unlike me,1- Very unlike me,1- Very unlike me,1- Very unlike me,1- Very unlike me,1- Very unlike me,1- Very unlike me,NA,NA,NA,NA,NA,NA,NA,NA,California,Community service,Neither support nor oppose,2,1,1,1,Republican,Democrat,vandalism
Male,African American,"70,000 – 79,999",Some College,Democrat,NA,NA,Strong Democrat,19,No,No,Yes,FALSE,FALSE,TRUE,FALSE,FALSE,FALSE,FALSE,TRUE,FALSE,FALSE,100,2,Strongly disagree,Neither agree nor disagree,Neither agree nor disagree,No,No,3,3,3,3,4,2,3,1- Very unlike me,1- Very unlike me,1- Very unlike me,3,3,3,Texas,Neither support nor oppose,Unjustified,Yes,NA,NA,NA,NA,NA,NA,NA,1,2,1,1,Republican,Democrat,NA
Male,African American,"30,000 – 39,999",High School / GED,Democrat,NA,NA,Strong Democrat,29,NA,NA,NA,TRUE,TRUE,TRUE,TRUE,TRUE,TRUE,FALSE,FALSE,TRUE,TRUE,100,100,Strongly agree,Strongly agree,Strongly agree,Yes,Yes,5 - A great deal,5- Very like me,5- Very like me,5- Very like me,5- Very like me,5- Very like me,5- Very like me,5- Very like me,5- Very like me,4,5- Very like me,5- Very like me,5- Very like me,NA,NA,NA,NA,NA,NA,NA,NA,Washington,Community service,Support,2,2,1,1,Republican,Democrat,assault with a deadly weapon
Female,African American,"100,000 or more",4-year College Degree,Democrat,NA,NA,Strong Democrat,56,No,No,Yes,TRUE,TRUE,TRUE,FALSE,TRUE,FALSE,FALSE,TRUE,FALSE,FALSE,100,0,Strongly agree,Strongly agree,Neither agree nor disagree,No,No,1 - Not at all,1- Very unlike me,2,1- Very unlike me,1- Very unlike me,2,3,1- Very unlike me,1- Very unlike me,1- Very unlike me,2,1- Very unlike me,1- Very unlike me,Georgia,Support,Unjustified,Yes,NA,NA,NA,NA,NA,NA,NA,1,2,1,1,Republican,Democrat,NA
Male,African American,"30,000 – 39,999",4-year College Degree,Democrat,NA,NA,Strong Democrat,18,NA,NA,NA,TRUE,FALSE,TRUE,TRUE,FALSE,FALSE,TRUE,TRUE,TRUE,TRUE,59,61,Somewhat agree,Neither agree nor disagree,Strongly agree,Yes,No,2,3,3,4,2,1- Very unlike me,3,4,3,1- Very unlike me,3,2,4,NA,NA,NA,NA,California,Support,Justified,Yes,NA,NA,NA,1,1,2,1,Republican,Democrat,NA
Male,African American,"30,000 – 39,999",High School / GED,Democrat,NA,NA,Not a strong Democrat,53,NA,NA,NA,TRUE,TRUE,FALSE,TRUE,TRUE,TRUE,TRUE,TRUE,TRUE,TRUE,52,52,Somewhat agree,Strongly agree,Strongly agree,No,Yes,1 - Not at all,4,4,2,2,3,4,5- Very like me,2,3,3,4,4,NA,NA,NA,NA,NA,NA,NA,NA,Texas,Community service,Support,2,1,2,1,Republican,Democrat,vandalism
Female,African American,"Less than 30,000",2-year College Degree,Democrat,NA,NA,Strong Democrat,54,NA,NA,NA,FALSE,TRUE,FALSE,TRUE,FALSE,FALSE,FALSE,FALSE,TRUE,FALSE,65,66,Somewhat agree,Somewhat agree,Somewhat disagree,No,No,1 - Not at all,5- Very like me,5- Very like me,5- Very like me,1- Very unlike me,3,5- Very like me,1- Very unlike me,4,2,4,5- Very like me,4,NA,NA,NA,NA,Washington,Neither support nor oppose,Unjustified,Yes,NA,NA,NA,1,1,2,1,Republican,Democrat,NA
Male,African American,"40,000 – 49,999",2-year College Degree,Democrat,NA,NA,Strong Democrat,59,NA,NA,NA,TRUE,TRUE,TRUE,TRUE,FALSE,TRUE,TRUE,FALSE,FALSE,TRUE,71,32,Strongly agree,Neither agree nor disagree,Strongly agree,No,No,1 - Not at all,1- Very unlike me,1- Very unlike me,1- Very unlike me,1- Very unlike me,1- Very unlike me,1- Very unlike me,1- Very unlike me,1- Very unlike me,1- Very unlike me,1- Very unlike me,1- Very unlike me,1- Very unlike me,NA,NA,NA,NA,NA,NA,NA,NA,California,1 - 3 days in jail,Neither support nor oppose,2,2,1,1,Republican,Democrat,protesting without a permit
Male,African American,"Less than 30,000",High School / GED,Democrat,NA,NA,Strong Democrat,35,No,No,Yes,TRUE,TRUE,TRUE,FALSE,TRUE,TRUE,FALSE,TRUE,TRUE,FALSE,85,6,Strongly disagree,Strongly disagree,Neither agree nor disagree,No,No,1 - Not at all,2,3,3,2,2,3,3,3,3,3,2,2,NA,NA,NA,NA,NA,NA,NA,NA,California,More than 20 years in prison,Strongly oppose,2,2,2,1,Republican,Democrat,murder
Female,African American,"30,000 – 39,999",Some College,Democrat,NA,NA,Strong Democrat,28,NA,NA,NA,FALSE,TRUE,FALSE,TRUE,FALSE,TRUE,TRUE,TRUE,TRUE,TRUE,0,0,Somewhat agree,Somewhat disagree,Strongly agree,No,No,3,3,4,2,5- Very like me,3,2,4,1- Very unlike me,4,3,2,5- Very like me,Georgia,Support,Unjustified,Yes,NA,NA,NA,NA,NA,NA,NA,1,1,1,1,Republican,Democrat,NA
Female,African American,"100,000 or more",Doctoral Degree,Republican,NA,Strong Republican,NA,26,NA,NA,NA,TRUE,TRUE,TRUE,TRUE,TRUE,TRUE,TRUE,TRUE,TRUE,TRUE,100,100,Strongly agree,Strongly agree,Strongly agree,Yes,Yes,5 - A great deal,5- Very like me,5- Very like me,5- Very like me,5- Very like me,5- Very like me,5- Very like me,5- Very like me,5- Very like me,5- Very like me,5- Very like me,5- Very like me,5- Very like me,NA,NA,NA,NA,NA,NA,NA,NA,Texas,16 - 20 years in prison,Strongly support,2,2,1,4,Democrat,Republican,murder
Female,African American,"40,000 – 49,999",2-year College Degree,Democrat,NA,NA,Strong Democrat,64,Yes,No,Yes,FALSE,FALSE,FALSE,TRUE,TRUE,TRUE,FALSE,FALSE,FALSE,TRUE,62,75,Strongly disagree,Somewhat agree,Strongly agree,No,Yes,1 - Not at all,4,2,3,2,1- Very unlike me,2,1- Very unlike me,2,2,2,2,2,NA,NA,NA,NA,NA,NA,NA,NA,Florida,11 - 15 years in prison,Oppose,2,1,1,1,Republican,Democrat,murder
Male,African American,"Less than 30,000",2-year College Degree,Democrat,NA,NA,Not a strong Democrat,21,No,No,No,TRUE,TRUE,TRUE,TRUE,TRUE,FALSE,TRUE,TRUE,TRUE,FALSE,50,50,Neither agree nor disagree,Neither agree nor disagree,Neither agree nor disagree,Yes,Yes,1 - Not at all,1- Very unlike me,1- Very unlike me,1- Very unlike me,1- Very unlike me,1- Very unlike me,1- Very unlike me,1- Very unlike me,1- Very unlike me,1- Very unlike me,1- Very unlike me,2,1- Very unlike me,NA,NA,NA,NA,NA,NA,NA,NA,Oregon,2 - 5 years in prison,Oppose,2,2,1,1,Republican,Democrat,murder
Female,African American,"Less than 30,000",High School / GED,Other,Neither,NA,NA,NA,NA,NA,NA,NA,NA,NA,NA,NA,NA,NA,NA,NA,NA,,,NA,NA,NA,NA,NA,NA,NA,NA,NA,NA,NA,NA,NA,NA,NA,NA,NA,NA,NA,NA,NA,NA,NA,NA,NA,NA,NA,NA,NA,2,1,2,2,NA,NA,NA
Female,Other,"30,000 – 39,999",High School / GED,Democrat,NA,NA,Strong Democrat,Under 18,NA,NA,NA,NA,NA,NA,NA,NA,NA,NA,NA,NA,NA,,,NA,NA,NA,NA,NA,NA,NA,NA,NA,NA,NA,NA,NA,NA,NA,NA,NA,NA,NA,NA,NA,NA,NA,NA,NA,NA,NA,NA,NA,1,2,2,2,NA,NA,NA
Female,African American,"30,000 – 39,999",4-year College Degree,Democrat,NA,NA,Strong Democrat,64,NA,NA,NA,TRUE,TRUE,TRUE,TRUE,TRUE,FALSE,TRUE,TRUE,TRUE,TRUE,91,63,Neither agree nor disagree,Neither agree nor disagree,Somewhat agree,No,No,1 - Not at all,3,2,3,2,2,2,1- Very unlike me,1- Very unlike me,2,1- Very unlike me,1- Very unlike me,1- Very unlike me,Florida,Oppose,Unjustified,Yes,NA,NA,NA,NA,NA,NA,NA,1,1,1,1,Republican,Democrat,NA
Male,African American,"70,000 – 79,999",Some College,Democrat,NA,NA,Strong Democrat,54,No,Yes,Yes,TRUE,TRUE,TRUE,TRUE,TRUE,TRUE,FALSE,TRUE,TRUE,FALSE,91,92,Somewhat agree,Neither agree nor disagree,Somewhat disagree,No,No,1 - Not at all,1- Very unlike me,2,4,2,2,4,3,1- Very unlike me,2,2,4,2,NA,NA,NA,NA,NA,NA,NA,NA,Florida,2 - 5 years in prison,Oppose,2,1,1,1,Republican,Democrat,murder
Female,African American,"40,000 – 49,999",High School / GED,Republican,NA,Strong Republican,NA,20,No,No,No,FALSE,FALSE,TRUE,FALSE,FALSE,TRUE,FALSE,FALSE,TRUE,FALSE,67,75,Somewhat disagree,Strongly disagree,Somewhat disagree,No,No,4,1- Very unlike me,3,2,4,1- Very unlike me,3,2,2,1- Very unlike me,1- Very unlike me,3,2,NA,NA,NA,NA,NA,NA,NA,NA,Alaska,4 - 30 days in jail,Support,2,1,1,1,Democrat,Republican,protesting without a permit
Female,African American,"Less than 30,000",Some College,Democrat,NA,NA,Strong Democrat,60,No,No,No,FALSE,TRUE,TRUE,TRUE,TRUE,FALSE,TRUE,FALSE,FALSE,FALSE,83,0,Neither agree nor disagree,Neither agree nor disagree,Neither agree nor disagree,No,No,1 - Not at all,3,4,3,1- Very unlike me,1- Very unlike me,3,1- Very unlike me,1- Very unlike me,3,3,3,2,NA,NA,NA,NA,Oregon,Strongly oppose,Unjustified,Yes,NA,NA,NA,1,1,2,1,Republican,Democrat,NA
Male,African American,"30,000 – 39,999",Masters Degree,Democrat,NA,NA,Strong Democrat,40,NA,NA,NA,FALSE,FALSE,TRUE,TRUE,TRUE,FALSE,FALSE,TRUE,FALSE,FALSE,93,8,Strongly disagree,Neither agree nor disagree,Neither agree nor disagree,No,No,5 - A great deal,2,2,4,2,2,3,1- Very unlike me,1- Very unlike me,2,1- Very unlike me,1- Very unlike me,1- Very unlike me,NA,NA,NA,NA,Oregon,Strongly support,Unjustified,Yes,NA,NA,NA,1,2,2,1,Republican,Democrat,NA
Male,African American,"50,000 – 59,999",High School / GED,Democrat,NA,NA,Strong Democrat,50,NA,NA,NA,TRUE,TRUE,TRUE,TRUE,TRUE,FALSE,FALSE,TRUE,FALSE,FALSE,100,51,Strongly disagree,Strongly disagree,Strongly disagree,No,No,1 - Not at all,3,1- Very unlike me,1- Very unlike me,1- Very unlike me,1- Very unlike me,1- Very unlike me,1- Very unlike me,1- Very unlike me,1- Very unlike me,1- Very unlike me,1- Very unlike me,1- Very unlike me,NA,NA,NA,NA,Oregon,Strongly oppose,Unjustified,Yes,NA,NA,NA,1,2,2,1,Republican,Democrat,NA
Female,African American,"50,000 – 59,999",Some College,Democrat,NA,NA,Strong Democrat,63,No,No,No,TRUE,TRUE,TRUE,TRUE,TRUE,FALSE,FALSE,FALSE,FALSE,FALSE,100,21,Strongly agree,Somewhat agree,Strongly agree,No,No,1 - Not at all,1- Very unlike me,3,2,1- Very unlike me,1- Very unlike me,3,1- Very unlike me,1- Very unlike me,1- Very unlike me,1- Very unlike me,1- Very unlike me,1- Very unlike me,NA,NA,NA,NA,NA,NA,NA,NA,Oregon,Community service,Strongly support,2,2,1,1,Republican,Democrat,assault
Female,African American,"Less than 30,000",Some College,Democrat,NA,NA,Strong Democrat,23,NA,NA,NA,FALSE,TRUE,TRUE,TRUE,TRUE,FALSE,FALSE,FALSE,FALSE,FALSE,89,0,Somewhat agree,Strongly agree,Neither agree nor disagree,No,No,4,1- Very unlike me,3,1- Very unlike me,5- Very like me,2,3,1- Very unlike me,2,3,2,3,4,NA,NA,NA,NA,Washington,Strongly oppose,Unjustified,Yes,NA,NA,NA,1,1,2,1,Republican,Democrat,NA
Female,African American,"Less than 30,000",High School / GED,NA,NA,NA,NA,NA,NA,NA,NA,NA,NA,NA,NA,NA,NA,NA,NA,NA,NA,,,NA,NA,NA,NA,NA,NA,NA,NA,NA,NA,NA,NA,NA,NA,NA,NA,NA,NA,NA,NA,NA,NA,NA,NA,NA,NA,NA,NA,NA,2,2,1,,NA,NA,NA
Female,African American,"90,000 – 99,999",Masters Degree,Democrat,NA,NA,Strong Democrat,44,NA,NA,NA,FALSE,TRUE,TRUE,TRUE,TRUE,FALSE,FALSE,TRUE,TRUE,TRUE,82,8,Neither agree nor disagree,Somewhat agree,Neither agree nor disagree,No,No,1 - Not at all,1- Very unlike me,1- Very unlike me,1- Very unlike me,3,2,1- Very unlike me,1- Very unlike me,1- Very unlike me,1- Very unlike me,1- Very unlike me,1- Very unlike me,1- Very unlike me,Georgia,Strongly oppose,Unjustified,Yes,NA,NA,NA,NA,NA,NA,NA,1,1,1,1,Republican,Democrat,NA
Male,African American,"90,000 – 99,999",Masters Degree,Republican,NA,Strong Republican,NA,35,Yes,Yes,Yes,TRUE,TRUE,TRUE,TRUE,TRUE,TRUE,FALSE,FALSE,FALSE,FALSE,59,95,Somewhat disagree,Somewhat disagree,Somewhat disagree,No,No,1 - Not at all,1- Very unlike me,1- Very unlike me,5- Very like me,1- Very unlike me,1- Very unlike me,2,1- Very unlike me,1- Very unlike me,1- Very unlike me,1- Very unlike me,1- Very unlike me,1- Very unlike me,NA,NA,NA,NA,NA,NA,NA,NA,Oregon,2 - 5 years in prison,Strongly oppose,2,1,2,1,Democrat,Republican,vandalism
Female,African American,"Less than 30,000",High School / GED,Democrat,NA,NA,Strong Democrat,18,No,No,No,FALSE,TRUE,FALSE,FALSE,FALSE,TRUE,TRUE,FALSE,FALSE,TRUE,43,56,Neither agree nor disagree,Neither agree nor disagree,Strongly disagree,No,No,3,3,2,2,2,1- Very unlike me,3,2,3,3,2,1- Very unlike me,2,NA,NA,NA,NA,NA,NA,NA,NA,Florida,1 - 3 days in jail,Neither support nor oppose,2,1,1,1,Republican,Democrat,assault
Male,African American,"40,000 – 49,999",Masters Degree,Democrat,NA,NA,Not a strong Democrat,58,NA,NA,NA,NA,NA,NA,NA,NA,NA,NA,NA,NA,NA,,,NA,NA,NA,NA,NA,NA,NA,NA,NA,NA,NA,NA,NA,NA,NA,NA,NA,NA,NA,NA,NA,NA,NA,NA,NA,NA,NA,NA,NA,1,2,1,2,NA,NA,NA
Female,African American,"Less than 30,000",High School / GED,Democrat,NA,NA,Strong Democrat,18,No,No,Yes,FALSE,FALSE,TRUE,FALSE,TRUE,TRUE,TRUE,TRUE,TRUE,TRUE,100,0,Neither agree nor disagree,Somewhat agree,Somewhat disagree,No,Yes,3,4,3,3,3,3,3,3,3,3,3,3,3,NA,NA,NA,NA,Nevada,Oppose,Unjustified,Yes,NA,NA,NA,1,2,2,1,Republican,Democrat,NA
Male,African American,"100,000 or more","Professional Degree (JD, MD)",Republican,NA,Not a strong Republican,NA,72,Yes,Yes,Yes,FALSE,TRUE,TRUE,TRUE,TRUE,FALSE,FALSE,FALSE,FALSE,FALSE,81,31,Strongly disagree,Strongly disagree,Strongly disagree,No,No,1 - Not at all,3,3,3,3,3,3,3,1- Very unlike me,2,1- Very unlike me,3,3,NA,NA,NA,NA,NA,NA,NA,NA,Washington,Community service,Support,2,1,1,1,Democrat,Republican,vandalism
Female,African American,"30,000 – 39,999",High School / GED,Democrat,NA,NA,Strong Democrat,48,No,No,Yes,FALSE,TRUE,TRUE,TRUE,TRUE,TRUE,TRUE,FALSE,FALSE,TRUE,100,0,Strongly agree,Neither agree nor disagree,Strongly agree,No,No,1 - Not at all,5- Very like me,5- Very like me,4,4,4,3,3,4,4,3,2,3,NA,NA,NA,NA,California,Strongly oppose,Unjustified,No,NA,NA,NA,1,1,2,1,Republican,Democrat,NA
Female,African American,"100,000 or more",4-year College Degree,Democrat,NA,NA,Not a strong Democrat,27,No,No,Yes,FALSE,TRUE,TRUE,TRUE,TRUE,TRUE,FALSE,TRUE,TRUE,TRUE,76,55,Neither agree nor disagree,Somewhat disagree,Neither agree nor disagree,No,Yes,2,3,4,3,2,2,3,3,3,3,3,3,3,NA,NA,NA,NA,NA,NA,NA,NA,Alaska,2 - 3 months in jail,Support,2,2,1,1,Republican,Democrat,assault
Female,African American,"80,000 – 89,999",Masters Degree,Democrat,NA,NA,Strong Democrat,34,No,Yes,Yes,TRUE,TRUE,TRUE,TRUE,TRUE,FALSE,FALSE,FALSE,FALSE,TRUE,95,58,Neither agree nor disagree,Neither agree nor disagree,Neither agree nor disagree,No,No,1 - Not at all,1- Very unlike me,2,3,1- Very unlike me,1- Very unlike me,2,2,1- Very unlike me,2,1- Very unlike me,1- Very unlike me,1- Very unlike me,NA,NA,NA,NA,NA,NA,NA,NA,Florida,4 - 30 days in jail,Support,2,2,1,1,Republican,Democrat,vandalism
Female,African American,"Less than 30,000",Some College,Democrat,NA,NA,Strong Democrat,74,NA,NA,NA,TRUE,TRUE,TRUE,FALSE,TRUE,FALSE,FALSE,FALSE,FALSE,FALSE,100,28,Neither agree nor disagree,Neither agree nor disagree,NA,No,No,NA,1- Very unlike me,5- Very like me,5- Very like me,1- Very unlike me,1- Very unlike me,1- Very unlike me,1- Very unlike me,1- Very unlike me,1- Very unlike me,1- Very unlike me,1- Very unlike me,1- Very unlike me,Florida,Neither support nor oppose,Unjustified,Yes,NA,NA,NA,NA,NA,NA,NA,1,1,1,1,Republican,Democrat,NA
Female,African American,"30,000 – 39,999",High School / GED,NA,NA,NA,NA,NA,NA,NA,NA,NA,NA,NA,NA,NA,NA,NA,NA,NA,NA,,,NA,NA,NA,NA,NA,NA,NA,NA,NA,NA,NA,NA,NA,NA,NA,NA,NA,NA,NA,NA,NA,NA,NA,NA,NA,NA,NA,NA,NA,2,1,1,,NA,NA,NA
Female,African American,"Less than 30,000",High School / GED,Democrat,NA,NA,Strong Democrat,28,NA,NA,NA,FALSE,FALSE,FALSE,TRUE,FALSE,FALSE,FALSE,TRUE,FALSE,FALSE,60,100,Somewhat agree,Neither agree nor disagree,Neither agree nor disagree,No,No,5 - A great deal,3,3,3,3,3,3,3,3,4,4,4,4,Florida,Neither support nor oppose,Unjustified,Yes,NA,NA,NA,NA,NA,NA,NA,1,1,1,1,Republican,Democrat,NA
Male,African American,"30,000 – 39,999",High School / GED,Democrat,NA,NA,Not a strong Democrat,24,NA,NA,NA,NA,NA,NA,NA,NA,NA,NA,NA,NA,NA,,,NA,NA,NA,NA,NA,NA,NA,NA,NA,NA,NA,NA,NA,NA,NA,NA,NA,NA,NA,NA,NA,NA,NA,NA,NA,NA,NA,NA,NA,1,1,2,2,NA,NA,NA
Female,African American,"70,000 – 79,999",Some College,Democrat,NA,NA,Not a strong Democrat,68,No,No,Yes,FALSE,TRUE,TRUE,TRUE,TRUE,FALSE,FALSE,FALSE,TRUE,FALSE,99,14,Strongly disagree,Somewhat disagree,Neither agree nor disagree,No,No,1 - Not at all,1- Very unlike me,3,3,2,2,2,1- Very unlike me,1- Very unlike me,2,2,1- Very unlike me,1- Very unlike me,Georgia,Strongly oppose,Unjustified,Yes,NA,NA,NA,NA,NA,NA,NA,1,2,1,1,Republican,Democrat,NA
Female,African American,"40,000 – 49,999",Some College,Democrat,NA,NA,Strong Democrat,23,NA,NA,NA,TRUE,FALSE,FALSE,TRUE,TRUE,TRUE,FALSE,TRUE,FALSE,TRUE,74,0,Somewhat disagree,Strongly disagree,Neither agree nor disagree,No,No,2,1- Very unlike me,4,3,3,2,1- Very unlike me,1- Very unlike me,3,4,3,2,2,NA,NA,NA,NA,NA,NA,NA,NA,Texas,1 - 3 days in jail,Support,2,2,1,4,Republican,Democrat,murder
Male,African American,"Less than 30,000",High School / GED,Democrat,NA,NA,Strong Democrat,31,NA,NA,NA,TRUE,TRUE,TRUE,TRUE,TRUE,FALSE,FALSE,TRUE,FALSE,FALSE,88,100,Strongly agree,Neither agree nor disagree,Strongly agree,No,No,1 - Not at all,1- Very unlike me,2,3,1- Very unlike me,1- Very unlike me,2,1- Very unlike me,3,1- Very unlike me,3,1- Very unlike me,1- Very unlike me,NA,NA,NA,NA,NA,NA,NA,NA,Oregon,4 - 30 days in jail,Neither support nor oppose,2,1,1,1,Republican,Democrat,protesting without a permit
Female,African American,"30,000 – 39,999",Doctoral Degree,Democrat,NA,NA,Strong Democrat,45,NA,NA,NA,NA,NA,NA,NA,NA,NA,NA,NA,NA,NA,,,NA,NA,NA,NA,NA,NA,NA,NA,NA,NA,NA,NA,NA,NA,NA,NA,NA,NA,NA,NA,NA,NA,NA,NA,NA,NA,NA,NA,NA,2,2,1,2,NA,NA,NA
Female,African American,"Less than 30,000",High School / GED,Democrat,NA,NA,Strong Democrat,23,No,No,Yes,TRUE,TRUE,TRUE,TRUE,TRUE,FALSE,TRUE,TRUE,FALSE,FALSE,79,3,Strongly disagree,Strongly disagree,Neither agree nor disagree,No,No,2,5- Very like me,1- Very unlike me,5- Very like me,5- Very like me,2,2,1- Very unlike me,5- Very like me,3,1- Very unlike me,1- Very unlike me,1- Very unlike me,NA,NA,NA,NA,NA,NA,NA,NA,Florida,Community service,Oppose,2,1,1,1,Republican,Democrat,vandalism
Female,African American,"Less than 30,000",High School / GED,Democrat,NA,NA,Strong Democrat,40,NA,NA,NA,FALSE,FALSE,TRUE,TRUE,TRUE,FALSE,FALSE,FALSE,FALSE,FALSE,100,0,Strongly disagree,Strongly disagree,Strongly disagree,No,No,1 - Not at all,3,1- Very unlike me,3,5- Very like me,1- Very unlike me,3,1- Very unlike me,1- Very unlike me,1- Very unlike me,1- Very unlike me,1- Very unlike me,1- Very unlike me,NA,NA,NA,NA,NA,NA,NA,NA,Florida,Community service,Strongly support,2,1,1,1,Republican,Democrat,assault
Female,African American,"50,000 – 59,999",4-year College Degree,Democrat,NA,NA,Not a strong Democrat,48,No,No,Yes,FALSE,FALSE,TRUE,FALSE,TRUE,TRUE,FALSE,TRUE,TRUE,TRUE,75,11,Neither agree nor disagree,Neither agree nor disagree,Somewhat agree,No,No,1 - Not at all,1- Very unlike me,3,1- Very unlike me,1- Very unlike me,1- Very unlike me,3,1- Very unlike me,1- Very unlike me,1- Very unlike me,1- Very unlike me,1- Very unlike me,1- Very unlike me,NA,NA,NA,NA,NA,NA,NA,NA,California,More than 20 years in prison,Strongly oppose,2,2,2,1,Republican,Democrat,arson
Female,African American,"100,000 or more",Some College,Democrat,NA,NA,Strong Democrat,64,No,No,Yes,TRUE,TRUE,TRUE,TRUE,TRUE,FALSE,FALSE,TRUE,FALSE,FALSE,93,53,Neither agree nor disagree,Neither agree nor disagree,Neither agree nor disagree,No,No,3,3,3,2,1- Very unlike me,2,4,1- Very unlike me,1- Very unlike me,2,1- Very unlike me,1- Very unlike me,1- Very unlike me,NA,NA,NA,NA,Oregon,Strongly support,Unjustified,Yes,NA,NA,NA,1,2,2,1,Republican,Democrat,NA
Female,African American,"60,000 – 69,999",Masters Degree,Democrat,NA,NA,Strong Democrat,66,No,Yes,Yes,FALSE,TRUE,TRUE,TRUE,TRUE,TRUE,FALSE,TRUE,FALSE,TRUE,100,10,Neither agree nor disagree,Somewhat disagree,Neither agree nor disagree,No,No,1 - Not at all,1- Very unlike me,1- Very unlike me,1- Very unlike me,1- Very unlike me,1- Very unlike me,1- Very unlike me,1- Very unlike me,1- Very unlike me,1- Very unlike me,1- Very unlike me,1- Very unlike me,1- Very unlike me,Florida,Strongly oppose,Unjustified,Yes,NA,NA,NA,NA,NA,NA,NA,1,1,1,1,Republican,Democrat,NA
Female,African American,"40,000 – 49,999",High School / GED,Democrat,NA,NA,Strong Democrat,53,No,No,Yes,TRUE,FALSE,TRUE,TRUE,TRUE,FALSE,FALSE,FALSE,FALSE,TRUE,100,41,Neither agree nor disagree,Neither agree nor disagree,Somewhat agree,No,No,1 - Not at all,1- Very unlike me,4,1- Very unlike me,1- Very unlike me,1- Very unlike me,1- Very unlike me,1- Very unlike me,1- Very unlike me,1- Very unlike me,1- Very unlike me,1- Very unlike me,1- Very unlike me,NA,NA,NA,NA,NA,NA,NA,NA,Alaska,Community service,Neither support nor oppose,2,1,1,1,Republican,Democrat,protesting without a permit
Female,African American,"100,000 or more",Some College,Independent,Democratic Party,NA,NA,21,No,No,Yes,FALSE,TRUE,TRUE,FALSE,TRUE,TRUE,FALSE,TRUE,FALSE,TRUE,55,18,Neither agree nor disagree,Neither agree nor disagree,Neither agree nor disagree,No,Yes,1 - Not at all,1- Very unlike me,2,2,1- Very unlike me,2,1- Very unlike me,2,1- Very unlike me,1- Very unlike me,2,1- Very unlike me,1- Very unlike me,Florida,Oppose,Unjustified,Yes,NA,NA,NA,NA,NA,NA,NA,1,2,1,1,Republican,Democrat,NA
Female,African American,"Less than 30,000",High School / GED,Democrat,NA,NA,Strong Democrat,19,No,No,Yes,TRUE,TRUE,TRUE,FALSE,FALSE,FALSE,FALSE,FALSE,FALSE,TRUE,98,26,Neither agree nor disagree,Neither agree nor disagree,Neither agree nor disagree,No,No,2,4,3,3,3,3,3,3,3,3,3,3,3,NA,NA,NA,NA,NA,NA,NA,NA,Florida,Community service,Neither support nor oppose,2,1,2,1,Republican,Democrat,murder
Female,African American,"30,000 – 39,999",4-year College Degree,Democrat,NA,NA,Strong Democrat,20,NA,NA,NA,TRUE,FALSE,TRUE,FALSE,FALSE,FALSE,TRUE,TRUE,TRUE,FALSE,55,20,Somewhat agree,Somewhat disagree,Neither agree nor disagree,No,Yes,1 - Not at all,3,3,2,3,4,3,3,1- Very unlike me,1- Very unlike me,4,5- Very like me,3,NA,NA,NA,NA,NA,NA,NA,NA,California,Community service,Support,2,1,1,1,Republican,Democrat,assault with a deadly weapon
Male,African American,"100,000 or more",Masters Degree,Democrat,NA,NA,Strong Democrat,34,Yes,Yes,Yes,FALSE,TRUE,TRUE,TRUE,TRUE,TRUE,TRUE,FALSE,TRUE,TRUE,86,55,Neither agree nor disagree,Strongly disagree,Neither agree nor disagree,No,No,1 - Not at all,3,3,4,2,1- Very unlike me,2,1- Very unlike me,1- Very unlike me,1- Very unlike me,1- Very unlike me,2,1- Very unlike me,NA,NA,NA,NA,NA,NA,NA,NA,Oregon,More than 20 years in prison,Oppose,2,1,1,1,Republican,Democrat,murder
Female,African American,"40,000 – 49,999",Some College,Democrat,NA,NA,Strong Democrat,21,NA,NA,NA,TRUE,FALSE,FALSE,TRUE,TRUE,FALSE,FALSE,FALSE,TRUE,FALSE,54,50,Somewhat agree,Somewhat agree,Neither agree nor disagree,Yes,No,3,3,2,4,3,3,2,4,2,4,3,2,3,NA,NA,NA,NA,Idaho,Oppose,Unjustified,No,NA,NA,NA,1,1,2,1,Republican,Democrat,NA
Male,Native American,"30,000 – 39,999",Some College,Republican,NA,Not a strong Republican,NA,35,NA,NA,NA,TRUE,TRUE,TRUE,FALSE,TRUE,FALSE,TRUE,TRUE,FALSE,TRUE,33,67,Somewhat agree,Somewhat agree,Neither agree nor disagree,No,No,2,4,3,2,2,1- Very unlike me,3,3,4,1- Very unlike me,3,3,2,NA,NA,NA,NA,Washington,Support,Unjustified,Yes,NA,NA,NA,1,2,2,1,Democrat,Republican,NA
Female,African American,"Less than 30,000",4-year College Degree,Democrat,NA,NA,Strong Democrat,66,No,No,Yes,FALSE,TRUE,TRUE,TRUE,TRUE,TRUE,FALSE,TRUE,TRUE,FALSE,93,9,Neither agree nor disagree,Neither agree nor disagree,Neither agree nor disagree,No,No,1 - Not at all,3,1- Very unlike me,4,1- Very unlike me,1- Very unlike me,3,1- Very unlike me,1- Very unlike me,1- Very unlike me,3,3,1- Very unlike me,NA,NA,NA,NA,Oregon,Neither support nor oppose,Unjustified,Yes,NA,NA,NA,1,2,2,1,Republican,Democrat,NA
Male,African American,"Less than 30,000",Less than High School,Democrat,NA,NA,Strong Democrat,36,NA,NA,NA,FALSE,FALSE,FALSE,FALSE,TRUE,FALSE,FALSE,FALSE,FALSE,FALSE,76,77,Strongly disagree,Strongly disagree,Neither agree nor disagree,No,No,1 - Not at all,1- Very unlike me,1- Very unlike me,1- Very unlike me,1- Very unlike me,1- Very unlike me,1- Very unlike me,1- Very unlike me,1- Very unlike me,1- Very unlike me,1- Very unlike me,1- Very unlike me,1- Very unlike me,Texas,Neither support nor oppose,Unjustified,Yes,NA,NA,NA,NA,NA,NA,NA,1,2,1,1,Republican,Democrat,NA
Female,African American,"60,000 – 69,999",Doctoral Degree,Democrat,NA,NA,Not a strong Democrat,27,NA,NA,NA,FALSE,TRUE,FALSE,FALSE,FALSE,TRUE,FALSE,TRUE,TRUE,TRUE,86,18,Somewhat agree,Somewhat disagree,Somewhat agree,No,Yes,3,5- Very like me,4,4,4,1- Very unlike me,4,4,4,5- Very like me,4,4,5- Very like me,NA,NA,NA,NA,NA,NA,NA,NA,Texas,4 - 30 days in jail,Support,2,2,1,1,Republican,Democrat,murder
Female,African American,"40,000 – 49,999",Masters Degree,Independent,Republican Party,NA,NA,21,NA,NA,NA,NA,NA,NA,NA,NA,NA,NA,NA,NA,NA,,,NA,NA,NA,NA,NA,NA,NA,NA,NA,NA,NA,NA,NA,NA,NA,NA,NA,NA,NA,NA,NA,NA,NA,NA,NA,NA,NA,NA,NA,1,1,1,2,NA,NA,NA
Male,African American,"30,000 – 39,999",Some College,Democrat,NA,NA,Strong Democrat,51,No,Yes,Yes,FALSE,TRUE,TRUE,FALSE,TRUE,FALSE,FALSE,TRUE,FALSE,FALSE,88,16,Neither agree nor disagree,Strongly disagree,Neither agree nor disagree,No,Yes,1 - Not at all,3,2,3,3,1- Very unlike me,2,1- Very unlike me,1- Very unlike me,1- Very unlike me,1- Very unlike me,1- Very unlike me,1- Very unlike me,NA,NA,NA,NA,NA,NA,NA,NA,Oregon,4 - 30 days in jail,Oppose,2,1,1,1,Republican,Democrat,assault
Male,White/Caucasian,"40,000 – 49,999",4-year College Degree,Republican,NA,Strong Republican,NA,34,NA,NA,NA,NA,NA,NA,NA,NA,NA,NA,NA,NA,NA,,,NA,NA,NA,NA,NA,NA,NA,NA,NA,NA,NA,NA,NA,NA,NA,NA,NA,NA,NA,NA,NA,NA,NA,NA,NA,NA,NA,NA,NA,2,2,2,2,NA,NA,NA
Female,African American,"30,000 – 39,999",2-year College Degree,Democrat,NA,NA,Strong Democrat,56,No,Yes,Yes,TRUE,TRUE,TRUE,TRUE,TRUE,FALSE,FALSE,FALSE,FALSE,FALSE,100,0,Strongly disagree,Neither agree nor disagree,Neither agree nor disagree,No,No,1 - Not at all,3,1- Very unlike me,1- Very unlike me,1- Very unlike me,1- Very unlike me,1- Very unlike me,1- Very unlike me,1- Very unlike me,1- Very unlike me,1- Very unlike me,1- Very unlike me,1- Very unlike me,NA,NA,NA,NA,NA,NA,NA,NA,Oregon,4 - 30 days in jail,Strongly oppose,2,2,1,1,Republican,Democrat,assault
Male,African American,"30,000 – 39,999",Less than High School,Democrat,NA,NA,Not a strong Democrat,Under 18,NA,NA,NA,NA,NA,NA,NA,NA,NA,NA,NA,NA,NA,,,NA,NA,NA,NA,NA,NA,NA,NA,NA,NA,NA,NA,NA,NA,NA,NA,NA,NA,NA,NA,NA,NA,NA,NA,NA,NA,NA,NA,NA,2,2,2,2,NA,NA,NA
Male,African American,"Less than 30,000",Less than High School,Democrat,NA,NA,Strong Democrat,20,NA,NA,NA,FALSE,TRUE,TRUE,TRUE,TRUE,FALSE,FALSE,FALSE,FALSE,FALSE,100,39,Somewhat disagree,Neither agree nor disagree,Neither agree nor disagree,No,No,1 - Not at all,4,3,3,3,4,1- Very unlike me,5- Very like me,4,4,4,1- Very unlike me,1- Very unlike me,Alabama,Oppose,Unjustified,No,NA,NA,NA,NA,NA,NA,NA,1,1,1,1,Republican,Democrat,NA
Male,African American,"40,000 – 49,999",High School / GED,Democrat,NA,NA,Strong Democrat,67,NA,NA,NA,FALSE,TRUE,TRUE,TRUE,TRUE,FALSE,FALSE,FALSE,FALSE,TRUE,100,72,Strongly disagree,Somewhat disagree,Somewhat disagree,No,No,1 - Not at all,1- Very unlike me,1- Very unlike me,2,2,1- Very unlike me,2,1- Very unlike me,1- Very unlike me,1- Very unlike me,1- Very unlike me,1- Very unlike me,1- Very unlike me,Florida,Strongly oppose,Unjustified,Yes,NA,NA,NA,NA,NA,NA,NA,1,1,1,1,Republican,Democrat,NA
Female,African American,"70,000 – 79,999",4-year College Degree,Democrat,NA,NA,Not a strong Democrat,43,No,No,Yes,FALSE,TRUE,TRUE,TRUE,TRUE,TRUE,TRUE,FALSE,TRUE,FALSE,54,46,Strongly disagree,Somewhat disagree,Strongly disagree,No,No,1 - Not at all,4,2,2,4,2,3,1- Very unlike me,3,1- Very unlike me,1- Very unlike me,1- Very unlike me,1- Very unlike me,NA,NA,NA,NA,NA,NA,NA,NA,Oregon,2 - 3 months in jail,Oppose,2,1,1,1,Republican,Democrat,assault with a deadly weapon
Female,African American,"50,000 – 59,999",High School / GED,Democrat,NA,NA,Strong Democrat,18,No,No,Yes,FALSE,TRUE,TRUE,TRUE,FALSE,FALSE,TRUE,FALSE,FALSE,TRUE,94,3,Neither agree nor disagree,Neither agree nor disagree,Neither agree nor disagree,No,No,1 - Not at all,2,2,3,3,3,3,3,3,3,3,2,3,NA,NA,NA,NA,NA,NA,NA,NA,Florida,2 - 5 years in prison,Oppose,2,2,2,1,Republican,Democrat,murder
Female,African American,"Less than 30,000",Some College,Democrat,NA,NA,Strong Democrat,52,NA,NA,NA,TRUE,FALSE,TRUE,FALSE,TRUE,FALSE,FALSE,FALSE,FALSE,FALSE,100,0,Neither agree nor disagree,Somewhat agree,Neither agree nor disagree,No,No,1 - Not at all,1- Very unlike me,5- Very like me,3,1- Very unlike me,1- Very unlike me,1- Very unlike me,1- Very unlike me,1- Very unlike me,1- Very unlike me,1- Very unlike me,1- Very unlike me,1- Very unlike me,NA,NA,NA,NA,NA,NA,NA,NA,Louisiana,16 - 20 years in prison,Oppose,2,2,1,1,Republican,Democrat,arson
Female,African American,"Less than 30,000",Some College,Democrat,NA,NA,Strong Democrat,42,NA,NA,NA,TRUE,FALSE,TRUE,TRUE,TRUE,FALSE,FALSE,TRUE,FALSE,TRUE,100,100,Strongly agree,Strongly agree,Strongly agree,Yes,Yes,1 - Not at all,1- Very unlike me,5- Very like me,5- Very like me,5- Very like me,1- Very unlike me,5- Very like me,5- Very like me,1- Very unlike me,1- Very unlike me,5- Very like me,5- Very like me,5- Very like me,NA,NA,NA,NA,Washington,Neither support nor oppose,Unjustified,Yes,NA,NA,NA,1,2,2,1,Republican,Democrat,NA
NA,NA,NA,NA,NA,NA,NA,NA,NA,NA,NA,NA,NA,NA,NA,NA,NA,NA,NA,NA,NA,NA,,,NA,NA,NA,NA,NA,NA,NA,NA,NA,NA,NA,NA,NA,NA,NA,NA,NA,NA,NA,NA,NA,NA,NA,NA,NA,NA,NA,NA,NA,2,1,1,4,NA,NA,NA
Male,African American,"60,000 – 69,999",4-year College Degree,Democrat,NA,NA,Strong Democrat,43,NA,NA,NA,TRUE,TRUE,FALSE,FALSE,TRUE,TRUE,TRUE,TRUE,TRUE,TRUE,75,86,Somewhat agree,Somewhat agree,Somewhat disagree,Yes,No,4,5- Very like me,3,3,4,3,4,4,5- Very like me,4,4,3,3,NA,NA,NA,NA,NA,NA,NA,NA,Louisiana,2 - 3 months in jail,Support,2,2,1,1,Republican,Democrat,assault
Male,African American,"100,000 or more","Professional Degree (JD, MD)",Other,Neither,NA,NA,NA,NA,NA,NA,NA,NA,NA,NA,NA,NA,NA,NA,NA,NA,,,NA,NA,NA,NA,NA,NA,NA,NA,NA,NA,NA,NA,NA,NA,NA,NA,NA,NA,NA,NA,NA,NA,NA,NA,NA,NA,NA,NA,NA,1,1,2,2,NA,NA,NA
Male,African American,"Less than 30,000",Less than High School,Democrat,NA,NA,Strong Democrat,46,NA,NA,NA,NA,NA,NA,NA,NA,NA,NA,NA,NA,NA,,,NA,NA,NA,NA,NA,NA,NA,NA,NA,NA,NA,NA,NA,NA,NA,NA,NA,NA,NA,NA,NA,NA,NA,NA,NA,NA,NA,NA,NA,2,2,1,2,NA,NA,NA
Male,African American,"30,000 – 39,999",Some College,Democrat,NA,NA,Strong Democrat,36,No,No,Yes,FALSE,TRUE,TRUE,FALSE,FALSE,TRUE,FALSE,FALSE,FALSE,FALSE,100,0,Strongly disagree,Somewhat disagree,Somewhat disagree,No,Yes,2,5- Very like me,2,3,3,1- Very unlike me,2,1- Very unlike me,2,5- Very like me,3,3,2,Florida,Strongly oppose,Unjustified,Yes,NA,NA,NA,NA,NA,NA,NA,1,2,1,1,Republican,Democrat,NA
Female,African American,"50,000 – 59,999",Some College,Democrat,NA,NA,Strong Democrat,57,No,No,Yes,FALSE,TRUE,TRUE,TRUE,TRUE,FALSE,FALSE,FALSE,FALSE,TRUE,90,39,Strongly disagree,Strongly disagree,Strongly disagree,No,No,1 - Not at all,2,1- Very unlike me,1- Very unlike me,1- Very unlike me,1- Very unlike me,1- Very unlike me,1- Very unlike me,1- Very unlike me,1- Very unlike me,1- Very unlike me,1- Very unlike me,1- Very unlike me,NA,NA,NA,NA,Oregon,Strongly oppose,Unjustified,Yes,NA,NA,NA,1,1,2,1,Republican,Democrat,NA
Female,African American,"30,000 – 39,999",Some College,Democrat,NA,NA,Not a strong Democrat,26,No,No,Yes,FALSE,TRUE,TRUE,TRUE,TRUE,FALSE,TRUE,TRUE,FALSE,TRUE,89,73,Neither agree nor disagree,Strongly disagree,Neither agree nor disagree,No,No,1 - Not at all,3,3,3,2,2,2,2,3,4,5- Very like me,3,5- Very like me,NA,NA,NA,NA,NA,NA,NA,NA,Oregon,Community service,Strongly support,2,1,1,1,Republican,Democrat,protesting without a permit
Female,African American,"50,000 – 59,999",2-year College Degree,Democrat,NA,NA,Strong Democrat,43,No,No,Yes,TRUE,TRUE,TRUE,TRUE,TRUE,FALSE,FALSE,FALSE,FALSE,FALSE,83,33,Neither agree nor disagree,Somewhat agree,Neither agree nor disagree,No,No,1 - Not at all,2,3,2,1- Very unlike me,1- Very unlike me,1- Very unlike me,1- Very unlike me,1- Very unlike me,1- Very unlike me,1- Very unlike me,1- Very unlike me,1- Very unlike me,NA,NA,NA,NA,NA,NA,NA,NA,California,Community service,Support,2,1,1,1,Republican,Democrat,vandalism
Male,African American,"Less than 30,000",2-year College Degree,Democrat,NA,NA,Strong Democrat,69,No,No,Yes,TRUE,TRUE,TRUE,TRUE,TRUE,FALSE,FALSE,FALSE,FALSE,FALSE,100,25,Somewhat agree,Neither agree nor disagree,Somewhat agree,No,No,1 - Not at all,3,1- Very unlike me,3,3,2,3,1- Very unlike me,1- Very unlike me,1- Very unlike me,1- Very unlike me,2,1- Very unlike me,Georgia,Strongly oppose,Unjustified,Yes,NA,NA,NA,NA,NA,NA,NA,1,2,1,1,Republican,Democrat,NA
Female,African American,"50,000 – 59,999",Some College,Democrat,NA,NA,Strong Democrat,20,No,No,Yes,FALSE,TRUE,FALSE,TRUE,TRUE,TRUE,TRUE,FALSE,TRUE,FALSE,72,86,Strongly agree,Somewhat agree,Strongly agree,No,Yes,2,2,3,1- Very unlike me,2,4,1- Very unlike me,4,2,4,1- Very unlike me,5- Very like me,2,Georgia,Oppose,Justified,Yes,NA,NA,NA,NA,NA,NA,NA,1,1,1,4,Republican,Democrat,NA
Male,African American,"50,000 – 59,999",2-year College Degree,Democrat,NA,NA,Strong Democrat,50,No,No,Yes,FALSE,TRUE,TRUE,FALSE,TRUE,TRUE,FALSE,TRUE,TRUE,TRUE,83,0,Neither agree nor disagree,Somewhat disagree,Somewhat disagree,No,No,1 - Not at all,1- Very unlike me,3,3,1- Very unlike me,1- Very unlike me,2,2,1- Very unlike me,1- Very unlike me,1- Very unlike me,1- Very unlike me,2,NA,NA,NA,NA,NA,NA,NA,NA,Washington,16 - 20 years in prison,Neither support nor oppose,2,1,2,1,Republican,Democrat,murder
Male,African American,"30,000 – 39,999",2-year College Degree,Republican,NA,Not a strong Republican,NA,32,NA,NA,NA,NA,NA,NA,NA,NA,NA,NA,NA,NA,NA,,,NA,NA,NA,NA,NA,NA,NA,NA,NA,NA,NA,NA,NA,NA,NA,NA,NA,NA,NA,NA,NA,NA,NA,NA,NA,NA,NA,NA,NA,1,1,2,2,NA,NA,NA
Female,African American,"100,000 or more",Doctoral Degree,Democrat,NA,NA,Strong Democrat,36,NA,NA,NA,FALSE,TRUE,TRUE,FALSE,TRUE,TRUE,TRUE,TRUE,FALSE,TRUE,100,16,Neither agree nor disagree,Strongly agree,Somewhat agree,No,No,5 - A great deal,2,3,5- Very like me,2,5- Very like me,5- Very like me,4,2,3,2,4,5- Very like me,NA,NA,NA,NA,NA,NA,NA,NA,Texas,4 - 30 days in jail,Support,2,1,2,1,Republican,Democrat,assault with a deadly weapon
Female,Other,"Less than 30,000",Masters Degree,Republican,NA,Strong Republican,NA,40,NA,NA,NA,FALSE,FALSE,FALSE,FALSE,FALSE,FALSE,FALSE,FALSE,FALSE,FALSE,58,93,Somewhat disagree,Strongly disagree,Strongly disagree,No,No,4,NA,NA,NA,NA,NA,NA,NA,NA,NA,NA,NA,NA,NA,NA,NA,NA,NA,NA,NA,NA,NA,NA,NA,2,2,2,,Democrat,Republican,NA
Female,African American,"30,000 – 39,999",4-year College Degree,Democrat,NA,NA,Strong Democrat,39,NA,NA,NA,NA,NA,NA,NA,NA,NA,NA,NA,NA,NA,,,NA,NA,NA,NA,NA,NA,NA,NA,NA,NA,NA,NA,NA,NA,NA,NA,NA,NA,NA,NA,NA,NA,NA,NA,NA,NA,NA,NA,NA,2,1,1,2,NA,NA,NA
Female,African American,"Less than 30,000",High School / GED,Democrat,NA,NA,Strong Democrat,46,No,No,Yes,TRUE,FALSE,TRUE,TRUE,TRUE,FALSE,FALSE,FALSE,FALSE,FALSE,99,1,Somewhat agree,Strongly agree,Neither agree nor disagree,No,Yes,1 - Not at all,1- Very unlike me,3,1- Very unlike me,1- Very unlike me,5- Very like me,5- Very like me,5- Very like me,1- Very unlike me,1- Very unlike me,3,2,1- Very unlike me,NA,NA,NA,NA,NA,NA,NA,NA,Louisiana,1 - 3 days in jail,Support,2,1,1,1,Republican,Democrat,arson
Female,African American,"50,000 – 59,999",Some College,Republican,NA,Not a strong Republican,NA,75,No,No,Yes,TRUE,FALSE,TRUE,TRUE,TRUE,FALSE,FALSE,FALSE,TRUE,FALSE,21,65,Neither agree nor disagree,Neither agree nor disagree,Neither agree nor disagree,No,No,1 - Not at all,1- Very unlike me,1- Very unlike me,1- Very unlike me,1- Very unlike me,1- Very unlike me,1- Very unlike me,1- Very unlike me,1- Very unlike me,1- Very unlike me,1- Very unlike me,1- Very unlike me,1- Very unlike me,NA,NA,NA,NA,Oregon,Support,Justified,Yes,NA,NA,NA,1,2,2,1,Democrat,Republican,NA
Male,African American,"Less than 30,000",2-year College Degree,Republican,NA,Strong Republican,NA,72,No,No,Yes,TRUE,TRUE,TRUE,TRUE,TRUE,FALSE,FALSE,FALSE,FALSE,TRUE,100,100,Strongly disagree,Strongly disagree,Strongly disagree,No,No,1 - Not at all,3,2,1- Very unlike me,3,1- Very unlike me,1- Very unlike me,1- Very unlike me,1- Very unlike me,1- Very unlike me,1- Very unlike me,1- Very unlike me,1- Very unlike me,NA,NA,NA,NA,NA,NA,NA,NA,Oregon,More than 20 years in prison,Strongly oppose,2,2,2,1,Democrat,Republican,murder
Female,African American,"Less than 30,000",High School / GED,Democrat,NA,NA,Strong Democrat,67,No,No,No,FALSE,TRUE,TRUE,TRUE,TRUE,FALSE,FALSE,FALSE,FALSE,FALSE,90,2,Neither agree nor disagree,Neither agree nor disagree,Neither agree nor disagree,No,No,1 - Not at all,1- Very unlike me,3,4,1- Very unlike me,2,3,2,1- Very unlike me,2,1- Very unlike me,2,1- Very unlike me,NA,NA,NA,NA,NA,NA,NA,NA,Louisiana,6 - 10 years in prison,Oppose,2,2,2,1,Republican,Democrat,arson
Male,African American,"Less than 30,000",Some College,Republican,NA,Strong Republican,NA,18,NA,NA,NA,TRUE,TRUE,FALSE,FALSE,TRUE,TRUE,FALSE,TRUE,TRUE,FALSE,70,80,Somewhat agree,Somewhat agree,Somewhat agree,No,No,3,3,3,3,3,3,3,3,3,3,3,3,3,Texas,Support,Justified,No,NA,NA,NA,NA,NA,NA,NA,1,2,1,1,Democrat,Republican,NA
Female,African American,"Less than 30,000",High School / GED,Democrat,NA,NA,Strong Democrat,51,NA,NA,NA,FALSE,TRUE,TRUE,TRUE,TRUE,TRUE,TRUE,FALSE,FALSE,FALSE,75,83,Somewhat agree,Strongly agree,Neither agree nor disagree,No,No,1 - Not at all,4,2,3,3,1- Very unlike me,3,3,2,1- Very unlike me,2,2,4,NA,NA,NA,NA,Oregon,Support,Justified,Yes,NA,NA,NA,1,2,2,1,Republican,Democrat,NA
Female,African American,"Less than 30,000",High School / GED,Republican,NA,Strong Republican,NA,21,NA,NA,NA,NA,NA,NA,NA,NA,NA,NA,NA,NA,NA,,,NA,NA,NA,NA,NA,NA,NA,NA,NA,NA,NA,NA,NA,NA,NA,NA,NA,NA,NA,NA,NA,NA,NA,NA,NA,NA,NA,NA,NA,1,1,2,2,NA,NA,NA
Female,African American,"60,000 – 69,999",4-year College Degree,Democrat,NA,NA,Strong Democrat,29,No,No,Yes,FALSE,FALSE,TRUE,TRUE,TRUE,FALSE,FALSE,FALSE,FALSE,FALSE,62,24,Strongly disagree,Strongly disagree,Neither agree nor disagree,No,No,1 - Not at all,1- Very unlike me,2,5- Very like me,2,2,5- Very like me,1- Very unlike me,1- Very unlike me,1- Very unlike me,1- Very unlike me,1- Very unlike me,1- Very unlike me,NA,NA,NA,NA,Oregon,Neither support nor oppose,Unjustified,Yes,NA,NA,NA,1,2,2,1,Republican,Democrat,NA
Female,African American,"Less than 30,000",Some College,Democrat,NA,NA,Strong Democrat,22,NA,NA,NA,NA,NA,NA,NA,NA,NA,NA,NA,NA,NA,,,NA,NA,NA,NA,NA,NA,NA,NA,NA,NA,NA,NA,NA,NA,NA,NA,NA,NA,NA,NA,NA,NA,NA,NA,NA,NA,NA,NA,NA,1,2,2,2,NA,NA,NA
Female,African American,"30,000 – 39,999",Less than High School,Democrat,NA,NA,Not a strong Democrat,22,NA,NA,NA,TRUE,TRUE,FALSE,FALSE,TRUE,FALSE,TRUE,FALSE,TRUE,TRUE,63,34,Neither agree nor disagree,Somewhat agree,Neither agree nor disagree,No,No,3,3,3,4,4,2,4,2,2,3,3,3,3,Florida,Neither support nor oppose,Unjustified,Yes,NA,NA,NA,NA,NA,NA,NA,1,2,1,4,Republican,Democrat,NA
Male,African American,"100,000 or more",Masters Degree,Republican,NA,Strong Republican,NA,40,No,Yes,No,FALSE,FALSE,TRUE,TRUE,TRUE,TRUE,FALSE,TRUE,FALSE,TRUE,0,100,Strongly disagree,Somewhat agree,Neither agree nor disagree,No,No,3,3,5- Very like me,2,1- Very unlike me,4,3,3,1- Very unlike me,3,3,3,2,Florida,Strongly oppose,Unjustified,Yes,NA,NA,NA,NA,NA,NA,NA,1,2,1,1,Democrat,Republican,NA
Female,African American,"100,000 or more",4-year College Degree,NA,NA,NA,NA,NA,NA,NA,NA,NA,NA,NA,NA,NA,NA,NA,NA,NA,NA,,,NA,NA,NA,NA,NA,NA,NA,NA,NA,NA,NA,NA,NA,NA,NA,NA,NA,NA,NA,NA,NA,NA,NA,NA,NA,NA,NA,NA,NA,1,1,2,,NA,NA,NA
Female,African American,"Less than 30,000",High School / GED,Republican,NA,Strong Republican,NA,38,NA,NA,NA,TRUE,TRUE,TRUE,TRUE,TRUE,FALSE,FALSE,FALSE,TRUE,FALSE,100,100,Strongly agree,Strongly agree,Somewhat agree,Yes,No,1 - Not at all,1- Very unlike me,1- Very unlike me,5- Very like me,4,1- Very unlike me,5- Very like me,1- Very unlike me,1- Very unlike me,1- Very unlike me,1- Very unlike me,1- Very unlike me,1- Very unlike me,NA,NA,NA,NA,NA,NA,NA,NA,Texas,2 - 3 months in jail,Oppose,2,2,2,1,Democrat,Republican,assault with a deadly weapon
Male,African American,"40,000 – 49,999",Masters Degree,Democrat,NA,NA,Strong Democrat,40,NA,NA,NA,TRUE,TRUE,FALSE,TRUE,TRUE,FALSE,FALSE,TRUE,TRUE,TRUE,88,22,Somewhat disagree,Somewhat agree,Strongly disagree,Yes,No,5 - A great deal,3,3,5- Very like me,5- Very like me,2,1- Very unlike me,3,2,2,4,5- Very like me,3,NA,NA,NA,NA,NA,NA,NA,NA,Florida,1 - 3 days in jail,Support,2,2,1,1,Republican,Democrat,arson
Male,African American,"Less than 30,000",2-year College Degree,Democrat,NA,NA,Strong Democrat,66,No,No,Yes,TRUE,TRUE,TRUE,TRUE,TRUE,FALSE,FALSE,FALSE,FALSE,TRUE,100,50,Neither agree nor disagree,Neither agree nor disagree,Neither agree nor disagree,No,No,1 - Not at all,4,3,4,1- Very unlike me,1- Very unlike me,2,1- Very unlike me,1- Very unlike me,1- Very unlike me,1- Very unlike me,1- Very unlike me,3,NA,NA,NA,NA,NA,NA,NA,NA,Alaska,More than 20 years in prison,Strongly oppose,2,1,2,1,Republican,Democrat,murder
Female,African American,"40,000 – 49,999",2-year College Degree,Democrat,NA,NA,Strong Democrat,21,NA,NA,NA,FALSE,TRUE,TRUE,FALSE,TRUE,FALSE,FALSE,FALSE,TRUE,TRUE,65,41,Somewhat agree,Strongly agree,Somewhat agree,Yes,No,3,3,3,2,4,5- Very like me,3,4,3,1- Very unlike me,2,4,4,NA,NA,NA,NA,NA,NA,NA,NA,Oregon,4 - 30 days in jail,Oppose,2,1,2,1,Republican,Democrat,murder
Female,African American,"30,000 – 39,999",High School / GED,Democrat,NA,NA,Not a strong Democrat,50,NA,NA,NA,FALSE,TRUE,TRUE,TRUE,TRUE,FALSE,FALSE,TRUE,TRUE,TRUE,70,18,Neither agree nor disagree,Somewhat agree,Neither agree nor disagree,No,No,1 - Not at all,1- Very unlike me,2,3,1- Very unlike me,2,3,2,1- Very unlike me,1- Very unlike me,1- Very unlike me,2,1- Very unlike me,NA,NA,NA,NA,NA,NA,NA,NA,Oregon,4 - 6 months in jail,Oppose,2,2,1,1,Republican,Democrat,vandalism
Female,African American,"80,000 – 89,999",4-year College Degree,Other,Republican Party,NA,NA,53,NA,NA,NA,TRUE,TRUE,TRUE,TRUE,TRUE,FALSE,FALSE,FALSE,FALSE,FALSE,50,80,Strongly disagree,Strongly disagree,Neither agree nor disagree,No,No,1 - Not at all,1- Very unlike me,1- Very unlike me,1- Very unlike me,1- Very unlike me,1- Very unlike me,1- Very unlike me,1- Very unlike me,1- Very unlike me,1- Very unlike me,1- Very unlike me,1- Very unlike me,1- Very unlike me,NA,NA,NA,NA,NA,NA,NA,NA,NA,NA,NA,1,2,1,,Democrat,Republican,NA
Female,African American,"Less than 30,000",2-year College Degree,Democrat,NA,NA,Strong Democrat,27,No,No,No,FALSE,FALSE,TRUE,TRUE,TRUE,TRUE,TRUE,TRUE,TRUE,FALSE,100,0,Strongly agree,Strongly agree,Strongly agree,No,No,1 - Not at all,5- Very like me,1- Very unlike me,5- Very like me,1- Very unlike me,1- Very unlike me,5- Very like me,5- Very like me,5- Very like me,1- Very unlike me,5- Very like me,1- Very unlike me,5- Very like me,Florida,Strongly support,NA,NA,NA,NA,NA,NA,NA,NA,NA,1,1,1,,Republican,Democrat,NA
Female,African American,NA,NA,NA,NA,NA,NA,NA,NA,NA,NA,NA,NA,NA,NA,NA,NA,NA,NA,NA,NA,,,NA,NA,NA,NA,NA,NA,NA,NA,NA,NA,NA,NA,NA,NA,NA,NA,NA,NA,NA,NA,NA,NA,NA,NA,NA,NA,NA,NA,NA,1,2,1,,NA,NA,NA
Male,African American,NA,NA,NA,NA,NA,NA,NA,NA,NA,NA,NA,NA,NA,NA,NA,NA,NA,NA,NA,NA,,,NA,NA,NA,NA,NA,NA,NA,NA,NA,NA,NA,NA,NA,NA,NA,NA,NA,NA,NA,NA,NA,NA,NA,NA,NA,NA,NA,NA,NA,2,1,1,,NA,NA,NA
Female,African American,NA,NA,NA,NA,NA,NA,NA,NA,NA,NA,NA,NA,NA,NA,NA,NA,NA,NA,NA,NA,,,NA,NA,NA,NA,NA,NA,NA,NA,NA,NA,NA,NA,NA,NA,NA,NA,NA,NA,NA,NA,NA,NA,NA,NA,NA,NA,NA,NA,NA,1,1,2,,NA,NA,NA
Female,African American,NA,NA,NA,NA,NA,NA,NA,NA,NA,NA,NA,NA,NA,NA,NA,NA,NA,NA,NA,NA,,,NA,NA,NA,NA,NA,NA,NA,NA,NA,NA,NA,NA,NA,NA,NA,NA,NA,NA,NA,NA,NA,NA,NA,NA,NA,NA,NA,NA,NA,1,2,2,,NA,NA,NA
Female,African American,NA,NA,NA,NA,NA,NA,NA,NA,NA,NA,NA,NA,NA,NA,NA,NA,NA,NA,NA,NA,,,NA,NA,NA,NA,NA,NA,NA,NA,NA,NA,NA,NA,NA,NA,NA,NA,NA,NA,NA,NA,NA,NA,NA,NA,NA,NA,NA,NA,NA,2,2,2,,NA,NA,NA
Female,African American,"30,000 – 39,999",2-year College Degree,Democrat,NA,NA,Not a strong Democrat,62,No,No,No,FALSE,FALSE,FALSE,TRUE,TRUE,FALSE,FALSE,FALSE,TRUE,TRUE,,28,NA,NA,NA,NA,NA,NA,NA,NA,NA,NA,NA,NA,NA,NA,NA,NA,NA,NA,NA,NA,NA,NA,NA,NA,NA,NA,NA,NA,NA,2,2,2,,Republican,Democrat,NA
Female,African American,"Less than 30,000",4-year College Degree,Republican,NA,Strong Republican,NA,32,NA,NA,NA,FALSE,TRUE,TRUE,TRUE,TRUE,FALSE,FALSE,FALSE,FALSE,FALSE,,,NA,NA,NA,NA,NA,NA,NA,NA,NA,NA,NA,NA,NA,NA,NA,NA,NA,NA,NA,NA,NA,NA,NA,NA,NA,NA,NA,NA,NA,2,2,1,,Democrat,Republican,NA
Male,African American,NA,NA,NA,NA,NA,NA,NA,NA,NA,NA,NA,NA,NA,NA,NA,NA,NA,NA,NA,NA,,,NA,NA,NA,NA,NA,NA,NA,NA,NA,NA,NA,NA,NA,NA,NA,NA,NA,NA,NA,NA,NA,NA,NA,NA,NA,NA,NA,NA,NA,2,1,2,,NA,NA,NA
Female,African American,NA,NA,NA,NA,NA,NA,NA,NA,NA,NA,NA,NA,NA,NA,NA,NA,NA,NA,NA,NA,,,NA,NA,NA,NA,NA,NA,NA,NA,NA,NA,NA,NA,NA,NA,NA,NA,NA,NA,NA,NA,NA,NA,NA,NA,NA,NA,NA,NA,NA,2,2,1,,NA,NA,NA
Female,African American,NA,NA,NA,NA,NA,NA,NA,NA,NA,NA,NA,NA,NA,NA,NA,NA,NA,NA,NA,NA,,,NA,NA,NA,NA,NA,NA,NA,NA,NA,NA,NA,NA,NA,NA,NA,NA,NA,NA,NA,NA,NA,NA,NA,NA,NA,NA,NA,NA,NA,2,1,1,,NA,NA,NA
Female,African American,NA,NA,NA,NA,NA,NA,NA,NA,NA,NA,NA,NA,NA,NA,NA,NA,NA,NA,NA,NA,,,NA,NA,NA,NA,NA,NA,NA,NA,NA,NA,NA,NA,NA,NA,NA,NA,NA,NA,NA,NA,NA,NA,NA,NA,NA,NA,NA,NA,NA,2,1,2,,NA,NA,NA
Female,African American,NA,NA,NA,NA,NA,NA,NA,NA,NA,NA,NA,NA,NA,NA,NA,NA,NA,NA,NA,NA,,,NA,NA,NA,NA,NA,NA,NA,NA,NA,NA,NA,NA,NA,NA,NA,NA,NA,NA,NA,NA,NA,NA,NA,NA,NA,NA,NA,NA,NA,2,2,2,,NA,NA,NA
Female,African American,NA,NA,NA,NA,NA,NA,NA,NA,NA,NA,NA,NA,NA,NA,NA,NA,NA,NA,NA,NA,,,NA,NA,NA,NA,NA,NA,NA,NA,NA,NA,NA,NA,NA,NA,NA,NA,NA,NA,NA,NA,NA,NA,NA,NA,NA,NA,NA,NA,NA,1,1,1,,NA,NA,NA
Female,African American,NA,NA,NA,NA,NA,NA,NA,NA,NA,NA,NA,NA,NA,NA,NA,NA,NA,NA,NA,NA,,,NA,NA,NA,NA,NA,NA,NA,NA,NA,NA,NA,NA,NA,NA,NA,NA,NA,NA,NA,NA,NA,NA,NA,NA,NA,NA,NA,NA,NA,2,2,1,,NA,NA,NA
Female,African American,NA,NA,NA,NA,NA,NA,NA,NA,NA,NA,NA,NA,NA,NA,NA,NA,NA,NA,NA,NA,,,NA,NA,NA,NA,NA,NA,NA,NA,NA,NA,NA,NA,NA,NA,NA,NA,NA,NA,NA,NA,NA,NA,NA,NA,NA,NA,NA,NA,NA,2,2,1,,NA,NA,NA
Female,African American,NA,NA,NA,NA,NA,NA,NA,NA,NA,NA,NA,NA,NA,NA,NA,NA,NA,NA,NA,NA,,,NA,NA,NA,NA,NA,NA,NA,NA,NA,NA,NA,NA,NA,NA,NA,NA,NA,NA,NA,NA,NA,NA,NA,NA,NA,NA,NA,NA,NA,1,2,2,,NA,NA,NA
Male,African American,NA,NA,NA,NA,NA,NA,NA,NA,NA,NA,NA,NA,NA,NA,NA,NA,NA,NA,NA,NA,,,NA,NA,NA,NA,NA,NA,NA,NA,NA,NA,NA,NA,NA,NA,NA,NA,NA,NA,NA,NA,NA,NA,NA,NA,NA,NA,NA,NA,NA,1,1,2,,NA,NA,NA
Male,African American,NA,NA,NA,NA,NA,NA,NA,NA,NA,NA,NA,NA,NA,NA,NA,NA,NA,NA,NA,NA,,,NA,NA,NA,NA,NA,NA,NA,NA,NA,NA,NA,NA,NA,NA,NA,NA,NA,NA,NA,NA,NA,NA,NA,NA,NA,NA,NA,NA,NA,1,1,1,,NA,NA,NA
Female,African American,NA,NA,NA,NA,NA,NA,NA,NA,NA,NA,NA,NA,NA,NA,NA,NA,NA,NA,NA,NA,,,NA,NA,NA,NA,NA,NA,NA,NA,NA,NA,NA,NA,NA,NA,NA,NA,NA,NA,NA,NA,NA,NA,NA,NA,NA,NA,NA,NA,NA,1,2,1,,NA,NA,NA
Female,African American,NA,NA,NA,NA,NA,NA,NA,NA,NA,NA,NA,NA,NA,NA,NA,NA,NA,NA,NA,NA,,,NA,NA,NA,NA,NA,NA,NA,NA,NA,NA,NA,NA,NA,NA,NA,NA,NA,NA,NA,NA,NA,NA,NA,NA,NA,NA,NA,NA,NA,1,1,2,,NA,NA,NA
Female,African American,NA,NA,NA,NA,NA,NA,NA,NA,NA,NA,NA,NA,NA,NA,NA,NA,NA,NA,NA,NA,,,NA,NA,NA,NA,NA,NA,NA,NA,NA,NA,NA,NA,NA,NA,NA,NA,NA,NA,NA,NA,NA,NA,NA,NA,NA,NA,NA,NA,NA,1,2,1,,NA,NA,NA
Female,African American,NA,NA,NA,NA,NA,NA,NA,NA,NA,NA,NA,NA,NA,NA,NA,NA,NA,NA,NA,NA,,,NA,NA,NA,NA,NA,NA,NA,NA,NA,NA,NA,NA,NA,NA,NA,NA,NA,NA,NA,NA,NA,NA,NA,NA,NA,NA,NA,NA,NA,2,2,1,,NA,NA,NA
Male,African American,NA,NA,NA,NA,NA,NA,NA,NA,NA,NA,NA,NA,NA,NA,NA,NA,NA,NA,NA,NA,,,NA,NA,NA,NA,NA,NA,NA,NA,NA,NA,NA,NA,NA,NA,NA,NA,NA,NA,NA,NA,NA,NA,NA,NA,NA,NA,NA,NA,NA,1,1,2,,NA,NA,NA
Female,African American,NA,NA,NA,NA,NA,NA,NA,NA,NA,NA,NA,NA,NA,NA,NA,NA,NA,NA,NA,NA,,,NA,NA,NA,NA,NA,NA,NA,NA,NA,NA,NA,NA,NA,NA,NA,NA,NA,NA,NA,NA,NA,NA,NA,NA,NA,NA,NA,NA,NA,1,1,1,,NA,NA,NA
Female,African American,NA,NA,NA,NA,NA,NA,NA,NA,NA,NA,NA,NA,NA,NA,NA,NA,NA,NA,NA,NA,,,NA,NA,NA,NA,NA,NA,NA,NA,NA,NA,NA,NA,NA,NA,NA,NA,NA,NA,NA,NA,NA,NA,NA,NA,NA,NA,NA,NA,NA,1,1,1,,NA,NA,NA
Male,African American,NA,NA,NA,NA,NA,NA,NA,NA,NA,NA,NA,NA,NA,NA,NA,NA,NA,NA,NA,NA,,,NA,NA,NA,NA,NA,NA,NA,NA,NA,NA,NA,NA,NA,NA,NA,NA,NA,NA,NA,NA,NA,NA,NA,NA,NA,NA,NA,NA,NA,1,1,1,,NA,NA,NA
Male,African American,NA,NA,NA,NA,NA,NA,NA,NA,NA,NA,NA,NA,NA,NA,NA,NA,NA,NA,NA,NA,,,NA,NA,NA,NA,NA,NA,NA,NA,NA,NA,NA,NA,NA,NA,NA,NA,NA,NA,NA,NA,NA,NA,NA,NA,NA,NA,NA,NA,NA,2,1,1,,NA,NA,NA
Male,African American,NA,NA,NA,NA,NA,NA,NA,NA,NA,NA,NA,NA,NA,NA,NA,NA,NA,NA,NA,NA,,,NA,NA,NA,NA,NA,NA,NA,NA,NA,NA,NA,NA,NA,NA,NA,NA,NA,NA,NA,NA,NA,NA,NA,NA,NA,NA,NA,NA,NA,1,2,2,,NA,NA,NA
Male,African American,NA,NA,NA,NA,NA,NA,NA,NA,NA,NA,NA,NA,NA,NA,NA,NA,NA,NA,NA,NA,,,NA,NA,NA,NA,NA,NA,NA,NA,NA,NA,NA,NA,NA,NA,NA,NA,NA,NA,NA,NA,NA,NA,NA,NA,NA,NA,NA,NA,NA,1,1,1,,NA,NA,NA
Female,African American,NA,NA,NA,NA,NA,NA,NA,NA,NA,NA,NA,NA,NA,NA,NA,NA,NA,NA,NA,NA,,,NA,NA,NA,NA,NA,NA,NA,NA,NA,NA,NA,NA,NA,NA,NA,NA,NA,NA,NA,NA,NA,NA,NA,NA,NA,NA,NA,NA,NA,2,1,2,,NA,NA,NA
Female,African American,NA,NA,NA,NA,NA,NA,NA,NA,NA,NA,NA,NA,NA,NA,NA,NA,NA,NA,NA,NA,,,NA,NA,NA,NA,NA,NA,NA,NA,NA,NA,NA,NA,NA,NA,NA,NA,NA,NA,NA,NA,NA,NA,NA,NA,NA,NA,NA,NA,NA,2,2,2,,NA,NA,NA
Female,African American,NA,NA,NA,NA,NA,NA,NA,NA,NA,NA,NA,NA,NA,NA,NA,NA,NA,NA,NA,NA,,,NA,NA,NA,NA,NA,NA,NA,NA,NA,NA,NA,NA,NA,NA,NA,NA,NA,NA,NA,NA,NA,NA,NA,NA,NA,NA,NA,NA,NA,2,2,1,,NA,NA,NA
Female,African American,NA,NA,NA,NA,NA,NA,NA,NA,NA,NA,NA,NA,NA,NA,NA,NA,NA,NA,NA,NA,,,NA,NA,NA,NA,NA,NA,NA,NA,NA,NA,NA,NA,NA,NA,NA,NA,NA,NA,NA,NA,NA,NA,NA,NA,NA,NA,NA,NA,NA,2,2,2,,NA,NA,NA
Female,African American,NA,NA,NA,NA,NA,NA,NA,NA,NA,NA,NA,NA,NA,NA,NA,NA,NA,NA,NA,NA,,,NA,NA,NA,NA,NA,NA,NA,NA,NA,NA,NA,NA,NA,NA,NA,NA,NA,NA,NA,NA,NA,NA,NA,NA,NA,NA,NA,NA,NA,2,1,2,,NA,NA,NA
Female,African American,NA,NA,NA,NA,NA,NA,NA,NA,NA,NA,NA,NA,NA,NA,NA,NA,NA,NA,NA,NA,,,NA,NA,NA,NA,NA,NA,NA,NA,NA,NA,NA,NA,NA,NA,NA,NA,NA,NA,NA,NA,NA,NA,NA,NA,NA,NA,NA,NA,NA,2,2,2,,NA,NA,NA
Female,African American,NA,NA,NA,NA,NA,NA,NA,NA,NA,NA,NA,NA,NA,NA,NA,NA,NA,NA,NA,NA,,,NA,NA,NA,NA,NA,NA,NA,NA,NA,NA,NA,NA,NA,NA,NA,NA,NA,NA,NA,NA,NA,NA,NA,NA,NA,NA,NA,NA,NA,2,2,1,,NA,NA,NA
Male,African American,NA,NA,NA,NA,NA,NA,NA,NA,NA,NA,NA,NA,NA,NA,NA,NA,NA,NA,NA,NA,,,NA,NA,NA,NA,NA,NA,NA,NA,NA,NA,NA,NA,NA,NA,NA,NA,NA,NA,NA,NA,NA,NA,NA,NA,NA,NA,NA,NA,NA,2,1,2,,NA,NA,NA
Male,African American,NA,NA,NA,NA,NA,NA,NA,NA,NA,NA,NA,NA,NA,NA,NA,NA,NA,NA,NA,NA,,,NA,NA,NA,NA,NA,NA,NA,NA,NA,NA,NA,NA,NA,NA,NA,NA,NA,NA,NA,NA,NA,NA,NA,NA,NA,NA,NA,NA,NA,2,2,2,,NA,NA,NA
Male,African American,NA,NA,NA,NA,NA,NA,NA,NA,NA,NA,NA,NA,NA,NA,NA,NA,NA,NA,NA,NA,,,NA,NA,NA,NA,NA,NA,NA,NA,NA,NA,NA,NA,NA,NA,NA,NA,NA,NA,NA,NA,NA,NA,NA,NA,NA,NA,NA,NA,NA,1,2,1,,NA,NA,NA
Female,African American,NA,NA,NA,NA,NA,NA,NA,NA,NA,NA,NA,NA,NA,NA,NA,NA,NA,NA,NA,NA,,,NA,NA,NA,NA,NA,NA,NA,NA,NA,NA,NA,NA,NA,NA,NA,NA,NA,NA,NA,NA,NA,NA,NA,NA,NA,NA,NA,NA,NA,2,2,1,,NA,NA,NA
Female,African American,NA,NA,NA,NA,NA,NA,NA,NA,NA,NA,NA,NA,NA,NA,NA,NA,NA,NA,NA,NA,,,NA,NA,NA,NA,NA,NA,NA,NA,NA,NA,NA,NA,NA,NA,NA,NA,NA,NA,NA,NA,NA,NA,NA,NA,NA,NA,NA,NA,NA,2,2,1,,NA,NA,NA
Female,African American,NA,NA,NA,NA,NA,NA,NA,NA,NA,NA,NA,NA,NA,NA,NA,NA,NA,NA,NA,NA,,,NA,NA,NA,NA,NA,NA,NA,NA,NA,NA,NA,NA,NA,NA,NA,NA,NA,NA,NA,NA,NA,NA,NA,NA,NA,NA,NA,NA,NA,2,2,2,,NA,NA,NA
Female,African American,NA,NA,NA,NA,NA,NA,NA,NA,NA,NA,NA,NA,NA,NA,NA,NA,NA,NA,NA,NA,,,NA,NA,NA,NA,NA,NA,NA,NA,NA,NA,NA,NA,NA,NA,NA,NA,NA,NA,NA,NA,NA,NA,NA,NA,NA,NA,NA,NA,NA,1,1,2,,NA,NA,NA
Female,African American,NA,NA,NA,NA,NA,NA,NA,NA,NA,NA,NA,NA,NA,NA,NA,NA,NA,NA,NA,NA,,,NA,NA,NA,NA,NA,NA,NA,NA,NA,NA,NA,NA,NA,NA,NA,NA,NA,NA,NA,NA,NA,NA,NA,NA,NA,NA,NA,NA,NA,2,2,1,,NA,NA,NA
Female,African American,NA,NA,NA,NA,NA,NA,NA,NA,NA,NA,NA,NA,NA,NA,NA,NA,NA,NA,NA,NA,,,NA,NA,NA,NA,NA,NA,NA,NA,NA,NA,NA,NA,NA,NA,NA,NA,NA,NA,NA,NA,NA,NA,NA,NA,NA,NA,NA,NA,NA,2,1,2,,NA,NA,NA
Male,African American,NA,NA,NA,NA,NA,NA,NA,NA,NA,NA,NA,NA,NA,NA,NA,NA,NA,NA,NA,NA,,,NA,NA,NA,NA,NA,NA,NA,NA,NA,NA,NA,NA,NA,NA,NA,NA,NA,NA,NA,NA,NA,NA,NA,NA,NA,NA,NA,NA,NA,1,2,1,,NA,NA,NA
Male,African American,NA,NA,NA,NA,NA,NA,NA,NA,NA,NA,NA,NA,NA,NA,NA,NA,NA,NA,NA,NA,,,NA,NA,NA,NA,NA,NA,NA,NA,NA,NA,NA,NA,NA,NA,NA,NA,NA,NA,NA,NA,NA,NA,NA,NA,NA,NA,NA,NA,NA,2,2,1,,NA,NA,NA
Female,White/Caucasian,"Less than 30,000",2-year College Degree,NA,NA,NA,NA,NA,NA,NA,NA,NA,NA,NA,NA,NA,NA,NA,NA,NA,NA,,,NA,NA,NA,NA,NA,NA,NA,NA,NA,NA,NA,NA,NA,NA,NA,NA,NA,NA,NA,NA,NA,NA,NA,NA,NA,NA,NA,NA,NA,1,2,1,,NA,NA,NA
Female,African American,NA,NA,NA,NA,NA,NA,NA,NA,NA,NA,NA,NA,NA,NA,NA,NA,NA,NA,NA,NA,,,NA,NA,NA,NA,NA,NA,NA,NA,NA,NA,NA,NA,NA,NA,NA,NA,NA,NA,NA,NA,NA,NA,NA,NA,NA,NA,NA,NA,NA,2,2,1,,NA,NA,NA
Female,African American,NA,NA,NA,NA,NA,NA,NA,NA,NA,NA,NA,NA,NA,NA,NA,NA,NA,NA,NA,NA,,,NA,NA,NA,NA,NA,NA,NA,NA,NA,NA,NA,NA,NA,NA,NA,NA,NA,NA,NA,NA,NA,NA,NA,NA,NA,NA,NA,NA,NA,1,2,1,,NA,NA,NA
Male,White/Caucasian,"80,000 – 89,999",4-year College Degree,NA,NA,NA,NA,NA,NA,NA,NA,NA,NA,NA,NA,NA,NA,NA,NA,NA,NA,,,NA,NA,NA,NA,NA,NA,NA,NA,NA,NA,NA,NA,NA,NA,NA,NA,NA,NA,NA,NA,NA,NA,NA,NA,NA,NA,NA,NA,NA,1,2,1,,NA,NA,NA
Female,African American,NA,NA,NA,NA,NA,NA,NA,NA,NA,NA,NA,NA,NA,NA,NA,NA,NA,NA,NA,NA,,,NA,NA,NA,NA,NA,NA,NA,NA,NA,NA,NA,NA,NA,NA,NA,NA,NA,NA,NA,NA,NA,NA,NA,NA,NA,NA,NA,NA,NA,1,2,1,,NA,NA,NA
Male,African American,NA,NA,NA,NA,NA,NA,NA,NA,NA,NA,NA,NA,NA,NA,NA,NA,NA,NA,NA,NA,,,NA,NA,NA,NA,NA,NA,NA,NA,NA,NA,NA,NA,NA,NA,NA,NA,NA,NA,NA,NA,NA,NA,NA,NA,NA,NA,NA,NA,NA,1,1,1,,NA,NA,NA
Female,African American,NA,NA,NA,NA,NA,NA,NA,NA,NA,NA,NA,NA,NA,NA,NA,NA,NA,NA,NA,NA,,,NA,NA,NA,NA,NA,NA,NA,NA,NA,NA,NA,NA,NA,NA,NA,NA,NA,NA,NA,NA,NA,NA,NA,NA,NA,NA,NA,NA,NA,1,2,2,,NA,NA,NA
NA,NA,NA,NA,NA,NA,NA,NA,NA,NA,NA,NA,NA,NA,NA,NA,NA,NA,NA,NA,NA,NA,,,NA,NA,NA,NA,NA,NA,NA,NA,NA,NA,NA,NA,NA,NA,NA,NA,NA,NA,NA,NA,NA,NA,NA,NA,NA,NA,NA,NA,NA,1,2,2,4,NA,NA,NA
Female,African American,NA,NA,NA,NA,NA,NA,NA,NA,NA,NA,NA,NA,NA,NA,NA,NA,NA,NA,NA,NA,,,NA,NA,NA,NA,NA,NA,NA,NA,NA,NA,NA,NA,NA,NA,NA,NA,NA,NA,NA,NA,NA,NA,NA,NA,NA,NA,NA,NA,NA,1,2,2,,NA,NA,NA
NA,NA,NA,NA,NA,NA,NA,NA,NA,NA,NA,NA,NA,NA,NA,NA,NA,NA,NA,NA,NA,NA,,,NA,NA,NA,NA,NA,NA,NA,NA,NA,NA,NA,NA,NA,NA,NA,NA,NA,NA,NA,NA,NA,NA,NA,NA,NA,NA,NA,NA,NA,2,1,2,4,NA,NA,NA
Female,African American,NA,NA,NA,NA,NA,NA,NA,NA,NA,NA,NA,NA,NA,NA,NA,NA,NA,NA,NA,NA,,,NA,NA,NA,NA,NA,NA,NA,NA,NA,NA,NA,NA,NA,NA,NA,NA,NA,NA,NA,NA,NA,NA,NA,NA,NA,NA,NA,NA,NA,1,1,2,,NA,NA,NA
Male,Native American,"Less than 30,000",High School / GED,NA,NA,NA,NA,NA,NA,NA,NA,NA,NA,NA,NA,NA,NA,NA,NA,NA,NA,,,NA,NA,NA,NA,NA,NA,NA,NA,NA,NA,NA,NA,NA,NA,NA,NA,NA,NA,NA,NA,NA,NA,NA,NA,NA,NA,NA,NA,NA,2,1,2,,NA,NA,NA
Female,African American,NA,NA,NA,NA,NA,NA,NA,NA,NA,NA,NA,NA,NA,NA,NA,NA,NA,NA,NA,NA,,,NA,NA,NA,NA,NA,NA,NA,NA,NA,NA,NA,NA,NA,NA,NA,NA,NA,NA,NA,NA,NA,NA,NA,NA,NA,NA,NA,NA,NA,2,1,1,,NA,NA,NA
Male,African American,NA,NA,NA,NA,NA,NA,NA,NA,NA,NA,NA,NA,NA,NA,NA,NA,NA,NA,NA,NA,,,NA,NA,NA,NA,NA,NA,NA,NA,NA,NA,NA,NA,NA,NA,NA,NA,NA,NA,NA,NA,NA,NA,NA,NA,NA,NA,NA,NA,NA,1,2,2,,NA,NA,NA
Female,African American,NA,NA,NA,NA,NA,NA,NA,NA,NA,NA,NA,NA,NA,NA,NA,NA,NA,NA,NA,NA,,,NA,NA,NA,NA,NA,NA,NA,NA,NA,NA,NA,NA,NA,NA,NA,NA,NA,NA,NA,NA,NA,NA,NA,NA,NA,NA,NA,NA,NA,1,1,1,,NA,NA,NA
Female,African American,NA,NA,NA,NA,NA,NA,NA,NA,NA,NA,NA,NA,NA,NA,NA,NA,NA,NA,NA,NA,,,NA,NA,NA,NA,NA,NA,NA,NA,NA,NA,NA,NA,NA,NA,NA,NA,NA,NA,NA,NA,NA,NA,NA,NA,NA,NA,NA,NA,NA,2,1,2,,NA,NA,NA
Female,White/Caucasian,"100,000 or more",Masters Degree,Republican,NA,Strong Republican,NA,22,No,No,No,TRUE,FALSE,FALSE,FALSE,FALSE,FALSE,FALSE,TRUE,FALSE,TRUE,0,100,Strongly agree,Strongly agree,Strongly disagree,Yes,No,5 - A great deal,5- Very like me,5- Very like me,1- Very unlike me,3,1- Very unlike me,1- Very unlike me,1- Very unlike me,5- Very like me,5- Very like me,1- Very unlike me,1- Very unlike me,5- Very like me,NA,NA,NA,NA,Arizona,Strongly oppose,Unjustified,Yes,NA,NA,NA,1,2,2,1,Democrat,Republican,NA
Female,African American,NA,NA,NA,NA,NA,NA,NA,NA,NA,NA,NA,NA,NA,NA,NA,NA,NA,NA,NA,NA,,,NA,NA,NA,NA,NA,NA,NA,NA,NA,NA,NA,NA,NA,NA,NA,NA,NA,NA,NA,NA,NA,NA,NA,NA,NA,NA,NA,NA,NA,2,1,2,,NA,NA,NA
Female,African American,NA,NA,NA,NA,NA,NA,NA,NA,NA,NA,NA,NA,NA,NA,NA,NA,NA,NA,NA,NA,,,NA,NA,NA,NA,NA,NA,NA,NA,NA,NA,NA,NA,NA,NA,NA,NA,NA,NA,NA,NA,NA,NA,NA,NA,NA,NA,NA,NA,NA,1,2,1,,NA,NA,NA
Male,White/Caucasian,"30,000 – 39,999",High School / GED,NA,NA,NA,NA,NA,NA,NA,NA,NA,NA,NA,NA,NA,NA,NA,NA,NA,NA,,,NA,NA,NA,NA,NA,NA,NA,NA,NA,NA,NA,NA,NA,NA,NA,NA,NA,NA,NA,NA,NA,NA,NA,NA,NA,NA,NA,NA,NA,2,2,2,,NA,NA,NA
Female,African American,NA,NA,NA,NA,NA,NA,NA,NA,NA,NA,NA,NA,NA,NA,NA,NA,NA,NA,NA,NA,,,NA,NA,NA,NA,NA,NA,NA,NA,NA,NA,NA,NA,NA,NA,NA,NA,NA,NA,NA,NA,NA,NA,NA,NA,NA,NA,NA,NA,NA,1,2,1,,NA,NA,NA
Female,African American,NA,NA,NA,NA,NA,NA,NA,NA,NA,NA,NA,NA,NA,NA,NA,NA,NA,NA,NA,NA,,,NA,NA,NA,NA,NA,NA,NA,NA,NA,NA,NA,NA,NA,NA,NA,NA,NA,NA,NA,NA,NA,NA,NA,NA,NA,NA,NA,NA,NA,1,2,2,,NA,NA,NA
Female,African American,NA,NA,NA,NA,NA,NA,NA,NA,NA,NA,NA,NA,NA,NA,NA,NA,NA,NA,NA,NA,,,NA,NA,NA,NA,NA,NA,NA,NA,NA,NA,NA,NA,NA,NA,NA,NA,NA,NA,NA,NA,NA,NA,NA,NA,NA,NA,NA,NA,NA,1,2,2,,NA,NA,NA
Male,African American,NA,NA,NA,NA,NA,NA,NA,NA,NA,NA,NA,NA,NA,NA,NA,NA,NA,NA,NA,NA,,,NA,NA,NA,NA,NA,NA,NA,NA,NA,NA,NA,NA,NA,NA,NA,NA,NA,NA,NA,NA,NA,NA,NA,NA,NA,NA,NA,NA,NA,1,1,2,,NA,NA,NA
Male,African American,NA,NA,NA,NA,NA,NA,NA,NA,NA,NA,NA,NA,NA,NA,NA,NA,NA,NA,NA,NA,,,NA,NA,NA,NA,NA,NA,NA,NA,NA,NA,NA,NA,NA,NA,NA,NA,NA,NA,NA,NA,NA,NA,NA,NA,NA,NA,NA,NA,NA,2,1,1,,NA,NA,NA
Female,African American,NA,NA,NA,NA,NA,NA,NA,NA,NA,NA,NA,NA,NA,NA,NA,NA,NA,NA,NA,NA,,,NA,NA,NA,NA,NA,NA,NA,NA,NA,NA,NA,NA,NA,NA,NA,NA,NA,NA,NA,NA,NA,NA,NA,NA,NA,NA,NA,NA,NA,1,2,2,,NA,NA,NA
Male,African American,NA,NA,NA,NA,NA,NA,NA,NA,NA,NA,NA,NA,NA,NA,NA,NA,NA,NA,NA,NA,,,NA,NA,NA,NA,NA,NA,NA,NA,NA,NA,NA,NA,NA,NA,NA,NA,NA,NA,NA,NA,NA,NA,NA,NA,NA,NA,NA,NA,NA,2,2,2,,NA,NA,NA
Male,African American,NA,NA,NA,NA,NA,NA,NA,NA,NA,NA,NA,NA,NA,NA,NA,NA,NA,NA,NA,NA,,,NA,NA,NA,NA,NA,NA,NA,NA,NA,NA,NA,NA,NA,NA,NA,NA,NA,NA,NA,NA,NA,NA,NA,NA,NA,NA,NA,NA,NA,1,1,2,,NA,NA,NA
Male,African American,"40,000 – 49,999",Some College,Democrat,NA,NA,Strong Democrat,71,NA,NA,NA,TRUE,TRUE,TRUE,TRUE,TRUE,FALSE,TRUE,FALSE,FALSE,FALSE,80,42,Neither agree nor disagree,Strongly agree,Neither agree nor disagree,No,No,1 - Not at all,NA,NA,NA,NA,NA,NA,NA,NA,NA,NA,NA,NA,NA,NA,NA,NA,NA,NA,NA,NA,NA,NA,NA,2,1,2,,Republican,Democrat,NA
Female,African American,NA,NA,NA,NA,NA,NA,NA,NA,NA,NA,NA,NA,NA,NA,NA,NA,NA,NA,NA,NA,,,NA,NA,NA,NA,NA,NA,NA,NA,NA,NA,NA,NA,NA,NA,NA,NA,NA,NA,NA,NA,NA,NA,NA,NA,NA,NA,NA,NA,NA,1,1,1,,NA,NA,NA
Male,African American,NA,NA,NA,NA,NA,NA,NA,NA,NA,NA,NA,NA,NA,NA,NA,NA,NA,NA,NA,NA,,,NA,NA,NA,NA,NA,NA,NA,NA,NA,NA,NA,NA,NA,NA,NA,NA,NA,NA,NA,NA,NA,NA,NA,NA,NA,NA,NA,NA,NA,1,2,1,,NA,NA,NA
Female,African American,NA,NA,NA,NA,NA,NA,NA,NA,NA,NA,NA,NA,NA,NA,NA,NA,NA,NA,NA,NA,,,NA,NA,NA,NA,NA,NA,NA,NA,NA,NA,NA,NA,NA,NA,NA,NA,NA,NA,NA,NA,NA,NA,NA,NA,NA,NA,NA,NA,NA,1,1,1,,NA,NA,NA
Female,African American,NA,NA,NA,NA,NA,NA,NA,NA,NA,NA,NA,NA,NA,NA,NA,NA,NA,NA,NA,NA,,,NA,NA,NA,NA,NA,NA,NA,NA,NA,NA,NA,NA,NA,NA,NA,NA,NA,NA,NA,NA,NA,NA,NA,NA,NA,NA,NA,NA,NA,1,2,2,,NA,NA,NA
Female,African American,NA,NA,NA,NA,NA,NA,NA,NA,NA,NA,NA,NA,NA,NA,NA,NA,NA,NA,NA,NA,,,NA,NA,NA,NA,NA,NA,NA,NA,NA,NA,NA,NA,NA,NA,NA,NA,NA,NA,NA,NA,NA,NA,NA,NA,NA,NA,NA,NA,NA,1,2,1,,NA,NA,NA
Female,White/Caucasian,"100,000 or more",4-year College Degree,Democrat,NA,NA,Strong Democrat,29,Yes,Yes,Yes,TRUE,FALSE,TRUE,FALSE,TRUE,TRUE,TRUE,TRUE,TRUE,TRUE,83,6,Neither agree nor disagree,Neither agree nor disagree,Neither agree nor disagree,Yes,Yes,5 - A great deal,5- Very like me,5- Very like me,5- Very like me,5- Very like me,4,2,3,1- Very unlike me,1- Very unlike me,4,4,5- Very like me,NA,NA,NA,NA,NA,NA,NA,NA,Florida,2 - 5 years in prison,Neither support nor oppose,2,1,1,1,Republican,Democrat,protesting without a permit
Female,African American,NA,NA,NA,NA,NA,NA,NA,NA,NA,NA,NA,NA,NA,NA,NA,NA,NA,NA,NA,NA,,,NA,NA,NA,NA,NA,NA,NA,NA,NA,NA,NA,NA,NA,NA,NA,NA,NA,NA,NA,NA,NA,NA,NA,NA,NA,NA,NA,NA,NA,2,2,2,,NA,NA,NA
Female,African American,NA,NA,NA,NA,NA,NA,NA,NA,NA,NA,NA,NA,NA,NA,NA,NA,NA,NA,NA,NA,,,NA,NA,NA,NA,NA,NA,NA,NA,NA,NA,NA,NA,NA,NA,NA,NA,NA,NA,NA,NA,NA,NA,NA,NA,NA,NA,NA,NA,NA,1,1,1,,NA,NA,NA
Female,African American,"Less than 30,000",2-year College Degree,Democrat,NA,NA,Strong Democrat,60,Yes,Yes,Yes,TRUE,TRUE,TRUE,TRUE,TRUE,FALSE,FALSE,TRUE,TRUE,TRUE,,51,NA,NA,NA,NA,NA,NA,NA,NA,NA,NA,NA,NA,NA,NA,NA,NA,NA,NA,NA,NA,NA,NA,NA,NA,NA,NA,NA,NA,NA,2,2,1,,Republican,Democrat,NA
Female,Other,"Less than 30,000",High School / GED,Democrat,NA,NA,Strong Democrat,18,NA,NA,NA,NA,NA,NA,NA,NA,NA,NA,NA,NA,NA,,,NA,NA,NA,NA,NA,NA,NA,NA,NA,NA,NA,NA,NA,NA,NA,NA,NA,NA,NA,NA,NA,NA,NA,NA,NA,NA,NA,NA,NA,1,1,1,2,NA,NA,NA
Female,African American,NA,NA,NA,NA,NA,NA,NA,NA,NA,NA,NA,NA,NA,NA,NA,NA,NA,NA,NA,NA,,,NA,NA,NA,NA,NA,NA,NA,NA,NA,NA,NA,NA,NA,NA,NA,NA,NA,NA,NA,NA,NA,NA,NA,NA,NA,NA,NA,NA,NA,1,2,2,,NA,NA,NA
Female,African American,NA,NA,NA,NA,NA,NA,NA,NA,NA,NA,NA,NA,NA,NA,NA,NA,NA,NA,NA,NA,,,NA,NA,NA,NA,NA,NA,NA,NA,NA,NA,NA,NA,NA,NA,NA,NA,NA,NA,NA,NA,NA,NA,NA,NA,NA,NA,NA,NA,NA,1,1,2,,NA,NA,NA
Female,African American,NA,NA,NA,NA,NA,NA,NA,NA,NA,NA,NA,NA,NA,NA,NA,NA,NA,NA,NA,NA,,,NA,NA,NA,NA,NA,NA,NA,NA,NA,NA,NA,NA,NA,NA,NA,NA,NA,NA,NA,NA,NA,NA,NA,NA,NA,NA,NA,NA,NA,2,2,2,,NA,NA,NA
Female,African American,NA,NA,NA,NA,NA,NA,NA,NA,NA,NA,NA,NA,NA,NA,NA,NA,NA,NA,NA,NA,,,NA,NA,NA,NA,NA,NA,NA,NA,NA,NA,NA,NA,NA,NA,NA,NA,NA,NA,NA,NA,NA,NA,NA,NA,NA,NA,NA,NA,NA,1,1,2,,NA,NA,NA
Female,African American,NA,NA,NA,NA,NA,NA,NA,NA,NA,NA,NA,NA,NA,NA,NA,NA,NA,NA,NA,NA,,,NA,NA,NA,NA,NA,NA,NA,NA,NA,NA,NA,NA,NA,NA,NA,NA,NA,NA,NA,NA,NA,NA,NA,NA,NA,NA,NA,NA,NA,2,1,1,,NA,NA,NA
Male,African American,NA,NA,NA,NA,NA,NA,NA,NA,NA,NA,NA,NA,NA,NA,NA,NA,NA,NA,NA,NA,,,NA,NA,NA,NA,NA,NA,NA,NA,NA,NA,NA,NA,NA,NA,NA,NA,NA,NA,NA,NA,NA,NA,NA,NA,NA,NA,NA,NA,NA,2,2,2,,NA,NA,NA
Female,African American,NA,NA,NA,NA,NA,NA,NA,NA,NA,NA,NA,NA,NA,NA,NA,NA,NA,NA,NA,NA,,,NA,NA,NA,NA,NA,NA,NA,NA,NA,NA,NA,NA,NA,NA,NA,NA,NA,NA,NA,NA,NA,NA,NA,NA,NA,NA,NA,NA,NA,2,2,1,,NA,NA,NA
Female,African American,NA,NA,NA,NA,NA,NA,NA,NA,NA,NA,NA,NA,NA,NA,NA,NA,NA,NA,NA,NA,,,NA,NA,NA,NA,NA,NA,NA,NA,NA,NA,NA,NA,NA,NA,NA,NA,NA,NA,NA,NA,NA,NA,NA,NA,NA,NA,NA,NA,NA,1,2,2,,NA,NA,NA
Female,African American,NA,NA,NA,NA,NA,NA,NA,NA,NA,NA,NA,NA,NA,NA,NA,NA,NA,NA,NA,NA,,,NA,NA,NA,NA,NA,NA,NA,NA,NA,NA,NA,NA,NA,NA,NA,NA,NA,NA,NA,NA,NA,NA,NA,NA,NA,NA,NA,NA,NA,2,1,1,,NA,NA,NA
Male,African American,NA,NA,NA,NA,NA,NA,NA,NA,NA,NA,NA,NA,NA,NA,NA,NA,NA,NA,NA,NA,,,NA,NA,NA,NA,NA,NA,NA,NA,NA,NA,NA,NA,NA,NA,NA,NA,NA,NA,NA,NA,NA,NA,NA,NA,NA,NA,NA,NA,NA,2,1,2,,NA,NA,NA
Female,Other,"Less than 30,000",Less than High School,Independent,Neither,NA,NA,NA,NA,NA,NA,NA,NA,NA,NA,NA,NA,NA,NA,NA,NA,,,NA,NA,NA,NA,NA,NA,NA,NA,NA,NA,NA,NA,NA,NA,NA,NA,NA,NA,NA,NA,NA,NA,NA,NA,NA,NA,NA,NA,NA,1,2,1,2,NA,NA,NA
Female,African American,"Less than 30,000",High School / GED,Democrat,NA,NA,Strong Democrat,35,No,No,Yes,TRUE,FALSE,NA,NA,TRUE,NA,TRUE,NA,TRUE,NA,,,NA,NA,NA,NA,NA,NA,NA,NA,NA,NA,NA,NA,NA,NA,NA,NA,NA,NA,NA,NA,NA,NA,NA,NA,NA,NA,NA,NA,NA,1,1,2,,NA,NA,NA
Female,African American,NA,NA,NA,NA,NA,NA,NA,NA,NA,NA,NA,NA,NA,NA,NA,NA,NA,NA,NA,NA,,,NA,NA,NA,NA,NA,NA,NA,NA,NA,NA,NA,NA,NA,NA,NA,NA,NA,NA,NA,NA,NA,NA,NA,NA,NA,NA,NA,NA,NA,1,2,1,,NA,NA,NA
Female,African American,NA,NA,NA,NA,NA,NA,NA,NA,NA,NA,NA,NA,NA,NA,NA,NA,NA,NA,NA,NA,,,NA,NA,NA,NA,NA,NA,NA,NA,NA,NA,NA,NA,NA,NA,NA,NA,NA,NA,NA,NA,NA,NA,NA,NA,NA,NA,NA,NA,NA,2,2,1,,NA,NA,NA
Male,Other,"Less than 30,000",Less than High School,Other,Neither,NA,NA,NA,NA,NA,NA,NA,NA,NA,NA,NA,NA,NA,NA,NA,NA,,,NA,NA,NA,NA,NA,NA,NA,NA,NA,NA,NA,NA,NA,NA,NA,NA,NA,NA,NA,NA,NA,NA,NA,NA,NA,NA,NA,NA,NA,1,1,1,2,NA,NA,NA
Male,African American,NA,NA,NA,NA,NA,NA,NA,NA,NA,NA,NA,NA,NA,NA,NA,NA,NA,NA,NA,NA,,,NA,NA,NA,NA,NA,NA,NA,NA,NA,NA,NA,NA,NA,NA,NA,NA,NA,NA,NA,NA,NA,NA,NA,NA,NA,NA,NA,NA,NA,2,1,2,,NA,NA,NA
Female,African American,NA,NA,NA,NA,NA,NA,NA,NA,NA,NA,NA,NA,NA,NA,NA,NA,NA,NA,NA,NA,,,NA,NA,NA,NA,NA,NA,NA,NA,NA,NA,NA,NA,NA,NA,NA,NA,NA,NA,NA,NA,NA,NA,NA,NA,NA,NA,NA,NA,NA,1,1,1,,NA,NA,NA
Female,African American,NA,NA,NA,NA,NA,NA,NA,NA,NA,NA,NA,NA,NA,NA,NA,NA,NA,NA,NA,NA,,,NA,NA,NA,NA,NA,NA,NA,NA,NA,NA,NA,NA,NA,NA,NA,NA,NA,NA,NA,NA,NA,NA,NA,NA,NA,NA,NA,NA,NA,1,2,1,,NA,NA,NA
Female,African American,NA,NA,NA,NA,NA,NA,NA,NA,NA,NA,NA,NA,NA,NA,NA,NA,NA,NA,NA,NA,,,NA,NA,NA,NA,NA,NA,NA,NA,NA,NA,NA,NA,NA,NA,NA,NA,NA,NA,NA,NA,NA,NA,NA,NA,NA,NA,NA,NA,NA,2,2,1,,NA,NA,NA
Male,African American,NA,NA,NA,NA,NA,NA,NA,NA,NA,NA,NA,NA,NA,NA,NA,NA,NA,NA,NA,NA,,,NA,NA,NA,NA,NA,NA,NA,NA,NA,NA,NA,NA,NA,NA,NA,NA,NA,NA,NA,NA,NA,NA,NA,NA,NA,NA,NA,NA,NA,1,1,2,,NA,NA,NA
Female,African American,NA,NA,NA,NA,NA,NA,NA,NA,NA,NA,NA,NA,NA,NA,NA,NA,NA,NA,NA,NA,,,NA,NA,NA,NA,NA,NA,NA,NA,NA,NA,NA,NA,NA,NA,NA,NA,NA,NA,NA,NA,NA,NA,NA,NA,NA,NA,NA,NA,NA,2,1,1,,NA,NA,NA
Female,African American,NA,NA,NA,NA,NA,NA,NA,NA,NA,NA,NA,NA,NA,NA,NA,NA,NA,NA,NA,NA,,,NA,NA,NA,NA,NA,NA,NA,NA,NA,NA,NA,NA,NA,NA,NA,NA,NA,NA,NA,NA,NA,NA,NA,NA,NA,NA,NA,NA,NA,2,1,1,,NA,NA,NA
Male,African American,NA,NA,NA,NA,NA,NA,NA,NA,NA,NA,NA,NA,NA,NA,NA,NA,NA,NA,NA,NA,,,NA,NA,NA,NA,NA,NA,NA,NA,NA,NA,NA,NA,NA,NA,NA,NA,NA,NA,NA,NA,NA,NA,NA,NA,NA,NA,NA,NA,NA,2,2,1,,NA,NA,NA
Female,African American,NA,NA,NA,NA,NA,NA,NA,NA,NA,NA,NA,NA,NA,NA,NA,NA,NA,NA,NA,NA,,,NA,NA,NA,NA,NA,NA,NA,NA,NA,NA,NA,NA,NA,NA,NA,NA,NA,NA,NA,NA,NA,NA,NA,NA,NA,NA,NA,NA,NA,1,2,1,,NA,NA,NA
Female,African American,NA,NA,NA,NA,NA,NA,NA,NA,NA,NA,NA,NA,NA,NA,NA,NA,NA,NA,NA,NA,,,NA,NA,NA,NA,NA,NA,NA,NA,NA,NA,NA,NA,NA,NA,NA,NA,NA,NA,NA,NA,NA,NA,NA,NA,NA,NA,NA,NA,NA,2,2,2,,NA,NA,NA
Female,African American,NA,NA,NA,NA,NA,NA,NA,NA,NA,NA,NA,NA,NA,NA,NA,NA,NA,NA,NA,NA,,,NA,NA,NA,NA,NA,NA,NA,NA,NA,NA,NA,NA,NA,NA,NA,NA,NA,NA,NA,NA,NA,NA,NA,NA,NA,NA,NA,NA,NA,2,2,1,,NA,NA,NA
Female,African American,NA,NA,NA,NA,NA,NA,NA,NA,NA,NA,NA,NA,NA,NA,NA,NA,NA,NA,NA,NA,,,NA,NA,NA,NA,NA,NA,NA,NA,NA,NA,NA,NA,NA,NA,NA,NA,NA,NA,NA,NA,NA,NA,NA,NA,NA,NA,NA,NA,NA,2,2,1,,NA,NA,NA
Female,African American,NA,NA,NA,NA,NA,NA,NA,NA,NA,NA,NA,NA,NA,NA,NA,NA,NA,NA,NA,NA,,,NA,NA,NA,NA,NA,NA,NA,NA,NA,NA,NA,NA,NA,NA,NA,NA,NA,NA,NA,NA,NA,NA,NA,NA,NA,NA,NA,NA,NA,2,1,1,,NA,NA,NA
Male,White/Caucasian,"70,000 – 79,999",Masters Degree,Democrat,NA,NA,Not a strong Democrat,35,NA,NA,NA,NA,NA,NA,NA,NA,NA,NA,NA,NA,NA,,,NA,NA,NA,NA,NA,NA,NA,NA,NA,NA,NA,NA,NA,NA,NA,NA,NA,NA,NA,NA,NA,NA,NA,NA,NA,NA,NA,NA,NA,2,2,2,2,NA,NA,NA
Female,African American,NA,NA,NA,NA,NA,NA,NA,NA,NA,NA,NA,NA,NA,NA,NA,NA,NA,NA,NA,NA,,,NA,NA,NA,NA,NA,NA,NA,NA,NA,NA,NA,NA,NA,NA,NA,NA,NA,NA,NA,NA,NA,NA,NA,NA,NA,NA,NA,NA,NA,2,2,2,,NA,NA,NA
Female,African American,NA,NA,NA,NA,NA,NA,NA,NA,NA,NA,NA,NA,NA,NA,NA,NA,NA,NA,NA,NA,,,NA,NA,NA,NA,NA,NA,NA,NA,NA,NA,NA,NA,NA,NA,NA,NA,NA,NA,NA,NA,NA,NA,NA,NA,NA,NA,NA,NA,NA,1,2,2,,NA,NA,NA
Female,African American,NA,NA,NA,NA,NA,NA,NA,NA,NA,NA,NA,NA,NA,NA,NA,NA,NA,NA,NA,NA,,,NA,NA,NA,NA,NA,NA,NA,NA,NA,NA,NA,NA,NA,NA,NA,NA,NA,NA,NA,NA,NA,NA,NA,NA,NA,NA,NA,NA,NA,2,1,2,,NA,NA,NA
Male,White/Caucasian,"100,000 or more",4-year College Degree,Democrat,NA,NA,Strong Democrat,34,No,Yes,Yes,FALSE,TRUE,TRUE,TRUE,TRUE,FALSE,FALSE,FALSE,TRUE,FALSE,96,29,Strongly agree,Neither agree nor disagree,Neither agree nor disagree,No,No,3,2,4,4,1- Very unlike me,2,2,3,3,2,3,4,2,NA,NA,NA,NA,NA,NA,NA,NA,California,2 - 5 years in prison,Neither support nor oppose,2,2,2,1,Republican,Democrat,vandalism
Female,African American,NA,NA,NA,NA,NA,NA,NA,NA,NA,NA,NA,NA,NA,NA,NA,NA,NA,NA,NA,NA,,,NA,NA,NA,NA,NA,NA,NA,NA,NA,NA,NA,NA,NA,NA,NA,NA,NA,NA,NA,NA,NA,NA,NA,NA,NA,NA,NA,NA,NA,1,1,2,,NA,NA,NA
Male,African American,"Less than 30,000",Some College,Democrat,NA,NA,Strong Democrat,61,NA,NA,NA,NA,NA,NA,NA,NA,NA,NA,NA,NA,NA,,,NA,NA,NA,NA,NA,NA,NA,NA,NA,NA,NA,NA,NA,NA,NA,NA,NA,NA,NA,NA,NA,NA,NA,NA,NA,NA,NA,NA,NA,1,1,1,,NA,NA,NA
Female,African American,NA,NA,NA,NA,NA,NA,NA,NA,NA,NA,NA,NA,NA,NA,NA,NA,NA,NA,NA,NA,,,NA,NA,NA,NA,NA,NA,NA,NA,NA,NA,NA,NA,NA,NA,NA,NA,NA,NA,NA,NA,NA,NA,NA,NA,NA,NA,NA,NA,NA,2,1,2,,NA,NA,NA
Female,White/Caucasian,"Less than 30,000",Doctoral Degree,Other,Neither,NA,NA,NA,NA,NA,NA,NA,NA,NA,NA,NA,NA,NA,NA,NA,NA,,,NA,NA,NA,NA,NA,NA,NA,NA,NA,NA,NA,NA,NA,NA,NA,NA,NA,NA,NA,NA,NA,NA,NA,NA,NA,NA,NA,NA,NA,2,2,1,2,NA,NA,NA
Female,African American,NA,NA,NA,NA,NA,NA,NA,NA,NA,NA,NA,NA,NA,NA,NA,NA,NA,NA,NA,NA,,,NA,NA,NA,NA,NA,NA,NA,NA,NA,NA,NA,NA,NA,NA,NA,NA,NA,NA,NA,NA,NA,NA,NA,NA,NA,NA,NA,NA,NA,2,2,1,,NA,NA,NA
Female,African American,NA,NA,NA,NA,NA,NA,NA,NA,NA,NA,NA,NA,NA,NA,NA,NA,NA,NA,NA,NA,,,NA,NA,NA,NA,NA,NA,NA,NA,NA,NA,NA,NA,NA,NA,NA,NA,NA,NA,NA,NA,NA,NA,NA,NA,NA,NA,NA,NA,NA,1,1,2,,NA,NA,NA
Female,African American,NA,NA,NA,NA,NA,NA,NA,NA,NA,NA,NA,NA,NA,NA,NA,NA,NA,NA,NA,NA,,,NA,NA,NA,NA,NA,NA,NA,NA,NA,NA,NA,NA,NA,NA,NA,NA,NA,NA,NA,NA,NA,NA,NA,NA,NA,NA,NA,NA,NA,1,2,2,,NA,NA,NA
Female,African American,NA,NA,NA,NA,NA,NA,NA,NA,NA,NA,NA,NA,NA,NA,NA,NA,NA,NA,NA,NA,,,NA,NA,NA,NA,NA,NA,NA,NA,NA,NA,NA,NA,NA,NA,NA,NA,NA,NA,NA,NA,NA,NA,NA,NA,NA,NA,NA,NA,NA,1,2,1,,NA,NA,NA
Female,African American,NA,NA,NA,NA,NA,NA,NA,NA,NA,NA,NA,NA,NA,NA,NA,NA,NA,NA,NA,NA,,,NA,NA,NA,NA,NA,NA,NA,NA,NA,NA,NA,NA,NA,NA,NA,NA,NA,NA,NA,NA,NA,NA,NA,NA,NA,NA,NA,NA,NA,2,2,1,,NA,NA,NA
Female,African American,NA,NA,NA,NA,NA,NA,NA,NA,NA,NA,NA,NA,NA,NA,NA,NA,NA,NA,NA,NA,,,NA,NA,NA,NA,NA,NA,NA,NA,NA,NA,NA,NA,NA,NA,NA,NA,NA,NA,NA,NA,NA,NA,NA,NA,NA,NA,NA,NA,NA,2,2,1,,NA,NA,NA
Female,African American,NA,NA,NA,NA,NA,NA,NA,NA,NA,NA,NA,NA,NA,NA,NA,NA,NA,NA,NA,NA,,,NA,NA,NA,NA,NA,NA,NA,NA,NA,NA,NA,NA,NA,NA,NA,NA,NA,NA,NA,NA,NA,NA,NA,NA,NA,NA,NA,NA,NA,1,2,2,,NA,NA,NA
Female,African American,NA,NA,NA,NA,NA,NA,NA,NA,NA,NA,NA,NA,NA,NA,NA,NA,NA,NA,NA,NA,,,NA,NA,NA,NA,NA,NA,NA,NA,NA,NA,NA,NA,NA,NA,NA,NA,NA,NA,NA,NA,NA,NA,NA,NA,NA,NA,NA,NA,NA,2,2,1,,NA,NA,NA
Female,African American,NA,NA,NA,NA,NA,NA,NA,NA,NA,NA,NA,NA,NA,NA,NA,NA,NA,NA,NA,NA,,,NA,NA,NA,NA,NA,NA,NA,NA,NA,NA,NA,NA,NA,NA,NA,NA,NA,NA,NA,NA,NA,NA,NA,NA,NA,NA,NA,NA,NA,1,2,1,,NA,NA,NA
Female,White/Caucasian,"Less than 30,000",Less than High School,Other,Neither,NA,NA,NA,NA,NA,NA,NA,NA,NA,NA,NA,NA,NA,NA,NA,NA,,,NA,NA,NA,NA,NA,NA,NA,NA,NA,NA,NA,NA,NA,NA,NA,NA,NA,NA,NA,NA,NA,NA,NA,NA,NA,NA,NA,NA,NA,2,1,1,2,NA,NA,NA
Female,African American,NA,NA,NA,NA,NA,NA,NA,NA,NA,NA,NA,NA,NA,NA,NA,NA,NA,NA,NA,NA,,,NA,NA,NA,NA,NA,NA,NA,NA,NA,NA,NA,NA,NA,NA,NA,NA,NA,NA,NA,NA,NA,NA,NA,NA,NA,NA,NA,NA,NA,2,2,1,,NA,NA,NA
Male,African American,NA,NA,NA,NA,NA,NA,NA,NA,NA,NA,NA,NA,NA,NA,NA,NA,NA,NA,NA,NA,,,NA,NA,NA,NA,NA,NA,NA,NA,NA,NA,NA,NA,NA,NA,NA,NA,NA,NA,NA,NA,NA,NA,NA,NA,NA,NA,NA,NA,NA,2,2,2,,NA,NA,NA
Female,Native American,"50,000 – 59,999",Masters Degree,Democrat,NA,NA,Strong Democrat,27,No,No,No,FALSE,TRUE,TRUE,TRUE,TRUE,TRUE,FALSE,TRUE,TRUE,TRUE,83,2,Neither agree nor disagree,Neither agree nor disagree,Neither agree nor disagree,No,No,1 - Not at all,4,4,4,3,3,4,3,2,2,3,1- Very unlike me,2,Georgia,Neither support nor oppose,Unjustified,No,NA,NA,NA,NA,NA,NA,NA,1,2,1,1,Republican,Democrat,NA
Female,African American,NA,NA,NA,NA,NA,NA,NA,NA,NA,NA,NA,NA,NA,NA,NA,NA,NA,NA,NA,NA,,,NA,NA,NA,NA,NA,NA,NA,NA,NA,NA,NA,NA,NA,NA,NA,NA,NA,NA,NA,NA,NA,NA,NA,NA,NA,NA,NA,NA,NA,2,2,2,,NA,NA,NA
Female,African American,NA,NA,NA,NA,NA,NA,NA,NA,NA,NA,NA,NA,NA,NA,NA,NA,NA,NA,NA,NA,,,NA,NA,NA,NA,NA,NA,NA,NA,NA,NA,NA,NA,NA,NA,NA,NA,NA,NA,NA,NA,NA,NA,NA,NA,NA,NA,NA,NA,NA,2,2,1,,NA,NA,NA
Male,African American,NA,NA,NA,NA,NA,NA,NA,NA,NA,NA,NA,NA,NA,NA,NA,NA,NA,NA,NA,NA,,,NA,NA,NA,NA,NA,NA,NA,NA,NA,NA,NA,NA,NA,NA,NA,NA,NA,NA,NA,NA,NA,NA,NA,NA,NA,NA,NA,NA,NA,1,2,1,,NA,NA,NA
Female,African American,NA,NA,NA,NA,NA,NA,NA,NA,NA,NA,NA,NA,NA,NA,NA,NA,NA,NA,NA,NA,,,NA,NA,NA,NA,NA,NA,NA,NA,NA,NA,NA,NA,NA,NA,NA,NA,NA,NA,NA,NA,NA,NA,NA,NA,NA,NA,NA,NA,NA,1,2,1,,NA,NA,NA
Female,African American,NA,NA,NA,NA,NA,NA,NA,NA,NA,NA,NA,NA,NA,NA,NA,NA,NA,NA,NA,NA,,,NA,NA,NA,NA,NA,NA,NA,NA,NA,NA,NA,NA,NA,NA,NA,NA,NA,NA,NA,NA,NA,NA,NA,NA,NA,NA,NA,NA,NA,2,1,1,,NA,NA,NA
Male,African American,NA,NA,NA,NA,NA,NA,NA,NA,NA,NA,NA,NA,NA,NA,NA,NA,NA,NA,NA,NA,,,NA,NA,NA,NA,NA,NA,NA,NA,NA,NA,NA,NA,NA,NA,NA,NA,NA,NA,NA,NA,NA,NA,NA,NA,NA,NA,NA,NA,NA,2,2,2,,NA,NA,NA
Male,Native American,"Less than 30,000",Less than High School,Republican,NA,Not a strong Republican,NA,28,NA,NA,NA,TRUE,FALSE,TRUE,TRUE,TRUE,TRUE,FALSE,TRUE,TRUE,TRUE,72,89,Strongly agree,Strongly agree,Strongly agree,Yes,No,1 - Not at all,1- Very unlike me,1- Very unlike me,3,4,2,2,3,3,4,3,3,2,NA,NA,NA,NA,NA,NA,NA,NA,Oregon,1 - 3 days in jail,Strongly support,2,1,2,1,Democrat,Republican,arson
Male,African American,NA,NA,NA,NA,NA,NA,NA,NA,NA,NA,NA,NA,NA,NA,NA,NA,NA,NA,NA,NA,,,NA,NA,NA,NA,NA,NA,NA,NA,NA,NA,NA,NA,NA,NA,NA,NA,NA,NA,NA,NA,NA,NA,NA,NA,NA,NA,NA,NA,NA,1,2,2,,NA,NA,NA
Male,African American,NA,NA,NA,NA,NA,NA,NA,NA,NA,NA,NA,NA,NA,NA,NA,NA,NA,NA,NA,NA,,,NA,NA,NA,NA,NA,NA,NA,NA,NA,NA,NA,NA,NA,NA,NA,NA,NA,NA,NA,NA,NA,NA,NA,NA,NA,NA,NA,NA,NA,1,1,1,,NA,NA,NA
Female,African American,NA,NA,NA,NA,NA,NA,NA,NA,NA,NA,NA,NA,NA,NA,NA,NA,NA,NA,NA,NA,,,NA,NA,NA,NA,NA,NA,NA,NA,NA,NA,NA,NA,NA,NA,NA,NA,NA,NA,NA,NA,NA,NA,NA,NA,NA,NA,NA,NA,NA,2,1,1,,NA,NA,NA
Female,African American,NA,NA,NA,NA,NA,NA,NA,NA,NA,NA,NA,NA,NA,NA,NA,NA,NA,NA,NA,NA,,,NA,NA,NA,NA,NA,NA,NA,NA,NA,NA,NA,NA,NA,NA,NA,NA,NA,NA,NA,NA,NA,NA,NA,NA,NA,NA,NA,NA,NA,2,1,1,,NA,NA,NA
Female,African American,NA,NA,NA,NA,NA,NA,NA,NA,NA,NA,NA,NA,NA,NA,NA,NA,NA,NA,NA,NA,,,NA,NA,NA,NA,NA,NA,NA,NA,NA,NA,NA,NA,NA,NA,NA,NA,NA,NA,NA,NA,NA,NA,NA,NA,NA,NA,NA,NA,NA,2,1,1,,NA,NA,NA
Female,African American,NA,NA,NA,NA,NA,NA,NA,NA,NA,NA,NA,NA,NA,NA,NA,NA,NA,NA,NA,NA,,,NA,NA,NA,NA,NA,NA,NA,NA,NA,NA,NA,NA,NA,NA,NA,NA,NA,NA,NA,NA,NA,NA,NA,NA,NA,NA,NA,NA,NA,2,1,1,,NA,NA,NA
Male,African American,NA,NA,NA,NA,NA,NA,NA,NA,NA,NA,NA,NA,NA,NA,NA,NA,NA,NA,NA,NA,,,NA,NA,NA,NA,NA,NA,NA,NA,NA,NA,NA,NA,NA,NA,NA,NA,NA,NA,NA,NA,NA,NA,NA,NA,NA,NA,NA,NA,NA,1,2,1,,NA,NA,NA
Female,African American,NA,NA,NA,NA,NA,NA,NA,NA,NA,NA,NA,NA,NA,NA,NA,NA,NA,NA,NA,NA,,,NA,NA,NA,NA,NA,NA,NA,NA,NA,NA,NA,NA,NA,NA,NA,NA,NA,NA,NA,NA,NA,NA,NA,NA,NA,NA,NA,NA,NA,2,2,1,,NA,NA,NA
Male,African American,NA,NA,NA,NA,NA,NA,NA,NA,NA,NA,NA,NA,NA,NA,NA,NA,NA,NA,NA,NA,,,NA,NA,NA,NA,NA,NA,NA,NA,NA,NA,NA,NA,NA,NA,NA,NA,NA,NA,NA,NA,NA,NA,NA,NA,NA,NA,NA,NA,NA,1,2,2,,NA,NA,NA
Male,African American,NA,NA,NA,NA,NA,NA,NA,NA,NA,NA,NA,NA,NA,NA,NA,NA,NA,NA,NA,NA,,,NA,NA,NA,NA,NA,NA,NA,NA,NA,NA,NA,NA,NA,NA,NA,NA,NA,NA,NA,NA,NA,NA,NA,NA,NA,NA,NA,NA,NA,2,2,2,,NA,NA,NA
Female,African American,NA,NA,NA,NA,NA,NA,NA,NA,NA,NA,NA,NA,NA,NA,NA,NA,NA,NA,NA,NA,,,NA,NA,NA,NA,NA,NA,NA,NA,NA,NA,NA,NA,NA,NA,NA,NA,NA,NA,NA,NA,NA,NA,NA,NA,NA,NA,NA,NA,NA,2,2,2,,NA,NA,NA
Female,African American,NA,NA,NA,NA,NA,NA,NA,NA,NA,NA,NA,NA,NA,NA,NA,NA,NA,NA,NA,NA,,,NA,NA,NA,NA,NA,NA,NA,NA,NA,NA,NA,NA,NA,NA,NA,NA,NA,NA,NA,NA,NA,NA,NA,NA,NA,NA,NA,NA,NA,1,2,2,,NA,NA,NA
Male,African American,NA,NA,NA,NA,NA,NA,NA,NA,NA,NA,NA,NA,NA,NA,NA,NA,NA,NA,NA,NA,,,NA,NA,NA,NA,NA,NA,NA,NA,NA,NA,NA,NA,NA,NA,NA,NA,NA,NA,NA,NA,NA,NA,NA,NA,NA,NA,NA,NA,NA,1,2,2,,NA,NA,NA
Female,African American,NA,NA,NA,NA,NA,NA,NA,NA,NA,NA,NA,NA,NA,NA,NA,NA,NA,NA,NA,NA,,,NA,NA,NA,NA,NA,NA,NA,NA,NA,NA,NA,NA,NA,NA,NA,NA,NA,NA,NA,NA,NA,NA,NA,NA,NA,NA,NA,NA,NA,1,1,1,,NA,NA,NA
Female,African American,NA,NA,NA,NA,NA,NA,NA,NA,NA,NA,NA,NA,NA,NA,NA,NA,NA,NA,NA,NA,,,NA,NA,NA,NA,NA,NA,NA,NA,NA,NA,NA,NA,NA,NA,NA,NA,NA,NA,NA,NA,NA,NA,NA,NA,NA,NA,NA,NA,NA,1,1,1,,NA,NA,NA
Female,African American,NA,NA,NA,NA,NA,NA,NA,NA,NA,NA,NA,NA,NA,NA,NA,NA,NA,NA,NA,NA,,,NA,NA,NA,NA,NA,NA,NA,NA,NA,NA,NA,NA,NA,NA,NA,NA,NA,NA,NA,NA,NA,NA,NA,NA,NA,NA,NA,NA,NA,1,2,2,,NA,NA,NA
Female,Pacific Islander,"40,000 – 49,999",2-year College Degree,Republican,NA,Not a strong Republican,NA,27,NA,NA,NA,FALSE,TRUE,TRUE,TRUE,TRUE,TRUE,TRUE,FALSE,FALSE,TRUE,36,72,Somewhat agree,Neither agree nor disagree,Somewhat disagree,No,Yes,4,4,3,1- Very unlike me,3,3,3,3,4,4,3,3,3,NA,NA,NA,NA,NA,NA,NA,NA,Florida,4 - 30 days in jail,Oppose,2,2,1,1,Democrat,Republican,assault with a deadly weapon
Female,African American,NA,NA,NA,NA,NA,NA,NA,NA,NA,NA,NA,NA,NA,NA,NA,NA,NA,NA,NA,NA,,,NA,NA,NA,NA,NA,NA,NA,NA,NA,NA,NA,NA,NA,NA,NA,NA,NA,NA,NA,NA,NA,NA,NA,NA,NA,NA,NA,NA,NA,1,1,1,,NA,NA,NA
Female,African American,NA,NA,NA,NA,NA,NA,NA,NA,NA,NA,NA,NA,NA,NA,NA,NA,NA,NA,NA,NA,,,NA,NA,NA,NA,NA,NA,NA,NA,NA,NA,NA,NA,NA,NA,NA,NA,NA,NA,NA,NA,NA,NA,NA,NA,NA,NA,NA,NA,NA,1,2,1,,NA,NA,NA
Female,African American,NA,NA,NA,NA,NA,NA,NA,NA,NA,NA,NA,NA,NA,NA,NA,NA,NA,NA,NA,NA,,,NA,NA,NA,NA,NA,NA,NA,NA,NA,NA,NA,NA,NA,NA,NA,NA,NA,NA,NA,NA,NA,NA,NA,NA,NA,NA,NA,NA,NA,1,1,2,,NA,NA,NA
Female,African American,NA,NA,NA,NA,NA,NA,NA,NA,NA,NA,NA,NA,NA,NA,NA,NA,NA,NA,NA,NA,,,NA,NA,NA,NA,NA,NA,NA,NA,NA,NA,NA,NA,NA,NA,NA,NA,NA,NA,NA,NA,NA,NA,NA,NA,NA,NA,NA,NA,NA,1,2,2,,NA,NA,NA
Male,African American,NA,NA,NA,NA,NA,NA,NA,NA,NA,NA,NA,NA,NA,NA,NA,NA,NA,NA,NA,NA,,,NA,NA,NA,NA,NA,NA,NA,NA,NA,NA,NA,NA,NA,NA,NA,NA,NA,NA,NA,NA,NA,NA,NA,NA,NA,NA,NA,NA,NA,2,1,1,,NA,NA,NA
Female,African American,NA,NA,NA,NA,NA,NA,NA,NA,NA,NA,NA,NA,NA,NA,NA,NA,NA,NA,NA,NA,,,NA,NA,NA,NA,NA,NA,NA,NA,NA,NA,NA,NA,NA,NA,NA,NA,NA,NA,NA,NA,NA,NA,NA,NA,NA,NA,NA,NA,NA,2,1,2,,NA,NA,NA
Female,African American,NA,NA,NA,NA,NA,NA,NA,NA,NA,NA,NA,NA,NA,NA,NA,NA,NA,NA,NA,NA,,,NA,NA,NA,NA,NA,NA,NA,NA,NA,NA,NA,NA,NA,NA,NA,NA,NA,NA,NA,NA,NA,NA,NA,NA,NA,NA,NA,NA,NA,2,1,1,,NA,NA,NA
Male,African American,NA,NA,NA,NA,NA,NA,NA,NA,NA,NA,NA,NA,NA,NA,NA,NA,NA,NA,NA,NA,,,NA,NA,NA,NA,NA,NA,NA,NA,NA,NA,NA,NA,NA,NA,NA,NA,NA,NA,NA,NA,NA,NA,NA,NA,NA,NA,NA,NA,NA,1,2,2,,NA,NA,NA
Male,African American,NA,NA,NA,NA,NA,NA,NA,NA,NA,NA,NA,NA,NA,NA,NA,NA,NA,NA,NA,NA,,,NA,NA,NA,NA,NA,NA,NA,NA,NA,NA,NA,NA,NA,NA,NA,NA,NA,NA,NA,NA,NA,NA,NA,NA,NA,NA,NA,NA,NA,1,2,2,,NA,NA,NA
Female,African American,NA,NA,NA,NA,NA,NA,NA,NA,NA,NA,NA,NA,NA,NA,NA,NA,NA,NA,NA,NA,,,NA,NA,NA,NA,NA,NA,NA,NA,NA,NA,NA,NA,NA,NA,NA,NA,NA,NA,NA,NA,NA,NA,NA,NA,NA,NA,NA,NA,NA,1,2,2,,NA,NA,NA
Male,African American,NA,NA,NA,NA,NA,NA,NA,NA,NA,NA,NA,NA,NA,NA,NA,NA,NA,NA,NA,NA,,,NA,NA,NA,NA,NA,NA,NA,NA,NA,NA,NA,NA,NA,NA,NA,NA,NA,NA,NA,NA,NA,NA,NA,NA,NA,NA,NA,NA,NA,1,1,2,,NA,NA,NA
Female,African American,NA,NA,NA,NA,NA,NA,NA,NA,NA,NA,NA,NA,NA,NA,NA,NA,NA,NA,NA,NA,,,NA,NA,NA,NA,NA,NA,NA,NA,NA,NA,NA,NA,NA,NA,NA,NA,NA,NA,NA,NA,NA,NA,NA,NA,NA,NA,NA,NA,NA,2,2,1,,NA,NA,NA
Male,African American,NA,NA,NA,NA,NA,NA,NA,NA,NA,NA,NA,NA,NA,NA,NA,NA,NA,NA,NA,NA,,,NA,NA,NA,NA,NA,NA,NA,NA,NA,NA,NA,NA,NA,NA,NA,NA,NA,NA,NA,NA,NA,NA,NA,NA,NA,NA,NA,NA,NA,2,2,1,,NA,NA,NA
Male,African American,NA,NA,NA,NA,NA,NA,NA,NA,NA,NA,NA,NA,NA,NA,NA,NA,NA,NA,NA,NA,,,NA,NA,NA,NA,NA,NA,NA,NA,NA,NA,NA,NA,NA,NA,NA,NA,NA,NA,NA,NA,NA,NA,NA,NA,NA,NA,NA,NA,NA,2,1,2,,NA,NA,NA
Female,African American,NA,NA,NA,NA,NA,NA,NA,NA,NA,NA,NA,NA,NA,NA,NA,NA,NA,NA,NA,NA,,,NA,NA,NA,NA,NA,NA,NA,NA,NA,NA,NA,NA,NA,NA,NA,NA,NA,NA,NA,NA,NA,NA,NA,NA,NA,NA,NA,NA,NA,1,2,1,,NA,NA,NA
Male,African American,NA,NA,NA,NA,NA,NA,NA,NA,NA,NA,NA,NA,NA,NA,NA,NA,NA,NA,NA,NA,,,NA,NA,NA,NA,NA,NA,NA,NA,NA,NA,NA,NA,NA,NA,NA,NA,NA,NA,NA,NA,NA,NA,NA,NA,NA,NA,NA,NA,NA,1,2,2,,NA,NA,NA
Female,African American,NA,NA,NA,NA,NA,NA,NA,NA,NA,NA,NA,NA,NA,NA,NA,NA,NA,NA,NA,NA,,,NA,NA,NA,NA,NA,NA,NA,NA,NA,NA,NA,NA,NA,NA,NA,NA,NA,NA,NA,NA,NA,NA,NA,NA,NA,NA,NA,NA,NA,1,1,2,,NA,NA,NA
Female,African American,NA,NA,NA,NA,NA,NA,NA,NA,NA,NA,NA,NA,NA,NA,NA,NA,NA,NA,NA,NA,,,NA,NA,NA,NA,NA,NA,NA,NA,NA,NA,NA,NA,NA,NA,NA,NA,NA,NA,NA,NA,NA,NA,NA,NA,NA,NA,NA,NA,NA,2,2,2,,NA,NA,NA
Female,African American,NA,NA,NA,NA,NA,NA,NA,NA,NA,NA,NA,NA,NA,NA,NA,NA,NA,NA,NA,NA,,,NA,NA,NA,NA,NA,NA,NA,NA,NA,NA,NA,NA,NA,NA,NA,NA,NA,NA,NA,NA,NA,NA,NA,NA,NA,NA,NA,NA,NA,2,1,1,,NA,NA,NA
Female,African American,NA,NA,NA,NA,NA,NA,NA,NA,NA,NA,NA,NA,NA,NA,NA,NA,NA,NA,NA,NA,,,NA,NA,NA,NA,NA,NA,NA,NA,NA,NA,NA,NA,NA,NA,NA,NA,NA,NA,NA,NA,NA,NA,NA,NA,NA,NA,NA,NA,NA,1,1,2,,NA,NA,NA
Female,African American,NA,NA,NA,NA,NA,NA,NA,NA,NA,NA,NA,NA,NA,NA,NA,NA,NA,NA,NA,NA,,,NA,NA,NA,NA,NA,NA,NA,NA,NA,NA,NA,NA,NA,NA,NA,NA,NA,NA,NA,NA,NA,NA,NA,NA,NA,NA,NA,NA,NA,2,2,1,,NA,NA,NA
Female,African American,NA,NA,NA,NA,NA,NA,NA,NA,NA,NA,NA,NA,NA,NA,NA,NA,NA,NA,NA,NA,,,NA,NA,NA,NA,NA,NA,NA,NA,NA,NA,NA,NA,NA,NA,NA,NA,NA,NA,NA,NA,NA,NA,NA,NA,NA,NA,NA,NA,NA,1,1,1,,NA,NA,NA
Male,African American,NA,NA,NA,NA,NA,NA,NA,NA,NA,NA,NA,NA,NA,NA,NA,NA,NA,NA,NA,NA,,,NA,NA,NA,NA,NA,NA,NA,NA,NA,NA,NA,NA,NA,NA,NA,NA,NA,NA,NA,NA,NA,NA,NA,NA,NA,NA,NA,NA,NA,1,2,2,,NA,NA,NA
Male,African American,NA,NA,NA,NA,NA,NA,NA,NA,NA,NA,NA,NA,NA,NA,NA,NA,NA,NA,NA,NA,,,NA,NA,NA,NA,NA,NA,NA,NA,NA,NA,NA,NA,NA,NA,NA,NA,NA,NA,NA,NA,NA,NA,NA,NA,NA,NA,NA,NA,NA,2,1,2,,NA,NA,NA
Female,African American,NA,NA,NA,NA,NA,NA,NA,NA,NA,NA,NA,NA,NA,NA,NA,NA,NA,NA,NA,NA,,,NA,NA,NA,NA,NA,NA,NA,NA,NA,NA,NA,NA,NA,NA,NA,NA,NA,NA,NA,NA,NA,NA,NA,NA,NA,NA,NA,NA,NA,1,2,1,,NA,NA,NA
Female,African American,NA,NA,NA,NA,NA,NA,NA,NA,NA,NA,NA,NA,NA,NA,NA,NA,NA,NA,NA,NA,,,NA,NA,NA,NA,NA,NA,NA,NA,NA,NA,NA,NA,NA,NA,NA,NA,NA,NA,NA,NA,NA,NA,NA,NA,NA,NA,NA,NA,NA,1,1,1,,NA,NA,NA
Female,African American,NA,NA,NA,NA,NA,NA,NA,NA,NA,NA,NA,NA,NA,NA,NA,NA,NA,NA,NA,NA,,,NA,NA,NA,NA,NA,NA,NA,NA,NA,NA,NA,NA,NA,NA,NA,NA,NA,NA,NA,NA,NA,NA,NA,NA,NA,NA,NA,NA,NA,1,2,1,,NA,NA,NA
Female,African American,NA,NA,NA,NA,NA,NA,NA,NA,NA,NA,NA,NA,NA,NA,NA,NA,NA,NA,NA,NA,,,NA,NA,NA,NA,NA,NA,NA,NA,NA,NA,NA,NA,NA,NA,NA,NA,NA,NA,NA,NA,NA,NA,NA,NA,NA,NA,NA,NA,NA,2,2,1,,NA,NA,NA
Female,African American,NA,NA,NA,NA,NA,NA,NA,NA,NA,NA,NA,NA,NA,NA,NA,NA,NA,NA,NA,NA,,,NA,NA,NA,NA,NA,NA,NA,NA,NA,NA,NA,NA,NA,NA,NA,NA,NA,NA,NA,NA,NA,NA,NA,NA,NA,NA,NA,NA,NA,1,2,1,,NA,NA,NA
Female,African American,NA,NA,NA,NA,NA,NA,NA,NA,NA,NA,NA,NA,NA,NA,NA,NA,NA,NA,NA,NA,,,NA,NA,NA,NA,NA,NA,NA,NA,NA,NA,NA,NA,NA,NA,NA,NA,NA,NA,NA,NA,NA,NA,NA,NA,NA,NA,NA,NA,NA,2,1,1,,NA,NA,NA
Male,African American,NA,NA,NA,NA,NA,NA,NA,NA,NA,NA,NA,NA,NA,NA,NA,NA,NA,NA,NA,NA,,,NA,NA,NA,NA,NA,NA,NA,NA,NA,NA,NA,NA,NA,NA,NA,NA,NA,NA,NA,NA,NA,NA,NA,NA,NA,NA,NA,NA,NA,1,1,1,,NA,NA,NA
Female,African American,NA,NA,NA,NA,NA,NA,NA,NA,NA,NA,NA,NA,NA,NA,NA,NA,NA,NA,NA,NA,,,NA,NA,NA,NA,NA,NA,NA,NA,NA,NA,NA,NA,NA,NA,NA,NA,NA,NA,NA,NA,NA,NA,NA,NA,NA,NA,NA,NA,NA,1,1,2,,NA,NA,NA
Male,White/Caucasian,"70,000 – 79,999",2-year College Degree,Republican,NA,Strong Republican,NA,23,No,No,Yes,TRUE,TRUE,TRUE,TRUE,TRUE,TRUE,FALSE,TRUE,FALSE,TRUE,91,84,Somewhat agree,Strongly agree,Neither agree nor disagree,Yes,No,4,3,3,3,3,4,3,3,3,3,3,3,3,NA,NA,NA,NA,NA,NA,NA,NA,Washington,4 - 30 days in jail,Strongly support,2,1,2,1,Democrat,Republican,protesting without a permit
Female,Asian,"Less than 30,000",Less than High School,Other,Republican Party,NA,NA,Under 18,NA,NA,NA,NA,NA,NA,NA,NA,NA,NA,NA,NA,NA,,,NA,NA,NA,NA,NA,NA,NA,NA,NA,NA,NA,NA,NA,NA,NA,NA,NA,NA,NA,NA,NA,NA,NA,NA,NA,NA,NA,NA,NA,2,2,1,2,NA,NA,NA
Male,African American,NA,NA,NA,NA,NA,NA,NA,NA,NA,NA,NA,NA,NA,NA,NA,NA,NA,NA,NA,NA,,,NA,NA,NA,NA,NA,NA,NA,NA,NA,NA,NA,NA,NA,NA,NA,NA,NA,NA,NA,NA,NA,NA,NA,NA,NA,NA,NA,NA,NA,2,2,2,,NA,NA,NA
Female,African American,NA,NA,NA,NA,NA,NA,NA,NA,NA,NA,NA,NA,NA,NA,NA,NA,NA,NA,NA,NA,,,NA,NA,NA,NA,NA,NA,NA,NA,NA,NA,NA,NA,NA,NA,NA,NA,NA,NA,NA,NA,NA,NA,NA,NA,NA,NA,NA,NA,NA,2,1,1,,NA,NA,NA
Male,African American,NA,NA,NA,NA,NA,NA,NA,NA,NA,NA,NA,NA,NA,NA,NA,NA,NA,NA,NA,NA,,,NA,NA,NA,NA,NA,NA,NA,NA,NA,NA,NA,NA,NA,NA,NA,NA,NA,NA,NA,NA,NA,NA,NA,NA,NA,NA,NA,NA,NA,1,2,1,,NA,NA,NA
Male,African American,NA,NA,NA,NA,NA,NA,NA,NA,NA,NA,NA,NA,NA,NA,NA,NA,NA,NA,NA,NA,,,NA,NA,NA,NA,NA,NA,NA,NA,NA,NA,NA,NA,NA,NA,NA,NA,NA,NA,NA,NA,NA,NA,NA,NA,NA,NA,NA,NA,NA,2,1,1,,NA,NA,NA
Male,African American,NA,NA,NA,NA,NA,NA,NA,NA,NA,NA,NA,NA,NA,NA,NA,NA,NA,NA,NA,NA,,,NA,NA,NA,NA,NA,NA,NA,NA,NA,NA,NA,NA,NA,NA,NA,NA,NA,NA,NA,NA,NA,NA,NA,NA,NA,NA,NA,NA,NA,1,2,1,,NA,NA,NA
Female,African American,NA,NA,NA,NA,NA,NA,NA,NA,NA,NA,NA,NA,NA,NA,NA,NA,NA,NA,NA,NA,,,NA,NA,NA,NA,NA,NA,NA,NA,NA,NA,NA,NA,NA,NA,NA,NA,NA,NA,NA,NA,NA,NA,NA,NA,NA,NA,NA,NA,NA,2,2,1,,NA,NA,NA
Male,African American,NA,NA,NA,NA,NA,NA,NA,NA,NA,NA,NA,NA,NA,NA,NA,NA,NA,NA,NA,NA,,,NA,NA,NA,NA,NA,NA,NA,NA,NA,NA,NA,NA,NA,NA,NA,NA,NA,NA,NA,NA,NA,NA,NA,NA,NA,NA,NA,NA,NA,2,2,2,,NA,NA,NA
Male,African American,NA,NA,NA,NA,NA,NA,NA,NA,NA,NA,NA,NA,NA,NA,NA,NA,NA,NA,NA,NA,,,NA,NA,NA,NA,NA,NA,NA,NA,NA,NA,NA,NA,NA,NA,NA,NA,NA,NA,NA,NA,NA,NA,NA,NA,NA,NA,NA,NA,NA,2,1,2,,NA,NA,NA
Male,African American,NA,NA,NA,NA,NA,NA,NA,NA,NA,NA,NA,NA,NA,NA,NA,NA,NA,NA,NA,NA,,,NA,NA,NA,NA,NA,NA,NA,NA,NA,NA,NA,NA,NA,NA,NA,NA,NA,NA,NA,NA,NA,NA,NA,NA,NA,NA,NA,NA,NA,1,2,1,,NA,NA,NA
Male,African American,NA,NA,NA,NA,NA,NA,NA,NA,NA,NA,NA,NA,NA,NA,NA,NA,NA,NA,NA,NA,,,NA,NA,NA,NA,NA,NA,NA,NA,NA,NA,NA,NA,NA,NA,NA,NA,NA,NA,NA,NA,NA,NA,NA,NA,NA,NA,NA,NA,NA,1,2,2,,NA,NA,NA
Male,African American,NA,NA,NA,NA,NA,NA,NA,NA,NA,NA,NA,NA,NA,NA,NA,NA,NA,NA,NA,NA,,,NA,NA,NA,NA,NA,NA,NA,NA,NA,NA,NA,NA,NA,NA,NA,NA,NA,NA,NA,NA,NA,NA,NA,NA,NA,NA,NA,NA,NA,1,1,1,,NA,NA,NA
Female,African American,NA,NA,NA,NA,NA,NA,NA,NA,NA,NA,NA,NA,NA,NA,NA,NA,NA,NA,NA,NA,,,NA,NA,NA,NA,NA,NA,NA,NA,NA,NA,NA,NA,NA,NA,NA,NA,NA,NA,NA,NA,NA,NA,NA,NA,NA,NA,NA,NA,NA,1,1,1,,NA,NA,NA
NA,NA,NA,NA,NA,NA,NA,NA,NA,NA,NA,NA,NA,NA,NA,NA,NA,NA,NA,NA,NA,NA,,,NA,NA,NA,NA,NA,NA,NA,NA,NA,NA,NA,NA,NA,NA,NA,NA,NA,NA,NA,NA,NA,NA,NA,NA,NA,NA,NA,NA,NA,1,2,1,4,NA,NA,NA
Female,African American,NA,NA,NA,NA,NA,NA,NA,NA,NA,NA,NA,NA,NA,NA,NA,NA,NA,NA,NA,NA,,,NA,NA,NA,NA,NA,NA,NA,NA,NA,NA,NA,NA,NA,NA,NA,NA,NA,NA,NA,NA,NA,NA,NA,NA,NA,NA,NA,NA,NA,2,2,1,,NA,NA,NA
Female,African American,NA,NA,NA,NA,NA,NA,NA,NA,NA,NA,NA,NA,NA,NA,NA,NA,NA,NA,NA,NA,,,NA,NA,NA,NA,NA,NA,NA,NA,NA,NA,NA,NA,NA,NA,NA,NA,NA,NA,NA,NA,NA,NA,NA,NA,NA,NA,NA,NA,NA,1,1,1,,NA,NA,NA
Female,African American,NA,NA,NA,NA,NA,NA,NA,NA,NA,NA,NA,NA,NA,NA,NA,NA,NA,NA,NA,NA,,,NA,NA,NA,NA,NA,NA,NA,NA,NA,NA,NA,NA,NA,NA,NA,NA,NA,NA,NA,NA,NA,NA,NA,NA,NA,NA,NA,NA,NA,2,1,1,,NA,NA,NA
Male,African American,NA,NA,NA,NA,NA,NA,NA,NA,NA,NA,NA,NA,NA,NA,NA,NA,NA,NA,NA,NA,,,NA,NA,NA,NA,NA,NA,NA,NA,NA,NA,NA,NA,NA,NA,NA,NA,NA,NA,NA,NA,NA,NA,NA,NA,NA,NA,NA,NA,NA,1,2,2,,NA,NA,NA
Male,African American,NA,NA,NA,NA,NA,NA,NA,NA,NA,NA,NA,NA,NA,NA,NA,NA,NA,NA,NA,NA,,,NA,NA,NA,NA,NA,NA,NA,NA,NA,NA,NA,NA,NA,NA,NA,NA,NA,NA,NA,NA,NA,NA,NA,NA,NA,NA,NA,NA,NA,2,2,1,,NA,NA,NA
Male,Other,"Less than 30,000",Less than High School,Independent,Republican Party,NA,NA,Under 18,NA,NA,NA,NA,NA,NA,NA,NA,NA,NA,NA,NA,NA,,,NA,NA,NA,NA,NA,NA,NA,NA,NA,NA,NA,NA,NA,NA,NA,NA,NA,NA,NA,NA,NA,NA,NA,NA,NA,NA,NA,NA,NA,1,1,1,2,NA,NA,NA
Female,African American,NA,NA,NA,NA,NA,NA,NA,NA,NA,NA,NA,NA,NA,NA,NA,NA,NA,NA,NA,NA,,,NA,NA,NA,NA,NA,NA,NA,NA,NA,NA,NA,NA,NA,NA,NA,NA,NA,NA,NA,NA,NA,NA,NA,NA,NA,NA,NA,NA,NA,2,1,2,,NA,NA,NA
Female,African American,NA,NA,NA,NA,NA,NA,NA,NA,NA,NA,NA,NA,NA,NA,NA,NA,NA,NA,NA,NA,,,NA,NA,NA,NA,NA,NA,NA,NA,NA,NA,NA,NA,NA,NA,NA,NA,NA,NA,NA,NA,NA,NA,NA,NA,NA,NA,NA,NA,NA,2,2,2,,NA,NA,NA
Female,African American,NA,NA,NA,NA,NA,NA,NA,NA,NA,NA,NA,NA,NA,NA,NA,NA,NA,NA,NA,NA,,,NA,NA,NA,NA,NA,NA,NA,NA,NA,NA,NA,NA,NA,NA,NA,NA,NA,NA,NA,NA,NA,NA,NA,NA,NA,NA,NA,NA,NA,1,1,2,,NA,NA,NA
Female,African American,NA,NA,NA,NA,NA,NA,NA,NA,NA,NA,NA,NA,NA,NA,NA,NA,NA,NA,NA,NA,,,NA,NA,NA,NA,NA,NA,NA,NA,NA,NA,NA,NA,NA,NA,NA,NA,NA,NA,NA,NA,NA,NA,NA,NA,NA,NA,NA,NA,NA,2,1,1,,NA,NA,NA
Male,African American,NA,NA,NA,NA,NA,NA,NA,NA,NA,NA,NA,NA,NA,NA,NA,NA,NA,NA,NA,NA,,,NA,NA,NA,NA,NA,NA,NA,NA,NA,NA,NA,NA,NA,NA,NA,NA,NA,NA,NA,NA,NA,NA,NA,NA,NA,NA,NA,NA,NA,1,2,1,,NA,NA,NA
Male,African American,NA,NA,NA,NA,NA,NA,NA,NA,NA,NA,NA,NA,NA,NA,NA,NA,NA,NA,NA,NA,,,NA,NA,NA,NA,NA,NA,NA,NA,NA,NA,NA,NA,NA,NA,NA,NA,NA,NA,NA,NA,NA,NA,NA,NA,NA,NA,NA,NA,NA,1,1,1,,NA,NA,NA
Male,African American,NA,NA,NA,NA,NA,NA,NA,NA,NA,NA,NA,NA,NA,NA,NA,NA,NA,NA,NA,NA,,,NA,NA,NA,NA,NA,NA,NA,NA,NA,NA,NA,NA,NA,NA,NA,NA,NA,NA,NA,NA,NA,NA,NA,NA,NA,NA,NA,NA,NA,1,2,2,,NA,NA,NA
Female,African American,NA,NA,NA,NA,NA,NA,NA,NA,NA,NA,NA,NA,NA,NA,NA,NA,NA,NA,NA,NA,,,NA,NA,NA,NA,NA,NA,NA,NA,NA,NA,NA,NA,NA,NA,NA,NA,NA,NA,NA,NA,NA,NA,NA,NA,NA,NA,NA,NA,NA,1,1,1,,NA,NA,NA
NA,NA,NA,NA,NA,NA,NA,NA,NA,NA,NA,NA,NA,NA,NA,NA,NA,NA,NA,NA,NA,NA,,,NA,NA,NA,NA,NA,NA,NA,NA,NA,NA,NA,NA,NA,NA,NA,NA,NA,NA,NA,NA,NA,NA,NA,NA,NA,NA,NA,NA,NA,2,1,2,4,NA,NA,NA
Female,African American,NA,NA,NA,NA,NA,NA,NA,NA,NA,NA,NA,NA,NA,NA,NA,NA,NA,NA,NA,NA,,,NA,NA,NA,NA,NA,NA,NA,NA,NA,NA,NA,NA,NA,NA,NA,NA,NA,NA,NA,NA,NA,NA,NA,NA,NA,NA,NA,NA,NA,1,1,2,,NA,NA,NA
Male,African American,NA,NA,NA,NA,NA,NA,NA,NA,NA,NA,NA,NA,NA,NA,NA,NA,NA,NA,NA,NA,,,NA,NA,NA,NA,NA,NA,NA,NA,NA,NA,NA,NA,NA,NA,NA,NA,NA,NA,NA,NA,NA,NA,NA,NA,NA,NA,NA,NA,NA,2,2,2,,NA,NA,NA
Male,African American,NA,NA,NA,NA,NA,NA,NA,NA,NA,NA,NA,NA,NA,NA,NA,NA,NA,NA,NA,NA,,,NA,NA,NA,NA,NA,NA,NA,NA,NA,NA,NA,NA,NA,NA,NA,NA,NA,NA,NA,NA,NA,NA,NA,NA,NA,NA,NA,NA,NA,2,1,1,,NA,NA,NA
Female,African American,NA,NA,NA,NA,NA,NA,NA,NA,NA,NA,NA,NA,NA,NA,NA,NA,NA,NA,NA,NA,,,NA,NA,NA,NA,NA,NA,NA,NA,NA,NA,NA,NA,NA,NA,NA,NA,NA,NA,NA,NA,NA,NA,NA,NA,NA,NA,NA,NA,NA,2,1,1,,NA,NA,NA
Male,White/Caucasian,"80,000 – 89,999",Doctoral Degree,Democrat,NA,NA,Strong Democrat,40,Yes,No,Yes,TRUE,FALSE,TRUE,FALSE,TRUE,TRUE,TRUE,TRUE,FALSE,TRUE,66,70,Somewhat agree,Somewhat agree,Neither agree nor disagree,Yes,No,3,3,4,2,3,2,3,4,4,2,3,4,3,Florida,Neither support nor oppose,Justified,Yes,NA,NA,NA,NA,NA,NA,NA,1,2,1,1,Republican,Democrat,NA
Female,African American,NA,NA,NA,NA,NA,NA,NA,NA,NA,NA,NA,NA,NA,NA,NA,NA,NA,NA,NA,NA,,,NA,NA,NA,NA,NA,NA,NA,NA,NA,NA,NA,NA,NA,NA,NA,NA,NA,NA,NA,NA,NA,NA,NA,NA,NA,NA,NA,NA,NA,1,2,1,,NA,NA,NA
Female,African American,NA,NA,NA,NA,NA,NA,NA,NA,NA,NA,NA,NA,NA,NA,NA,NA,NA,NA,NA,NA,,,NA,NA,NA,NA,NA,NA,NA,NA,NA,NA,NA,NA,NA,NA,NA,NA,NA,NA,NA,NA,NA,NA,NA,NA,NA,NA,NA,NA,NA,1,2,2,,NA,NA,NA
Female,African American,NA,NA,NA,NA,NA,NA,NA,NA,NA,NA,NA,NA,NA,NA,NA,NA,NA,NA,NA,NA,,,NA,NA,NA,NA,NA,NA,NA,NA,NA,NA,NA,NA,NA,NA,NA,NA,NA,NA,NA,NA,NA,NA,NA,NA,NA,NA,NA,NA,NA,1,2,1,,NA,NA,NA
Male,African American,NA,NA,NA,NA,NA,NA,NA,NA,NA,NA,NA,NA,NA,NA,NA,NA,NA,NA,NA,NA,,,NA,NA,NA,NA,NA,NA,NA,NA,NA,NA,NA,NA,NA,NA,NA,NA,NA,NA,NA,NA,NA,NA,NA,NA,NA,NA,NA,NA,NA,2,1,2,,NA,NA,NA
Female,African American,NA,NA,NA,NA,NA,NA,NA,NA,NA,NA,NA,NA,NA,NA,NA,NA,NA,NA,NA,NA,,,NA,NA,NA,NA,NA,NA,NA,NA,NA,NA,NA,NA,NA,NA,NA,NA,NA,NA,NA,NA,NA,NA,NA,NA,NA,NA,NA,NA,NA,1,2,2,,NA,NA,NA
Female,African American,NA,NA,NA,NA,NA,NA,NA,NA,NA,NA,NA,NA,NA,NA,NA,NA,NA,NA,NA,NA,,,NA,NA,NA,NA,NA,NA,NA,NA,NA,NA,NA,NA,NA,NA,NA,NA,NA,NA,NA,NA,NA,NA,NA,NA,NA,NA,NA,NA,NA,1,1,1,,NA,NA,NA
Male,African American,NA,NA,NA,NA,NA,NA,NA,NA,NA,NA,NA,NA,NA,NA,NA,NA,NA,NA,NA,NA,,,NA,NA,NA,NA,NA,NA,NA,NA,NA,NA,NA,NA,NA,NA,NA,NA,NA,NA,NA,NA,NA,NA,NA,NA,NA,NA,NA,NA,NA,2,1,2,,NA,NA,NA
Female,African American,NA,NA,NA,NA,NA,NA,NA,NA,NA,NA,NA,NA,NA,NA,NA,NA,NA,NA,NA,NA,,,NA,NA,NA,NA,NA,NA,NA,NA,NA,NA,NA,NA,NA,NA,NA,NA,NA,NA,NA,NA,NA,NA,NA,NA,NA,NA,NA,NA,NA,2,1,1,,NA,NA,NA
Female,African American,NA,NA,NA,NA,NA,NA,NA,NA,NA,NA,NA,NA,NA,NA,NA,NA,NA,NA,NA,NA,,,NA,NA,NA,NA,NA,NA,NA,NA,NA,NA,NA,NA,NA,NA,NA,NA,NA,NA,NA,NA,NA,NA,NA,NA,NA,NA,NA,NA,NA,2,2,2,,NA,NA,NA
Female,African American,NA,NA,NA,NA,NA,NA,NA,NA,NA,NA,NA,NA,NA,NA,NA,NA,NA,NA,NA,NA,,,NA,NA,NA,NA,NA,NA,NA,NA,NA,NA,NA,NA,NA,NA,NA,NA,NA,NA,NA,NA,NA,NA,NA,NA,NA,NA,NA,NA,NA,1,1,1,,NA,NA,NA
Female,African American,NA,NA,NA,NA,NA,NA,NA,NA,NA,NA,NA,NA,NA,NA,NA,NA,NA,NA,NA,NA,,,NA,NA,NA,NA,NA,NA,NA,NA,NA,NA,NA,NA,NA,NA,NA,NA,NA,NA,NA,NA,NA,NA,NA,NA,NA,NA,NA,NA,NA,1,1,2,,NA,NA,NA
Female,African American,NA,NA,NA,NA,NA,NA,NA,NA,NA,NA,NA,NA,NA,NA,NA,NA,NA,NA,NA,NA,,,NA,NA,NA,NA,NA,NA,NA,NA,NA,NA,NA,NA,NA,NA,NA,NA,NA,NA,NA,NA,NA,NA,NA,NA,NA,NA,NA,NA,NA,2,1,1,,NA,NA,NA
Female,African American,NA,NA,NA,NA,NA,NA,NA,NA,NA,NA,NA,NA,NA,NA,NA,NA,NA,NA,NA,NA,,,NA,NA,NA,NA,NA,NA,NA,NA,NA,NA,NA,NA,NA,NA,NA,NA,NA,NA,NA,NA,NA,NA,NA,NA,NA,NA,NA,NA,NA,1,1,1,,NA,NA,NA
Male,African American,NA,NA,NA,NA,NA,NA,NA,NA,NA,NA,NA,NA,NA,NA,NA,NA,NA,NA,NA,NA,,,NA,NA,NA,NA,NA,NA,NA,NA,NA,NA,NA,NA,NA,NA,NA,NA,NA,NA,NA,NA,NA,NA,NA,NA,NA,NA,NA,NA,NA,1,1,1,,NA,NA,NA
Female,African American,NA,NA,NA,NA,NA,NA,NA,NA,NA,NA,NA,NA,NA,NA,NA,NA,NA,NA,NA,NA,,,NA,NA,NA,NA,NA,NA,NA,NA,NA,NA,NA,NA,NA,NA,NA,NA,NA,NA,NA,NA,NA,NA,NA,NA,NA,NA,NA,NA,NA,1,2,2,,NA,NA,NA
Female,African American,NA,NA,NA,NA,NA,NA,NA,NA,NA,NA,NA,NA,NA,NA,NA,NA,NA,NA,NA,NA,,,NA,NA,NA,NA,NA,NA,NA,NA,NA,NA,NA,NA,NA,NA,NA,NA,NA,NA,NA,NA,NA,NA,NA,NA,NA,NA,NA,NA,NA,1,1,1,,NA,NA,NA
Female,African American,NA,NA,NA,NA,NA,NA,NA,NA,NA,NA,NA,NA,NA,NA,NA,NA,NA,NA,NA,NA,,,NA,NA,NA,NA,NA,NA,NA,NA,NA,NA,NA,NA,NA,NA,NA,NA,NA,NA,NA,NA,NA,NA,NA,NA,NA,NA,NA,NA,NA,1,2,1,,NA,NA,NA
Female,African American,NA,NA,NA,NA,NA,NA,NA,NA,NA,NA,NA,NA,NA,NA,NA,NA,NA,NA,NA,NA,,,NA,NA,NA,NA,NA,NA,NA,NA,NA,NA,NA,NA,NA,NA,NA,NA,NA,NA,NA,NA,NA,NA,NA,NA,NA,NA,NA,NA,NA,2,1,1,,NA,NA,NA
Female,African American,NA,NA,NA,NA,NA,NA,NA,NA,NA,NA,NA,NA,NA,NA,NA,NA,NA,NA,NA,NA,,,NA,NA,NA,NA,NA,NA,NA,NA,NA,NA,NA,NA,NA,NA,NA,NA,NA,NA,NA,NA,NA,NA,NA,NA,NA,NA,NA,NA,NA,2,1,1,,NA,NA,NA
Male,African American,NA,NA,NA,NA,NA,NA,NA,NA,NA,NA,NA,NA,NA,NA,NA,NA,NA,NA,NA,NA,,,NA,NA,NA,NA,NA,NA,NA,NA,NA,NA,NA,NA,NA,NA,NA,NA,NA,NA,NA,NA,NA,NA,NA,NA,NA,NA,NA,NA,NA,1,1,2,,NA,NA,NA
Female,African American,NA,NA,NA,NA,NA,NA,NA,NA,NA,NA,NA,NA,NA,NA,NA,NA,NA,NA,NA,NA,,,NA,NA,NA,NA,NA,NA,NA,NA,NA,NA,NA,NA,NA,NA,NA,NA,NA,NA,NA,NA,NA,NA,NA,NA,NA,NA,NA,NA,NA,2,2,2,,NA,NA,NA
Female,African American,NA,NA,NA,NA,NA,NA,NA,NA,NA,NA,NA,NA,NA,NA,NA,NA,NA,NA,NA,NA,,,NA,NA,NA,NA,NA,NA,NA,NA,NA,NA,NA,NA,NA,NA,NA,NA,NA,NA,NA,NA,NA,NA,NA,NA,NA,NA,NA,NA,NA,1,2,1,,NA,NA,NA
Female,African American,NA,NA,NA,NA,NA,NA,NA,NA,NA,NA,NA,NA,NA,NA,NA,NA,NA,NA,NA,NA,,,NA,NA,NA,NA,NA,NA,NA,NA,NA,NA,NA,NA,NA,NA,NA,NA,NA,NA,NA,NA,NA,NA,NA,NA,NA,NA,NA,NA,NA,1,1,2,,NA,NA,NA
Male,African American,NA,NA,NA,NA,NA,NA,NA,NA,NA,NA,NA,NA,NA,NA,NA,NA,NA,NA,NA,NA,,,NA,NA,NA,NA,NA,NA,NA,NA,NA,NA,NA,NA,NA,NA,NA,NA,NA,NA,NA,NA,NA,NA,NA,NA,NA,NA,NA,NA,NA,1,1,1,,NA,NA,NA
Male,African American,NA,NA,NA,NA,NA,NA,NA,NA,NA,NA,NA,NA,NA,NA,NA,NA,NA,NA,NA,NA,,,NA,NA,NA,NA,NA,NA,NA,NA,NA,NA,NA,NA,NA,NA,NA,NA,NA,NA,NA,NA,NA,NA,NA,NA,NA,NA,NA,NA,NA,1,1,2,,NA,NA,NA
Female,African American,NA,NA,NA,NA,NA,NA,NA,NA,NA,NA,NA,NA,NA,NA,NA,NA,NA,NA,NA,NA,,,NA,NA,NA,NA,NA,NA,NA,NA,NA,NA,NA,NA,NA,NA,NA,NA,NA,NA,NA,NA,NA,NA,NA,NA,NA,NA,NA,NA,NA,2,2,2,,NA,NA,NA
Female,African American,NA,NA,NA,NA,NA,NA,NA,NA,NA,NA,NA,NA,NA,NA,NA,NA,NA,NA,NA,NA,,,NA,NA,NA,NA,NA,NA,NA,NA,NA,NA,NA,NA,NA,NA,NA,NA,NA,NA,NA,NA,NA,NA,NA,NA,NA,NA,NA,NA,NA,1,1,2,,NA,NA,NA
Male,African American,NA,NA,NA,NA,NA,NA,NA,NA,NA,NA,NA,NA,NA,NA,NA,NA,NA,NA,NA,NA,,,NA,NA,NA,NA,NA,NA,NA,NA,NA,NA,NA,NA,NA,NA,NA,NA,NA,NA,NA,NA,NA,NA,NA,NA,NA,NA,NA,NA,NA,1,2,2,,NA,NA,NA
Male,African American,NA,NA,NA,NA,NA,NA,NA,NA,NA,NA,NA,NA,NA,NA,NA,NA,NA,NA,NA,NA,,,NA,NA,NA,NA,NA,NA,NA,NA,NA,NA,NA,NA,NA,NA,NA,NA,NA,NA,NA,NA,NA,NA,NA,NA,NA,NA,NA,NA,NA,1,1,1,,NA,NA,NA
Female,African American,NA,NA,NA,NA,NA,NA,NA,NA,NA,NA,NA,NA,NA,NA,NA,NA,NA,NA,NA,NA,,,NA,NA,NA,NA,NA,NA,NA,NA,NA,NA,NA,NA,NA,NA,NA,NA,NA,NA,NA,NA,NA,NA,NA,NA,NA,NA,NA,NA,NA,1,2,1,,NA,NA,NA
Male,African American,NA,NA,NA,NA,NA,NA,NA,NA,NA,NA,NA,NA,NA,NA,NA,NA,NA,NA,NA,NA,,,NA,NA,NA,NA,NA,NA,NA,NA,NA,NA,NA,NA,NA,NA,NA,NA,NA,NA,NA,NA,NA,NA,NA,NA,NA,NA,NA,NA,NA,2,1,2,,NA,NA,NA
Male,African American,NA,NA,NA,NA,NA,NA,NA,NA,NA,NA,NA,NA,NA,NA,NA,NA,NA,NA,NA,NA,,,NA,NA,NA,NA,NA,NA,NA,NA,NA,NA,NA,NA,NA,NA,NA,NA,NA,NA,NA,NA,NA,NA,NA,NA,NA,NA,NA,NA,NA,1,1,2,,NA,NA,NA
Female,African American,NA,NA,NA,NA,NA,NA,NA,NA,NA,NA,NA,NA,NA,NA,NA,NA,NA,NA,NA,NA,,,NA,NA,NA,NA,NA,NA,NA,NA,NA,NA,NA,NA,NA,NA,NA,NA,NA,NA,NA,NA,NA,NA,NA,NA,NA,NA,NA,NA,NA,1,2,2,,NA,NA,NA
Male,African American,NA,NA,NA,NA,NA,NA,NA,NA,NA,NA,NA,NA,NA,NA,NA,NA,NA,NA,NA,NA,,,NA,NA,NA,NA,NA,NA,NA,NA,NA,NA,NA,NA,NA,NA,NA,NA,NA,NA,NA,NA,NA,NA,NA,NA,NA,NA,NA,NA,NA,2,2,2,,NA,NA,NA
Male,African American,NA,NA,NA,NA,NA,NA,NA,NA,NA,NA,NA,NA,NA,NA,NA,NA,NA,NA,NA,NA,,,NA,NA,NA,NA,NA,NA,NA,NA,NA,NA,NA,NA,NA,NA,NA,NA,NA,NA,NA,NA,NA,NA,NA,NA,NA,NA,NA,NA,NA,2,1,2,,NA,NA,NA
Male,African American,NA,NA,NA,NA,NA,NA,NA,NA,NA,NA,NA,NA,NA,NA,NA,NA,NA,NA,NA,NA,,,NA,NA,NA,NA,NA,NA,NA,NA,NA,NA,NA,NA,NA,NA,NA,NA,NA,NA,NA,NA,NA,NA,NA,NA,NA,NA,NA,NA,NA,1,2,2,,NA,NA,NA
Female,African American,NA,NA,NA,NA,NA,NA,NA,NA,NA,NA,NA,NA,NA,NA,NA,NA,NA,NA,NA,NA,,,NA,NA,NA,NA,NA,NA,NA,NA,NA,NA,NA,NA,NA,NA,NA,NA,NA,NA,NA,NA,NA,NA,NA,NA,NA,NA,NA,NA,NA,2,1,1,,NA,NA,NA
Female,African American,NA,NA,NA,NA,NA,NA,NA,NA,NA,NA,NA,NA,NA,NA,NA,NA,NA,NA,NA,NA,,,NA,NA,NA,NA,NA,NA,NA,NA,NA,NA,NA,NA,NA,NA,NA,NA,NA,NA,NA,NA,NA,NA,NA,NA,NA,NA,NA,NA,NA,1,2,2,,NA,NA,NA
Female,African American,NA,NA,NA,NA,NA,NA,NA,NA,NA,NA,NA,NA,NA,NA,NA,NA,NA,NA,NA,NA,,,NA,NA,NA,NA,NA,NA,NA,NA,NA,NA,NA,NA,NA,NA,NA,NA,NA,NA,NA,NA,NA,NA,NA,NA,NA,NA,NA,NA,NA,2,1,2,,NA,NA,NA
Male,African American,NA,NA,NA,NA,NA,NA,NA,NA,NA,NA,NA,NA,NA,NA,NA,NA,NA,NA,NA,NA,,,NA,NA,NA,NA,NA,NA,NA,NA,NA,NA,NA,NA,NA,NA,NA,NA,NA,NA,NA,NA,NA,NA,NA,NA,NA,NA,NA,NA,NA,1,1,1,,NA,NA,NA
Female,African American,NA,NA,NA,NA,NA,NA,NA,NA,NA,NA,NA,NA,NA,NA,NA,NA,NA,NA,NA,NA,,,NA,NA,NA,NA,NA,NA,NA,NA,NA,NA,NA,NA,NA,NA,NA,NA,NA,NA,NA,NA,NA,NA,NA,NA,NA,NA,NA,NA,NA,2,2,1,,NA,NA,NA
Male,African American,NA,NA,NA,NA,NA,NA,NA,NA,NA,NA,NA,NA,NA,NA,NA,NA,NA,NA,NA,NA,,,NA,NA,NA,NA,NA,NA,NA,NA,NA,NA,NA,NA,NA,NA,NA,NA,NA,NA,NA,NA,NA,NA,NA,NA,NA,NA,NA,NA,NA,2,2,2,,NA,NA,NA
Female,African American,NA,NA,NA,NA,NA,NA,NA,NA,NA,NA,NA,NA,NA,NA,NA,NA,NA,NA,NA,NA,,,NA,NA,NA,NA,NA,NA,NA,NA,NA,NA,NA,NA,NA,NA,NA,NA,NA,NA,NA,NA,NA,NA,NA,NA,NA,NA,NA,NA,NA,2,1,2,,NA,NA,NA
Female,African American,NA,NA,NA,NA,NA,NA,NA,NA,NA,NA,NA,NA,NA,NA,NA,NA,NA,NA,NA,NA,,,NA,NA,NA,NA,NA,NA,NA,NA,NA,NA,NA,NA,NA,NA,NA,NA,NA,NA,NA,NA,NA,NA,NA,NA,NA,NA,NA,NA,NA,1,2,2,,NA,NA,NA
Male,African American,NA,NA,NA,NA,NA,NA,NA,NA,NA,NA,NA,NA,NA,NA,NA,NA,NA,NA,NA,NA,,,NA,NA,NA,NA,NA,NA,NA,NA,NA,NA,NA,NA,NA,NA,NA,NA,NA,NA,NA,NA,NA,NA,NA,NA,NA,NA,NA,NA,NA,1,2,1,,NA,NA,NA
NA,NA,NA,NA,NA,NA,NA,NA,NA,NA,NA,NA,NA,NA,NA,NA,NA,NA,NA,NA,NA,NA,,,NA,NA,NA,NA,NA,NA,NA,NA,NA,NA,NA,NA,NA,NA,NA,NA,NA,NA,NA,NA,NA,NA,NA,NA,NA,NA,NA,NA,NA,2,1,2,4,NA,NA,NA
Female,African American,NA,NA,NA,NA,NA,NA,NA,NA,NA,NA,NA,NA,NA,NA,NA,NA,NA,NA,NA,NA,,,NA,NA,NA,NA,NA,NA,NA,NA,NA,NA,NA,NA,NA,NA,NA,NA,NA,NA,NA,NA,NA,NA,NA,NA,NA,NA,NA,NA,NA,2,1,2,,NA,NA,NA
Female,African American,NA,NA,NA,NA,NA,NA,NA,NA,NA,NA,NA,NA,NA,NA,NA,NA,NA,NA,NA,NA,,,NA,NA,NA,NA,NA,NA,NA,NA,NA,NA,NA,NA,NA,NA,NA,NA,NA,NA,NA,NA,NA,NA,NA,NA,NA,NA,NA,NA,NA,2,1,2,,NA,NA,NA
Female,African American,NA,NA,NA,NA,NA,NA,NA,NA,NA,NA,NA,NA,NA,NA,NA,NA,NA,NA,NA,NA,,,NA,NA,NA,NA,NA,NA,NA,NA,NA,NA,NA,NA,NA,NA,NA,NA,NA,NA,NA,NA,NA,NA,NA,NA,NA,NA,NA,NA,NA,1,2,1,,NA,NA,NA
Female,African American,NA,NA,NA,NA,NA,NA,NA,NA,NA,NA,NA,NA,NA,NA,NA,NA,NA,NA,NA,NA,,,NA,NA,NA,NA,NA,NA,NA,NA,NA,NA,NA,NA,NA,NA,NA,NA,NA,NA,NA,NA,NA,NA,NA,NA,NA,NA,NA,NA,NA,2,1,2,,NA,NA,NA
Male,African American,NA,NA,NA,NA,NA,NA,NA,NA,NA,NA,NA,NA,NA,NA,NA,NA,NA,NA,NA,NA,,,NA,NA,NA,NA,NA,NA,NA,NA,NA,NA,NA,NA,NA,NA,NA,NA,NA,NA,NA,NA,NA,NA,NA,NA,NA,NA,NA,NA,NA,2,2,2,,NA,NA,NA
Female,African American,NA,NA,NA,NA,NA,NA,NA,NA,NA,NA,NA,NA,NA,NA,NA,NA,NA,NA,NA,NA,,,NA,NA,NA,NA,NA,NA,NA,NA,NA,NA,NA,NA,NA,NA,NA,NA,NA,NA,NA,NA,NA,NA,NA,NA,NA,NA,NA,NA,NA,1,2,2,,NA,NA,NA
Female,African American,NA,NA,NA,NA,NA,NA,NA,NA,NA,NA,NA,NA,NA,NA,NA,NA,NA,NA,NA,NA,,,NA,NA,NA,NA,NA,NA,NA,NA,NA,NA,NA,NA,NA,NA,NA,NA,NA,NA,NA,NA,NA,NA,NA,NA,NA,NA,NA,NA,NA,2,1,1,,NA,NA,NA
Male,African American,NA,NA,NA,NA,NA,NA,NA,NA,NA,NA,NA,NA,NA,NA,NA,NA,NA,NA,NA,NA,,,NA,NA,NA,NA,NA,NA,NA,NA,NA,NA,NA,NA,NA,NA,NA,NA,NA,NA,NA,NA,NA,NA,NA,NA,NA,NA,NA,NA,NA,2,2,2,,NA,NA,NA
Female,African American,NA,NA,NA,NA,NA,NA,NA,NA,NA,NA,NA,NA,NA,NA,NA,NA,NA,NA,NA,NA,,,NA,NA,NA,NA,NA,NA,NA,NA,NA,NA,NA,NA,NA,NA,NA,NA,NA,NA,NA,NA,NA,NA,NA,NA,NA,NA,NA,NA,NA,1,1,1,,NA,NA,NA
Female,African American,NA,NA,NA,NA,NA,NA,NA,NA,NA,NA,NA,NA,NA,NA,NA,NA,NA,NA,NA,NA,,,NA,NA,NA,NA,NA,NA,NA,NA,NA,NA,NA,NA,NA,NA,NA,NA,NA,NA,NA,NA,NA,NA,NA,NA,NA,NA,NA,NA,NA,2,2,1,,NA,NA,NA
Female,African American,NA,NA,NA,NA,NA,NA,NA,NA,NA,NA,NA,NA,NA,NA,NA,NA,NA,NA,NA,NA,,,NA,NA,NA,NA,NA,NA,NA,NA,NA,NA,NA,NA,NA,NA,NA,NA,NA,NA,NA,NA,NA,NA,NA,NA,NA,NA,NA,NA,NA,2,2,1,,NA,NA,NA
Female,African American,NA,NA,NA,NA,NA,NA,NA,NA,NA,NA,NA,NA,NA,NA,NA,NA,NA,NA,NA,NA,,,NA,NA,NA,NA,NA,NA,NA,NA,NA,NA,NA,NA,NA,NA,NA,NA,NA,NA,NA,NA,NA,NA,NA,NA,NA,NA,NA,NA,NA,1,2,2,,NA,NA,NA
Female,African American,NA,NA,NA,NA,NA,NA,NA,NA,NA,NA,NA,NA,NA,NA,NA,NA,NA,NA,NA,NA,,,NA,NA,NA,NA,NA,NA,NA,NA,NA,NA,NA,NA,NA,NA,NA,NA,NA,NA,NA,NA,NA,NA,NA,NA,NA,NA,NA,NA,NA,1,2,1,,NA,NA,NA
Male,African American,NA,NA,NA,NA,NA,NA,NA,NA,NA,NA,NA,NA,NA,NA,NA,NA,NA,NA,NA,NA,,,NA,NA,NA,NA,NA,NA,NA,NA,NA,NA,NA,NA,NA,NA,NA,NA,NA,NA,NA,NA,NA,NA,NA,NA,NA,NA,NA,NA,NA,2,1,1,,NA,NA,NA
Female,African American,NA,NA,NA,NA,NA,NA,NA,NA,NA,NA,NA,NA,NA,NA,NA,NA,NA,NA,NA,NA,,,NA,NA,NA,NA,NA,NA,NA,NA,NA,NA,NA,NA,NA,NA,NA,NA,NA,NA,NA,NA,NA,NA,NA,NA,NA,NA,NA,NA,NA,2,1,1,,NA,NA,NA
Female,African American,NA,NA,NA,NA,NA,NA,NA,NA,NA,NA,NA,NA,NA,NA,NA,NA,NA,NA,NA,NA,,,NA,NA,NA,NA,NA,NA,NA,NA,NA,NA,NA,NA,NA,NA,NA,NA,NA,NA,NA,NA,NA,NA,NA,NA,NA,NA,NA,NA,NA,1,1,2,,NA,NA,NA
Male,African American,NA,NA,NA,NA,NA,NA,NA,NA,NA,NA,NA,NA,NA,NA,NA,NA,NA,NA,NA,NA,,,NA,NA,NA,NA,NA,NA,NA,NA,NA,NA,NA,NA,NA,NA,NA,NA,NA,NA,NA,NA,NA,NA,NA,NA,NA,NA,NA,NA,NA,1,1,2,,NA,NA,NA
Female,African American,NA,NA,NA,NA,NA,NA,NA,NA,NA,NA,NA,NA,NA,NA,NA,NA,NA,NA,NA,NA,,,NA,NA,NA,NA,NA,NA,NA,NA,NA,NA,NA,NA,NA,NA,NA,NA,NA,NA,NA,NA,NA,NA,NA,NA,NA,NA,NA,NA,NA,1,2,1,,NA,NA,NA
Female,African American,NA,NA,NA,NA,NA,NA,NA,NA,NA,NA,NA,NA,NA,NA,NA,NA,NA,NA,NA,NA,,,NA,NA,NA,NA,NA,NA,NA,NA,NA,NA,NA,NA,NA,NA,NA,NA,NA,NA,NA,NA,NA,NA,NA,NA,NA,NA,NA,NA,NA,2,1,2,,NA,NA,NA
Male,African American,NA,NA,NA,NA,NA,NA,NA,NA,NA,NA,NA,NA,NA,NA,NA,NA,NA,NA,NA,NA,,,NA,NA,NA,NA,NA,NA,NA,NA,NA,NA,NA,NA,NA,NA,NA,NA,NA,NA,NA,NA,NA,NA,NA,NA,NA,NA,NA,NA,NA,2,2,2,,NA,NA,NA
Female,African American,NA,NA,NA,NA,NA,NA,NA,NA,NA,NA,NA,NA,NA,NA,NA,NA,NA,NA,NA,NA,,,NA,NA,NA,NA,NA,NA,NA,NA,NA,NA,NA,NA,NA,NA,NA,NA,NA,NA,NA,NA,NA,NA,NA,NA,NA,NA,NA,NA,NA,2,1,1,,NA,NA,NA
Female,African American,NA,NA,NA,NA,NA,NA,NA,NA,NA,NA,NA,NA,NA,NA,NA,NA,NA,NA,NA,NA,,,NA,NA,NA,NA,NA,NA,NA,NA,NA,NA,NA,NA,NA,NA,NA,NA,NA,NA,NA,NA,NA,NA,NA,NA,NA,NA,NA,NA,NA,1,2,2,,NA,NA,NA
Female,African American,NA,NA,NA,NA,NA,NA,NA,NA,NA,NA,NA,NA,NA,NA,NA,NA,NA,NA,NA,NA,,,NA,NA,NA,NA,NA,NA,NA,NA,NA,NA,NA,NA,NA,NA,NA,NA,NA,NA,NA,NA,NA,NA,NA,NA,NA,NA,NA,NA,NA,2,2,2,,NA,NA,NA
Female,African American,NA,NA,NA,NA,NA,NA,NA,NA,NA,NA,NA,NA,NA,NA,NA,NA,NA,NA,NA,NA,,,NA,NA,NA,NA,NA,NA,NA,NA,NA,NA,NA,NA,NA,NA,NA,NA,NA,NA,NA,NA,NA,NA,NA,NA,NA,NA,NA,NA,NA,2,1,1,,NA,NA,NA
Female,African American,NA,NA,NA,NA,NA,NA,NA,NA,NA,NA,NA,NA,NA,NA,NA,NA,NA,NA,NA,NA,,,NA,NA,NA,NA,NA,NA,NA,NA,NA,NA,NA,NA,NA,NA,NA,NA,NA,NA,NA,NA,NA,NA,NA,NA,NA,NA,NA,NA,NA,2,1,1,,NA,NA,NA
Female,African American,NA,NA,NA,NA,NA,NA,NA,NA,NA,NA,NA,NA,NA,NA,NA,NA,NA,NA,NA,NA,,,NA,NA,NA,NA,NA,NA,NA,NA,NA,NA,NA,NA,NA,NA,NA,NA,NA,NA,NA,NA,NA,NA,NA,NA,NA,NA,NA,NA,NA,2,2,2,,NA,NA,NA
Female,African American,NA,NA,NA,NA,NA,NA,NA,NA,NA,NA,NA,NA,NA,NA,NA,NA,NA,NA,NA,NA,,,NA,NA,NA,NA,NA,NA,NA,NA,NA,NA,NA,NA,NA,NA,NA,NA,NA,NA,NA,NA,NA,NA,NA,NA,NA,NA,NA,NA,NA,1,2,2,,NA,NA,NA
Female,African American,NA,NA,NA,NA,NA,NA,NA,NA,NA,NA,NA,NA,NA,NA,NA,NA,NA,NA,NA,NA,,,NA,NA,NA,NA,NA,NA,NA,NA,NA,NA,NA,NA,NA,NA,NA,NA,NA,NA,NA,NA,NA,NA,NA,NA,NA,NA,NA,NA,NA,2,2,2,,NA,NA,NA
Male,African American,NA,NA,NA,NA,NA,NA,NA,NA,NA,NA,NA,NA,NA,NA,NA,NA,NA,NA,NA,NA,,,NA,NA,NA,NA,NA,NA,NA,NA,NA,NA,NA,NA,NA,NA,NA,NA,NA,NA,NA,NA,NA,NA,NA,NA,NA,NA,NA,NA,NA,2,2,1,,NA,NA,NA
Female,African American,NA,NA,NA,NA,NA,NA,NA,NA,NA,NA,NA,NA,NA,NA,NA,NA,NA,NA,NA,NA,,,NA,NA,NA,NA,NA,NA,NA,NA,NA,NA,NA,NA,NA,NA,NA,NA,NA,NA,NA,NA,NA,NA,NA,NA,NA,NA,NA,NA,NA,2,1,1,,NA,NA,NA
Female,African American,"70,000 – 79,999",Some College,Democrat,NA,NA,Not a strong Democrat,33,No,No,Yes,NA,TRUE,TRUE,TRUE,NA,FALSE,NA,NA,FALSE,NA,,,NA,NA,NA,NA,NA,NA,NA,NA,NA,NA,NA,NA,NA,NA,NA,NA,NA,NA,NA,NA,NA,NA,NA,NA,NA,NA,NA,NA,NA,2,1,1,,NA,NA,NA
Female,African American,NA,NA,NA,NA,NA,NA,NA,NA,NA,NA,NA,NA,NA,NA,NA,NA,NA,NA,NA,NA,,,NA,NA,NA,NA,NA,NA,NA,NA,NA,NA,NA,NA,NA,NA,NA,NA,NA,NA,NA,NA,NA,NA,NA,NA,NA,NA,NA,NA,NA,1,1,2,,NA,NA,NA
Female,African American,NA,NA,NA,NA,NA,NA,NA,NA,NA,NA,NA,NA,NA,NA,NA,NA,NA,NA,NA,NA,,,NA,NA,NA,NA,NA,NA,NA,NA,NA,NA,NA,NA,NA,NA,NA,NA,NA,NA,NA,NA,NA,NA,NA,NA,NA,NA,NA,NA,NA,2,1,1,,NA,NA,NA
Female,African American,NA,NA,NA,NA,NA,NA,NA,NA,NA,NA,NA,NA,NA,NA,NA,NA,NA,NA,NA,NA,,,NA,NA,NA,NA,NA,NA,NA,NA,NA,NA,NA,NA,NA,NA,NA,NA,NA,NA,NA,NA,NA,NA,NA,NA,NA,NA,NA,NA,NA,2,1,2,,NA,NA,NA
Female,African American,NA,NA,NA,NA,NA,NA,NA,NA,NA,NA,NA,NA,NA,NA,NA,NA,NA,NA,NA,NA,,,NA,NA,NA,NA,NA,NA,NA,NA,NA,NA,NA,NA,NA,NA,NA,NA,NA,NA,NA,NA,NA,NA,NA,NA,NA,NA,NA,NA,NA,2,1,1,,NA,NA,NA
Male,African American,NA,NA,NA,NA,NA,NA,NA,NA,NA,NA,NA,NA,NA,NA,NA,NA,NA,NA,NA,NA,,,NA,NA,NA,NA,NA,NA,NA,NA,NA,NA,NA,NA,NA,NA,NA,NA,NA,NA,NA,NA,NA,NA,NA,NA,NA,NA,NA,NA,NA,1,2,2,,NA,NA,NA
Female,African American,NA,NA,NA,NA,NA,NA,NA,NA,NA,NA,NA,NA,NA,NA,NA,NA,NA,NA,NA,NA,,,NA,NA,NA,NA,NA,NA,NA,NA,NA,NA,NA,NA,NA,NA,NA,NA,NA,NA,NA,NA,NA,NA,NA,NA,NA,NA,NA,NA,NA,1,1,2,,NA,NA,NA
Female,African American,NA,NA,NA,NA,NA,NA,NA,NA,NA,NA,NA,NA,NA,NA,NA,NA,NA,NA,NA,NA,,,NA,NA,NA,NA,NA,NA,NA,NA,NA,NA,NA,NA,NA,NA,NA,NA,NA,NA,NA,NA,NA,NA,NA,NA,NA,NA,NA,NA,NA,2,1,1,,NA,NA,NA
Female,African American,NA,NA,NA,NA,NA,NA,NA,NA,NA,NA,NA,NA,NA,NA,NA,NA,NA,NA,NA,NA,,,NA,NA,NA,NA,NA,NA,NA,NA,NA,NA,NA,NA,NA,NA,NA,NA,NA,NA,NA,NA,NA,NA,NA,NA,NA,NA,NA,NA,NA,2,1,2,,NA,NA,NA
Female,African American,NA,NA,NA,NA,NA,NA,NA,NA,NA,NA,NA,NA,NA,NA,NA,NA,NA,NA,NA,NA,,,NA,NA,NA,NA,NA,NA,NA,NA,NA,NA,NA,NA,NA,NA,NA,NA,NA,NA,NA,NA,NA,NA,NA,NA,NA,NA,NA,NA,NA,1,2,1,,NA,NA,NA
Male,African American,NA,NA,NA,NA,NA,NA,NA,NA,NA,NA,NA,NA,NA,NA,NA,NA,NA,NA,NA,NA,,,NA,NA,NA,NA,NA,NA,NA,NA,NA,NA,NA,NA,NA,NA,NA,NA,NA,NA,NA,NA,NA,NA,NA,NA,NA,NA,NA,NA,NA,1,2,2,,NA,NA,NA
Male,White/Caucasian,"Less than 30,000",2-year College Degree,Republican,NA,Strong Republican,NA,19,NA,NA,NA,TRUE,TRUE,TRUE,TRUE,TRUE,TRUE,TRUE,TRUE,FALSE,TRUE,61,18,Strongly agree,Strongly agree,Strongly agree,Yes,Yes,2,1- Very unlike me,1- Very unlike me,1- Very unlike me,1- Very unlike me,5- Very like me,5- Very like me,5- Very like me,5- Very like me,5- Very like me,5- Very like me,5- Very like me,5- Very like me,NA,NA,NA,NA,Arizona,Strongly support,Justified,Yes,NA,NA,NA,1,1,2,1,Democrat,Republican,NA
Male,African American,NA,NA,NA,NA,NA,NA,NA,NA,NA,NA,NA,NA,NA,NA,NA,NA,NA,NA,NA,NA,,,NA,NA,NA,NA,NA,NA,NA,NA,NA,NA,NA,NA,NA,NA,NA,NA,NA,NA,NA,NA,NA,NA,NA,NA,NA,NA,NA,NA,NA,2,1,2,,NA,NA,NA
Female,African American,NA,NA,NA,NA,NA,NA,NA,NA,NA,NA,NA,NA,NA,NA,NA,NA,NA,NA,NA,NA,,,NA,NA,NA,NA,NA,NA,NA,NA,NA,NA,NA,NA,NA,NA,NA,NA,NA,NA,NA,NA,NA,NA,NA,NA,NA,NA,NA,NA,NA,1,1,1,,NA,NA,NA
Female,African American,NA,NA,NA,NA,NA,NA,NA,NA,NA,NA,NA,NA,NA,NA,NA,NA,NA,NA,NA,NA,,,NA,NA,NA,NA,NA,NA,NA,NA,NA,NA,NA,NA,NA,NA,NA,NA,NA,NA,NA,NA,NA,NA,NA,NA,NA,NA,NA,NA,NA,2,1,1,,NA,NA,NA
Female,African American,NA,NA,NA,NA,NA,NA,NA,NA,NA,NA,NA,NA,NA,NA,NA,NA,NA,NA,NA,NA,,,NA,NA,NA,NA,NA,NA,NA,NA,NA,NA,NA,NA,NA,NA,NA,NA,NA,NA,NA,NA,NA,NA,NA,NA,NA,NA,NA,NA,NA,1,2,2,,NA,NA,NA
Female,African American,NA,NA,NA,NA,NA,NA,NA,NA,NA,NA,NA,NA,NA,NA,NA,NA,NA,NA,NA,NA,,,NA,NA,NA,NA,NA,NA,NA,NA,NA,NA,NA,NA,NA,NA,NA,NA,NA,NA,NA,NA,NA,NA,NA,NA,NA,NA,NA,NA,NA,1,1,1,,NA,NA,NA
Female,African American,NA,NA,NA,NA,NA,NA,NA,NA,NA,NA,NA,NA,NA,NA,NA,NA,NA,NA,NA,NA,,,NA,NA,NA,NA,NA,NA,NA,NA,NA,NA,NA,NA,NA,NA,NA,NA,NA,NA,NA,NA,NA,NA,NA,NA,NA,NA,NA,NA,NA,2,1,2,,NA,NA,NA
Female,African American,NA,NA,NA,NA,NA,NA,NA,NA,NA,NA,NA,NA,NA,NA,NA,NA,NA,NA,NA,NA,,,NA,NA,NA,NA,NA,NA,NA,NA,NA,NA,NA,NA,NA,NA,NA,NA,NA,NA,NA,NA,NA,NA,NA,NA,NA,NA,NA,NA,NA,1,1,1,,NA,NA,NA
Female,African American,NA,NA,NA,NA,NA,NA,NA,NA,NA,NA,NA,NA,NA,NA,NA,NA,NA,NA,NA,NA,,,NA,NA,NA,NA,NA,NA,NA,NA,NA,NA,NA,NA,NA,NA,NA,NA,NA,NA,NA,NA,NA,NA,NA,NA,NA,NA,NA,NA,NA,1,2,2,,NA,NA,NA
Female,African American,NA,NA,NA,NA,NA,NA,NA,NA,NA,NA,NA,NA,NA,NA,NA,NA,NA,NA,NA,NA,,,NA,NA,NA,NA,NA,NA,NA,NA,NA,NA,NA,NA,NA,NA,NA,NA,NA,NA,NA,NA,NA,NA,NA,NA,NA,NA,NA,NA,NA,1,2,2,,NA,NA,NA
Female,African American,NA,NA,NA,NA,NA,NA,NA,NA,NA,NA,NA,NA,NA,NA,NA,NA,NA,NA,NA,NA,,,NA,NA,NA,NA,NA,NA,NA,NA,NA,NA,NA,NA,NA,NA,NA,NA,NA,NA,NA,NA,NA,NA,NA,NA,NA,NA,NA,NA,NA,1,2,1,,NA,NA,NA
Female,White/Caucasian,"40,000 – 49,999",4-year College Degree,Democrat,NA,NA,Not a strong Democrat,35,No,No,Yes,FALSE,TRUE,TRUE,TRUE,TRUE,TRUE,FALSE,TRUE,TRUE,TRUE,55,47,Neither agree nor disagree,Somewhat disagree,Neither agree nor disagree,No,No,3,3,2,4,5- Very like me,2,3,4,3,2,4,4,3,NA,NA,NA,NA,NA,NA,NA,NA,Alaska,More than 20 years in prison,Oppose,2,1,1,1,Republican,Democrat,murder
Female,African American,NA,NA,NA,NA,NA,NA,NA,NA,NA,NA,NA,NA,NA,NA,NA,NA,NA,NA,NA,NA,,,NA,NA,NA,NA,NA,NA,NA,NA,NA,NA,NA,NA,NA,NA,NA,NA,NA,NA,NA,NA,NA,NA,NA,NA,NA,NA,NA,NA,NA,2,2,1,,NA,NA,NA
Male,African American,NA,NA,NA,NA,NA,NA,NA,NA,NA,NA,NA,NA,NA,NA,NA,NA,NA,NA,NA,NA,,,NA,NA,NA,NA,NA,NA,NA,NA,NA,NA,NA,NA,NA,NA,NA,NA,NA,NA,NA,NA,NA,NA,NA,NA,NA,NA,NA,NA,NA,2,1,1,,NA,NA,NA
Female,African American,NA,NA,NA,NA,NA,NA,NA,NA,NA,NA,NA,NA,NA,NA,NA,NA,NA,NA,NA,NA,,,NA,NA,NA,NA,NA,NA,NA,NA,NA,NA,NA,NA,NA,NA,NA,NA,NA,NA,NA,NA,NA,NA,NA,NA,NA,NA,NA,NA,NA,1,2,1,,NA,NA,NA
Female,African American,NA,NA,NA,NA,NA,NA,NA,NA,NA,NA,NA,NA,NA,NA,NA,NA,NA,NA,NA,NA,,,NA,NA,NA,NA,NA,NA,NA,NA,NA,NA,NA,NA,NA,NA,NA,NA,NA,NA,NA,NA,NA,NA,NA,NA,NA,NA,NA,NA,NA,2,2,1,,NA,NA,NA
Male,African American,NA,NA,NA,NA,NA,NA,NA,NA,NA,NA,NA,NA,NA,NA,NA,NA,NA,NA,NA,NA,,,NA,NA,NA,NA,NA,NA,NA,NA,NA,NA,NA,NA,NA,NA,NA,NA,NA,NA,NA,NA,NA,NA,NA,NA,NA,NA,NA,NA,NA,1,1,1,,NA,NA,NA
Female,African American,NA,NA,NA,NA,NA,NA,NA,NA,NA,NA,NA,NA,NA,NA,NA,NA,NA,NA,NA,NA,,,NA,NA,NA,NA,NA,NA,NA,NA,NA,NA,NA,NA,NA,NA,NA,NA,NA,NA,NA,NA,NA,NA,NA,NA,NA,NA,NA,NA,NA,1,1,2,,NA,NA,NA
Female,African American,NA,NA,NA,NA,NA,NA,NA,NA,NA,NA,NA,NA,NA,NA,NA,NA,NA,NA,NA,NA,,,NA,NA,NA,NA,NA,NA,NA,NA,NA,NA,NA,NA,NA,NA,NA,NA,NA,NA,NA,NA,NA,NA,NA,NA,NA,NA,NA,NA,NA,2,2,2,,NA,NA,NA
Female,African American,NA,NA,NA,NA,NA,NA,NA,NA,NA,NA,NA,NA,NA,NA,NA,NA,NA,NA,NA,NA,,,NA,NA,NA,NA,NA,NA,NA,NA,NA,NA,NA,NA,NA,NA,NA,NA,NA,NA,NA,NA,NA,NA,NA,NA,NA,NA,NA,NA,NA,2,1,1,,NA,NA,NA
Male,African American,NA,NA,NA,NA,NA,NA,NA,NA,NA,NA,NA,NA,NA,NA,NA,NA,NA,NA,NA,NA,,,NA,NA,NA,NA,NA,NA,NA,NA,NA,NA,NA,NA,NA,NA,NA,NA,NA,NA,NA,NA,NA,NA,NA,NA,NA,NA,NA,NA,NA,1,1,2,,NA,NA,NA
Female,African American,NA,NA,NA,NA,NA,NA,NA,NA,NA,NA,NA,NA,NA,NA,NA,NA,NA,NA,NA,NA,,,NA,NA,NA,NA,NA,NA,NA,NA,NA,NA,NA,NA,NA,NA,NA,NA,NA,NA,NA,NA,NA,NA,NA,NA,NA,NA,NA,NA,NA,2,2,2,,NA,NA,NA
Male,African American,NA,NA,NA,NA,NA,NA,NA,NA,NA,NA,NA,NA,NA,NA,NA,NA,NA,NA,NA,NA,,,NA,NA,NA,NA,NA,NA,NA,NA,NA,NA,NA,NA,NA,NA,NA,NA,NA,NA,NA,NA,NA,NA,NA,NA,NA,NA,NA,NA,NA,1,2,1,,NA,NA,NA
Male,African American,NA,NA,NA,NA,NA,NA,NA,NA,NA,NA,NA,NA,NA,NA,NA,NA,NA,NA,NA,NA,,,NA,NA,NA,NA,NA,NA,NA,NA,NA,NA,NA,NA,NA,NA,NA,NA,NA,NA,NA,NA,NA,NA,NA,NA,NA,NA,NA,NA,NA,2,1,2,,NA,NA,NA
Female,African American,NA,NA,NA,NA,NA,NA,NA,NA,NA,NA,NA,NA,NA,NA,NA,NA,NA,NA,NA,NA,,,NA,NA,NA,NA,NA,NA,NA,NA,NA,NA,NA,NA,NA,NA,NA,NA,NA,NA,NA,NA,NA,NA,NA,NA,NA,NA,NA,NA,NA,2,2,2,,NA,NA,NA
Female,African American,NA,NA,NA,NA,NA,NA,NA,NA,NA,NA,NA,NA,NA,NA,NA,NA,NA,NA,NA,NA,,,NA,NA,NA,NA,NA,NA,NA,NA,NA,NA,NA,NA,NA,NA,NA,NA,NA,NA,NA,NA,NA,NA,NA,NA,NA,NA,NA,NA,NA,1,1,1,,NA,NA,NA
Female,African American,NA,NA,NA,NA,NA,NA,NA,NA,NA,NA,NA,NA,NA,NA,NA,NA,NA,NA,NA,NA,,,NA,NA,NA,NA,NA,NA,NA,NA,NA,NA,NA,NA,NA,NA,NA,NA,NA,NA,NA,NA,NA,NA,NA,NA,NA,NA,NA,NA,NA,1,1,1,,NA,NA,NA
Female,African American,NA,NA,NA,NA,NA,NA,NA,NA,NA,NA,NA,NA,NA,NA,NA,NA,NA,NA,NA,NA,,,NA,NA,NA,NA,NA,NA,NA,NA,NA,NA,NA,NA,NA,NA,NA,NA,NA,NA,NA,NA,NA,NA,NA,NA,NA,NA,NA,NA,NA,2,1,1,,NA,NA,NA
Male,African American,NA,NA,NA,NA,NA,NA,NA,NA,NA,NA,NA,NA,NA,NA,NA,NA,NA,NA,NA,NA,,,NA,NA,NA,NA,NA,NA,NA,NA,NA,NA,NA,NA,NA,NA,NA,NA,NA,NA,NA,NA,NA,NA,NA,NA,NA,NA,NA,NA,NA,2,1,2,,NA,NA,NA
Female,African American,NA,NA,NA,NA,NA,NA,NA,NA,NA,NA,NA,NA,NA,NA,NA,NA,NA,NA,NA,NA,,,NA,NA,NA,NA,NA,NA,NA,NA,NA,NA,NA,NA,NA,NA,NA,NA,NA,NA,NA,NA,NA,NA,NA,NA,NA,NA,NA,NA,NA,2,2,1,,NA,NA,NA
Female,African American,NA,NA,NA,NA,NA,NA,NA,NA,NA,NA,NA,NA,NA,NA,NA,NA,NA,NA,NA,NA,,,NA,NA,NA,NA,NA,NA,NA,NA,NA,NA,NA,NA,NA,NA,NA,NA,NA,NA,NA,NA,NA,NA,NA,NA,NA,NA,NA,NA,NA,1,1,2,,NA,NA,NA
Male,White/Caucasian,"100,000 or more",Masters Degree,Democrat,NA,NA,Strong Democrat,32,NA,NA,NA,FALSE,FALSE,TRUE,FALSE,FALSE,FALSE,TRUE,TRUE,TRUE,TRUE,100,5,Neither agree nor disagree,Strongly disagree,Neither agree nor disagree,Yes,No,1 - Not at all,1- Very unlike me,4,3,3,5- Very like me,4,5- Very like me,3,5- Very like me,5- Very like me,5- Very like me,5- Very like me,NA,NA,NA,NA,NA,NA,NA,NA,Washington,6 - 10 years in prison,Strongly oppose,2,1,2,1,Republican,Democrat,assault with a deadly weapon
Male,African American,NA,NA,NA,NA,NA,NA,NA,NA,NA,NA,NA,NA,NA,NA,NA,NA,NA,NA,NA,NA,,,NA,NA,NA,NA,NA,NA,NA,NA,NA,NA,NA,NA,NA,NA,NA,NA,NA,NA,NA,NA,NA,NA,NA,NA,NA,NA,NA,NA,NA,1,2,2,,NA,NA,NA
Male,African American,NA,NA,NA,NA,NA,NA,NA,NA,NA,NA,NA,NA,NA,NA,NA,NA,NA,NA,NA,NA,,,NA,NA,NA,NA,NA,NA,NA,NA,NA,NA,NA,NA,NA,NA,NA,NA,NA,NA,NA,NA,NA,NA,NA,NA,NA,NA,NA,NA,NA,1,1,1,,NA,NA,NA
Female,African American,NA,NA,NA,NA,NA,NA,NA,NA,NA,NA,NA,NA,NA,NA,NA,NA,NA,NA,NA,NA,,,NA,NA,NA,NA,NA,NA,NA,NA,NA,NA,NA,NA,NA,NA,NA,NA,NA,NA,NA,NA,NA,NA,NA,NA,NA,NA,NA,NA,NA,1,2,2,,NA,NA,NA
Female,Asian,"Less than 30,000",High School / GED,Democrat,NA,NA,Strong Democrat,67,No,No,Yes,FALSE,TRUE,TRUE,TRUE,TRUE,FALSE,FALSE,TRUE,FALSE,FALSE,97,57,Neither agree nor disagree,Strongly disagree,Neither agree nor disagree,No,No,1 - Not at all,3,2,4,3,2,3,2,3,1- Very unlike me,1- Very unlike me,4,1- Very unlike me,NA,NA,NA,NA,NA,NA,NA,NA,Oregon,4 - 30 days in jail,Oppose,2,1,2,1,Republican,Democrat,protesting without a permit
Female,African American,NA,NA,NA,NA,NA,NA,NA,NA,NA,NA,NA,NA,NA,NA,NA,NA,NA,NA,NA,NA,,,NA,NA,NA,NA,NA,NA,NA,NA,NA,NA,NA,NA,NA,NA,NA,NA,NA,NA,NA,NA,NA,NA,NA,NA,NA,NA,NA,NA,NA,2,1,2,,NA,NA,NA
Female,African American,NA,NA,NA,NA,NA,NA,NA,NA,NA,NA,NA,NA,NA,NA,NA,NA,NA,NA,NA,NA,,,NA,NA,NA,NA,NA,NA,NA,NA,NA,NA,NA,NA,NA,NA,NA,NA,NA,NA,NA,NA,NA,NA,NA,NA,NA,NA,NA,NA,NA,2,1,1,,NA,NA,NA
Female,African American,NA,NA,NA,NA,NA,NA,NA,NA,NA,NA,NA,NA,NA,NA,NA,NA,NA,NA,NA,NA,,,NA,NA,NA,NA,NA,NA,NA,NA,NA,NA,NA,NA,NA,NA,NA,NA,NA,NA,NA,NA,NA,NA,NA,NA,NA,NA,NA,NA,NA,2,2,2,,NA,NA,NA
Male,African American,NA,NA,NA,NA,NA,NA,NA,NA,NA,NA,NA,NA,NA,NA,NA,NA,NA,NA,NA,NA,,,NA,NA,NA,NA,NA,NA,NA,NA,NA,NA,NA,NA,NA,NA,NA,NA,NA,NA,NA,NA,NA,NA,NA,NA,NA,NA,NA,NA,NA,2,2,1,,NA,NA,NA
Male,African American,NA,NA,NA,NA,NA,NA,NA,NA,NA,NA,NA,NA,NA,NA,NA,NA,NA,NA,NA,NA,,,NA,NA,NA,NA,NA,NA,NA,NA,NA,NA,NA,NA,NA,NA,NA,NA,NA,NA,NA,NA,NA,NA,NA,NA,NA,NA,NA,NA,NA,1,2,1,,NA,NA,NA
Male,African American,NA,NA,NA,NA,NA,NA,NA,NA,NA,NA,NA,NA,NA,NA,NA,NA,NA,NA,NA,NA,,,NA,NA,NA,NA,NA,NA,NA,NA,NA,NA,NA,NA,NA,NA,NA,NA,NA,NA,NA,NA,NA,NA,NA,NA,NA,NA,NA,NA,NA,1,2,2,,NA,NA,NA
Female,Asian,"60,000 – 69,999",Some College,Democrat,NA,NA,Strong Democrat,26,NA,NA,NA,TRUE,TRUE,TRUE,FALSE,FALSE,FALSE,FALSE,FALSE,TRUE,FALSE,42,59,Neither agree nor disagree,Neither agree nor disagree,Somewhat disagree,No,No,3,3,3,4,3,4,3,3,2,2,3,4,3,NA,NA,NA,NA,NA,NA,NA,NA,Washington,Community service,Neither support nor oppose,2,1,2,1,Republican,Democrat,protesting without a permit
Female,African American,NA,NA,NA,NA,NA,NA,NA,NA,NA,NA,NA,NA,NA,NA,NA,NA,NA,NA,NA,NA,,,NA,NA,NA,NA,NA,NA,NA,NA,NA,NA,NA,NA,NA,NA,NA,NA,NA,NA,NA,NA,NA,NA,NA,NA,NA,NA,NA,NA,NA,2,1,1,,NA,NA,NA
Female,White/Caucasian,"60,000 – 69,999",Some College,Democrat,NA,NA,Strong Democrat,18,Yes,No,Yes,FALSE,FALSE,TRUE,TRUE,TRUE,FALSE,FALSE,TRUE,TRUE,FALSE,91,14,Somewhat agree,Strongly disagree,Strongly disagree,No,No,1 - Not at all,2,4,1- Very unlike me,2,1- Very unlike me,1- Very unlike me,1- Very unlike me,1- Very unlike me,2,2,1- Very unlike me,1- Very unlike me,NA,NA,NA,NA,Oregon,Strongly oppose,Unjustified,Yes,NA,NA,NA,1,2,2,1,Republican,Democrat,NA
Male,African American,NA,NA,NA,NA,NA,NA,NA,NA,NA,NA,NA,NA,NA,NA,NA,NA,NA,NA,NA,NA,,,NA,NA,NA,NA,NA,NA,NA,NA,NA,NA,NA,NA,NA,NA,NA,NA,NA,NA,NA,NA,NA,NA,NA,NA,NA,NA,NA,NA,NA,2,1,1,,NA,NA,NA
Female,African American,NA,NA,NA,NA,NA,NA,NA,NA,NA,NA,NA,NA,NA,NA,NA,NA,NA,NA,NA,NA,,,NA,NA,NA,NA,NA,NA,NA,NA,NA,NA,NA,NA,NA,NA,NA,NA,NA,NA,NA,NA,NA,NA,NA,NA,NA,NA,NA,NA,NA,2,1,1,,NA,NA,NA
Female,African American,NA,NA,NA,NA,NA,NA,NA,NA,NA,NA,NA,NA,NA,NA,NA,NA,NA,NA,NA,NA,,,NA,NA,NA,NA,NA,NA,NA,NA,NA,NA,NA,NA,NA,NA,NA,NA,NA,NA,NA,NA,NA,NA,NA,NA,NA,NA,NA,NA,NA,2,1,2,,NA,NA,NA
Female,African American,NA,NA,NA,NA,NA,NA,NA,NA,NA,NA,NA,NA,NA,NA,NA,NA,NA,NA,NA,NA,,,NA,NA,NA,NA,NA,NA,NA,NA,NA,NA,NA,NA,NA,NA,NA,NA,NA,NA,NA,NA,NA,NA,NA,NA,NA,NA,NA,NA,NA,1,1,1,,NA,NA,NA
Female,African American,NA,NA,NA,NA,NA,NA,NA,NA,NA,NA,NA,NA,NA,NA,NA,NA,NA,NA,NA,NA,,,NA,NA,NA,NA,NA,NA,NA,NA,NA,NA,NA,NA,NA,NA,NA,NA,NA,NA,NA,NA,NA,NA,NA,NA,NA,NA,NA,NA,NA,1,1,2,,NA,NA,NA
Female,African American,NA,NA,NA,NA,NA,NA,NA,NA,NA,NA,NA,NA,NA,NA,NA,NA,NA,NA,NA,NA,,,NA,NA,NA,NA,NA,NA,NA,NA,NA,NA,NA,NA,NA,NA,NA,NA,NA,NA,NA,NA,NA,NA,NA,NA,NA,NA,NA,NA,NA,2,2,1,,NA,NA,NA
Female,African American,NA,NA,NA,NA,NA,NA,NA,NA,NA,NA,NA,NA,NA,NA,NA,NA,NA,NA,NA,NA,,,NA,NA,NA,NA,NA,NA,NA,NA,NA,NA,NA,NA,NA,NA,NA,NA,NA,NA,NA,NA,NA,NA,NA,NA,NA,NA,NA,NA,NA,2,1,2,,NA,NA,NA
Female,African American,NA,NA,NA,NA,NA,NA,NA,NA,NA,NA,NA,NA,NA,NA,NA,NA,NA,NA,NA,NA,,,NA,NA,NA,NA,NA,NA,NA,NA,NA,NA,NA,NA,NA,NA,NA,NA,NA,NA,NA,NA,NA,NA,NA,NA,NA,NA,NA,NA,NA,1,1,2,,NA,NA,NA
Female,African American,NA,NA,NA,NA,NA,NA,NA,NA,NA,NA,NA,NA,NA,NA,NA,NA,NA,NA,NA,NA,,,NA,NA,NA,NA,NA,NA,NA,NA,NA,NA,NA,NA,NA,NA,NA,NA,NA,NA,NA,NA,NA,NA,NA,NA,NA,NA,NA,NA,NA,2,2,2,,NA,NA,NA
Female,African American,NA,NA,NA,NA,NA,NA,NA,NA,NA,NA,NA,NA,NA,NA,NA,NA,NA,NA,NA,NA,,,NA,NA,NA,NA,NA,NA,NA,NA,NA,NA,NA,NA,NA,NA,NA,NA,NA,NA,NA,NA,NA,NA,NA,NA,NA,NA,NA,NA,NA,1,1,2,,NA,NA,NA
Male,African American,NA,NA,NA,NA,NA,NA,NA,NA,NA,NA,NA,NA,NA,NA,NA,NA,NA,NA,NA,NA,,,NA,NA,NA,NA,NA,NA,NA,NA,NA,NA,NA,NA,NA,NA,NA,NA,NA,NA,NA,NA,NA,NA,NA,NA,NA,NA,NA,NA,NA,1,1,1,,NA,NA,NA
Female,African American,NA,NA,NA,NA,NA,NA,NA,NA,NA,NA,NA,NA,NA,NA,NA,NA,NA,NA,NA,NA,,,NA,NA,NA,NA,NA,NA,NA,NA,NA,NA,NA,NA,NA,NA,NA,NA,NA,NA,NA,NA,NA,NA,NA,NA,NA,NA,NA,NA,NA,2,1,1,,NA,NA,NA
Female,African American,NA,NA,NA,NA,NA,NA,NA,NA,NA,NA,NA,NA,NA,NA,NA,NA,NA,NA,NA,NA,,,NA,NA,NA,NA,NA,NA,NA,NA,NA,NA,NA,NA,NA,NA,NA,NA,NA,NA,NA,NA,NA,NA,NA,NA,NA,NA,NA,NA,NA,2,2,2,,NA,NA,NA
Female,African American,NA,NA,NA,NA,NA,NA,NA,NA,NA,NA,NA,NA,NA,NA,NA,NA,NA,NA,NA,NA,,,NA,NA,NA,NA,NA,NA,NA,NA,NA,NA,NA,NA,NA,NA,NA,NA,NA,NA,NA,NA,NA,NA,NA,NA,NA,NA,NA,NA,NA,1,1,2,,NA,NA,NA
Female,African American,NA,NA,NA,NA,NA,NA,NA,NA,NA,NA,NA,NA,NA,NA,NA,NA,NA,NA,NA,NA,,,NA,NA,NA,NA,NA,NA,NA,NA,NA,NA,NA,NA,NA,NA,NA,NA,NA,NA,NA,NA,NA,NA,NA,NA,NA,NA,NA,NA,NA,2,1,1,,NA,NA,NA
Female,African American,NA,NA,NA,NA,NA,NA,NA,NA,NA,NA,NA,NA,NA,NA,NA,NA,NA,NA,NA,NA,,,NA,NA,NA,NA,NA,NA,NA,NA,NA,NA,NA,NA,NA,NA,NA,NA,NA,NA,NA,NA,NA,NA,NA,NA,NA,NA,NA,NA,NA,1,1,2,,NA,NA,NA
Female,African American,NA,NA,NA,NA,NA,NA,NA,NA,NA,NA,NA,NA,NA,NA,NA,NA,NA,NA,NA,NA,,,NA,NA,NA,NA,NA,NA,NA,NA,NA,NA,NA,NA,NA,NA,NA,NA,NA,NA,NA,NA,NA,NA,NA,NA,NA,NA,NA,NA,NA,1,1,1,,NA,NA,NA
Male,African American,NA,NA,NA,NA,NA,NA,NA,NA,NA,NA,NA,NA,NA,NA,NA,NA,NA,NA,NA,NA,,,NA,NA,NA,NA,NA,NA,NA,NA,NA,NA,NA,NA,NA,NA,NA,NA,NA,NA,NA,NA,NA,NA,NA,NA,NA,NA,NA,NA,NA,1,1,1,,NA,NA,NA
Female,African American,NA,NA,NA,NA,NA,NA,NA,NA,NA,NA,NA,NA,NA,NA,NA,NA,NA,NA,NA,NA,,,NA,NA,NA,NA,NA,NA,NA,NA,NA,NA,NA,NA,NA,NA,NA,NA,NA,NA,NA,NA,NA,NA,NA,NA,NA,NA,NA,NA,NA,2,2,1,,NA,NA,NA
Female,African American,NA,NA,NA,NA,NA,NA,NA,NA,NA,NA,NA,NA,NA,NA,NA,NA,NA,NA,NA,NA,,,NA,NA,NA,NA,NA,NA,NA,NA,NA,NA,NA,NA,NA,NA,NA,NA,NA,NA,NA,NA,NA,NA,NA,NA,NA,NA,NA,NA,NA,2,1,1,,NA,NA,NA
Female,African American,NA,NA,NA,NA,NA,NA,NA,NA,NA,NA,NA,NA,NA,NA,NA,NA,NA,NA,NA,NA,,,NA,NA,NA,NA,NA,NA,NA,NA,NA,NA,NA,NA,NA,NA,NA,NA,NA,NA,NA,NA,NA,NA,NA,NA,NA,NA,NA,NA,NA,1,2,2,,NA,NA,NA
Female,African American,NA,NA,NA,NA,NA,NA,NA,NA,NA,NA,NA,NA,NA,NA,NA,NA,NA,NA,NA,NA,,,NA,NA,NA,NA,NA,NA,NA,NA,NA,NA,NA,NA,NA,NA,NA,NA,NA,NA,NA,NA,NA,NA,NA,NA,NA,NA,NA,NA,NA,2,1,2,,NA,NA,NA
Female,African American,NA,NA,NA,NA,NA,NA,NA,NA,NA,NA,NA,NA,NA,NA,NA,NA,NA,NA,NA,NA,,,NA,NA,NA,NA,NA,NA,NA,NA,NA,NA,NA,NA,NA,NA,NA,NA,NA,NA,NA,NA,NA,NA,NA,NA,NA,NA,NA,NA,NA,1,1,1,,NA,NA,NA
Male,African American,NA,NA,NA,NA,NA,NA,NA,NA,NA,NA,NA,NA,NA,NA,NA,NA,NA,NA,NA,NA,,,NA,NA,NA,NA,NA,NA,NA,NA,NA,NA,NA,NA,NA,NA,NA,NA,NA,NA,NA,NA,NA,NA,NA,NA,NA,NA,NA,NA,NA,1,1,2,,NA,NA,NA
Male,African American,NA,NA,NA,NA,NA,NA,NA,NA,NA,NA,NA,NA,NA,NA,NA,NA,NA,NA,NA,NA,,,NA,NA,NA,NA,NA,NA,NA,NA,NA,NA,NA,NA,NA,NA,NA,NA,NA,NA,NA,NA,NA,NA,NA,NA,NA,NA,NA,NA,NA,2,1,2,,NA,NA,NA
Female,African American,NA,NA,NA,NA,NA,NA,NA,NA,NA,NA,NA,NA,NA,NA,NA,NA,NA,NA,NA,NA,,,NA,NA,NA,NA,NA,NA,NA,NA,NA,NA,NA,NA,NA,NA,NA,NA,NA,NA,NA,NA,NA,NA,NA,NA,NA,NA,NA,NA,NA,1,2,2,,NA,NA,NA
Female,African American,NA,NA,NA,NA,NA,NA,NA,NA,NA,NA,NA,NA,NA,NA,NA,NA,NA,NA,NA,NA,,,NA,NA,NA,NA,NA,NA,NA,NA,NA,NA,NA,NA,NA,NA,NA,NA,NA,NA,NA,NA,NA,NA,NA,NA,NA,NA,NA,NA,NA,2,1,2,,NA,NA,NA
Male,African American,NA,NA,NA,NA,NA,NA,NA,NA,NA,NA,NA,NA,NA,NA,NA,NA,NA,NA,NA,NA,,,NA,NA,NA,NA,NA,NA,NA,NA,NA,NA,NA,NA,NA,NA,NA,NA,NA,NA,NA,NA,NA,NA,NA,NA,NA,NA,NA,NA,NA,1,1,1,,NA,NA,NA
Male,African American,NA,NA,NA,NA,NA,NA,NA,NA,NA,NA,NA,NA,NA,NA,NA,NA,NA,NA,NA,NA,,,NA,NA,NA,NA,NA,NA,NA,NA,NA,NA,NA,NA,NA,NA,NA,NA,NA,NA,NA,NA,NA,NA,NA,NA,NA,NA,NA,NA,NA,1,1,2,,NA,NA,NA
Female,African American,NA,NA,NA,NA,NA,NA,NA,NA,NA,NA,NA,NA,NA,NA,NA,NA,NA,NA,NA,NA,,,NA,NA,NA,NA,NA,NA,NA,NA,NA,NA,NA,NA,NA,NA,NA,NA,NA,NA,NA,NA,NA,NA,NA,NA,NA,NA,NA,NA,NA,1,1,2,,NA,NA,NA
Female,African American,NA,NA,NA,NA,NA,NA,NA,NA,NA,NA,NA,NA,NA,NA,NA,NA,NA,NA,NA,NA,,,NA,NA,NA,NA,NA,NA,NA,NA,NA,NA,NA,NA,NA,NA,NA,NA,NA,NA,NA,NA,NA,NA,NA,NA,NA,NA,NA,NA,NA,1,2,1,,NA,NA,NA
Male,African American,NA,NA,NA,NA,NA,NA,NA,NA,NA,NA,NA,NA,NA,NA,NA,NA,NA,NA,NA,NA,,,NA,NA,NA,NA,NA,NA,NA,NA,NA,NA,NA,NA,NA,NA,NA,NA,NA,NA,NA,NA,NA,NA,NA,NA,NA,NA,NA,NA,NA,2,2,1,,NA,NA,NA
Female,African American,NA,NA,NA,NA,NA,NA,NA,NA,NA,NA,NA,NA,NA,NA,NA,NA,NA,NA,NA,NA,,,NA,NA,NA,NA,NA,NA,NA,NA,NA,NA,NA,NA,NA,NA,NA,NA,NA,NA,NA,NA,NA,NA,NA,NA,NA,NA,NA,NA,NA,2,1,2,,NA,NA,NA
Female,Other,"100,000 or more",4-year College Degree,Democrat,NA,NA,Strong Democrat,55,No,No,Yes,FALSE,FALSE,TRUE,TRUE,TRUE,FALSE,FALSE,TRUE,FALSE,FALSE,94,0,Neither agree nor disagree,Somewhat agree,Neither agree nor disagree,No,No,1 - Not at all,1- Very unlike me,2,1- Very unlike me,1- Very unlike me,3,1- Very unlike me,1- Very unlike me,1- Very unlike me,2,1- Very unlike me,1- Very unlike me,1- Very unlike me,Florida,Strongly oppose,Unjustified,Yes,NA,NA,NA,NA,NA,NA,NA,1,2,1,1,Republican,Democrat,NA
Female,African American,NA,NA,NA,NA,NA,NA,NA,NA,NA,NA,NA,NA,NA,NA,NA,NA,NA,NA,NA,NA,,,NA,NA,NA,NA,NA,NA,NA,NA,NA,NA,NA,NA,NA,NA,NA,NA,NA,NA,NA,NA,NA,NA,NA,NA,NA,NA,NA,NA,NA,2,2,1,,NA,NA,NA
Male,African American,NA,NA,NA,NA,NA,NA,NA,NA,NA,NA,NA,NA,NA,NA,NA,NA,NA,NA,NA,NA,,,NA,NA,NA,NA,NA,NA,NA,NA,NA,NA,NA,NA,NA,NA,NA,NA,NA,NA,NA,NA,NA,NA,NA,NA,NA,NA,NA,NA,NA,1,2,1,,NA,NA,NA
Female,African American,NA,NA,NA,NA,NA,NA,NA,NA,NA,NA,NA,NA,NA,NA,NA,NA,NA,NA,NA,NA,,,NA,NA,NA,NA,NA,NA,NA,NA,NA,NA,NA,NA,NA,NA,NA,NA,NA,NA,NA,NA,NA,NA,NA,NA,NA,NA,NA,NA,NA,2,1,1,,NA,NA,NA
Female,African American,NA,NA,NA,NA,NA,NA,NA,NA,NA,NA,NA,NA,NA,NA,NA,NA,NA,NA,NA,NA,,,NA,NA,NA,NA,NA,NA,NA,NA,NA,NA,NA,NA,NA,NA,NA,NA,NA,NA,NA,NA,NA,NA,NA,NA,NA,NA,NA,NA,NA,2,2,1,,NA,NA,NA
Male,White/Caucasian,"80,000 – 89,999",Masters Degree,Republican,NA,Strong Republican,NA,30,Yes,Yes,Yes,FALSE,TRUE,TRUE,TRUE,TRUE,TRUE,TRUE,TRUE,TRUE,FALSE,25,87,Strongly agree,Neither agree nor disagree,Somewhat agree,No,No,1 - Not at all,2,2,3,3,3,3,4,1- Very unlike me,2,3,4,4,NA,NA,NA,NA,NA,NA,NA,NA,Oregon,7 months to 1 year in jail,Support,2,1,1,1,Democrat,Republican,murder
Female,African American,NA,NA,NA,NA,NA,NA,NA,NA,NA,NA,NA,NA,NA,NA,NA,NA,NA,NA,NA,NA,,,NA,NA,NA,NA,NA,NA,NA,NA,NA,NA,NA,NA,NA,NA,NA,NA,NA,NA,NA,NA,NA,NA,NA,NA,NA,NA,NA,NA,NA,1,2,1,,NA,NA,NA
Male,African American,NA,NA,NA,NA,NA,NA,NA,NA,NA,NA,NA,NA,NA,NA,NA,NA,NA,NA,NA,NA,,,NA,NA,NA,NA,NA,NA,NA,NA,NA,NA,NA,NA,NA,NA,NA,NA,NA,NA,NA,NA,NA,NA,NA,NA,NA,NA,NA,NA,NA,1,2,1,,NA,NA,NA
Male,White/Caucasian,"100,000 or more","Professional Degree (JD, MD)",Democrat,NA,NA,Strong Democrat,35,Yes,Yes,Yes,TRUE,TRUE,FALSE,TRUE,TRUE,TRUE,FALSE,TRUE,FALSE,FALSE,100,50,Neither agree nor disagree,Neither agree nor disagree,Neither agree nor disagree,No,No,1 - Not at all,1- Very unlike me,1- Very unlike me,1- Very unlike me,1- Very unlike me,2,1- Very unlike me,1- Very unlike me,1- Very unlike me,3,1- Very unlike me,1- Very unlike me,1- Very unlike me,NA,NA,NA,NA,NA,NA,NA,NA,Oregon,More than 20 years in prison,Support,2,2,2,1,Republican,Democrat,murder
Male,African American,NA,NA,NA,NA,NA,NA,NA,NA,NA,NA,NA,NA,NA,NA,NA,NA,NA,NA,NA,NA,,,NA,NA,NA,NA,NA,NA,NA,NA,NA,NA,NA,NA,NA,NA,NA,NA,NA,NA,NA,NA,NA,NA,NA,NA,NA,NA,NA,NA,NA,1,2,2,,NA,NA,NA
Male,African American,NA,NA,NA,NA,NA,NA,NA,NA,NA,NA,NA,NA,NA,NA,NA,NA,NA,NA,NA,NA,,,NA,NA,NA,NA,NA,NA,NA,NA,NA,NA,NA,NA,NA,NA,NA,NA,NA,NA,NA,NA,NA,NA,NA,NA,NA,NA,NA,NA,NA,2,2,1,,NA,NA,NA
Female,African American,NA,NA,NA,NA,NA,NA,NA,NA,NA,NA,NA,NA,NA,NA,NA,NA,NA,NA,NA,NA,,,NA,NA,NA,NA,NA,NA,NA,NA,NA,NA,NA,NA,NA,NA,NA,NA,NA,NA,NA,NA,NA,NA,NA,NA,NA,NA,NA,NA,NA,1,1,1,,NA,NA,NA
NA,NA,NA,NA,NA,NA,NA,NA,NA,NA,NA,NA,NA,NA,NA,NA,NA,NA,NA,NA,NA,NA,,,NA,NA,NA,NA,NA,NA,NA,NA,NA,NA,NA,NA,NA,NA,NA,NA,NA,NA,NA,NA,NA,NA,NA,NA,NA,NA,NA,NA,NA,1,2,2,4,NA,NA,NA
Female,African American,NA,NA,NA,NA,NA,NA,NA,NA,NA,NA,NA,NA,NA,NA,NA,NA,NA,NA,NA,NA,,,NA,NA,NA,NA,NA,NA,NA,NA,NA,NA,NA,NA,NA,NA,NA,NA,NA,NA,NA,NA,NA,NA,NA,NA,NA,NA,NA,NA,NA,2,2,1,,NA,NA,NA
Male,African American,NA,NA,NA,NA,NA,NA,NA,NA,NA,NA,NA,NA,NA,NA,NA,NA,NA,NA,NA,NA,,,NA,NA,NA,NA,NA,NA,NA,NA,NA,NA,NA,NA,NA,NA,NA,NA,NA,NA,NA,NA,NA,NA,NA,NA,NA,NA,NA,NA,NA,2,2,1,,NA,NA,NA
Female,African American,NA,NA,NA,NA,NA,NA,NA,NA,NA,NA,NA,NA,NA,NA,NA,NA,NA,NA,NA,NA,,,NA,NA,NA,NA,NA,NA,NA,NA,NA,NA,NA,NA,NA,NA,NA,NA,NA,NA,NA,NA,NA,NA,NA,NA,NA,NA,NA,NA,NA,1,2,2,,NA,NA,NA
Female,African American,NA,NA,NA,NA,NA,NA,NA,NA,NA,NA,NA,NA,NA,NA,NA,NA,NA,NA,NA,NA,,,NA,NA,NA,NA,NA,NA,NA,NA,NA,NA,NA,NA,NA,NA,NA,NA,NA,NA,NA,NA,NA,NA,NA,NA,NA,NA,NA,NA,NA,1,1,2,,NA,NA,NA
Female,African American,NA,NA,NA,NA,NA,NA,NA,NA,NA,NA,NA,NA,NA,NA,NA,NA,NA,NA,NA,NA,,,NA,NA,NA,NA,NA,NA,NA,NA,NA,NA,NA,NA,NA,NA,NA,NA,NA,NA,NA,NA,NA,NA,NA,NA,NA,NA,NA,NA,NA,2,2,2,,NA,NA,NA
Female,African American,NA,NA,NA,NA,NA,NA,NA,NA,NA,NA,NA,NA,NA,NA,NA,NA,NA,NA,NA,NA,,,NA,NA,NA,NA,NA,NA,NA,NA,NA,NA,NA,NA,NA,NA,NA,NA,NA,NA,NA,NA,NA,NA,NA,NA,NA,NA,NA,NA,NA,1,2,2,,NA,NA,NA
Male,African American,NA,NA,NA,NA,NA,NA,NA,NA,NA,NA,NA,NA,NA,NA,NA,NA,NA,NA,NA,NA,,,NA,NA,NA,NA,NA,NA,NA,NA,NA,NA,NA,NA,NA,NA,NA,NA,NA,NA,NA,NA,NA,NA,NA,NA,NA,NA,NA,NA,NA,2,1,2,,NA,NA,NA
Female,African American,NA,NA,NA,NA,NA,NA,NA,NA,NA,NA,NA,NA,NA,NA,NA,NA,NA,NA,NA,NA,,,NA,NA,NA,NA,NA,NA,NA,NA,NA,NA,NA,NA,NA,NA,NA,NA,NA,NA,NA,NA,NA,NA,NA,NA,NA,NA,NA,NA,NA,1,1,2,,NA,NA,NA
Male,White/Caucasian,"100,000 or more",Doctoral Degree,Democrat,NA,NA,Strong Democrat,35,Yes,No,Yes,TRUE,TRUE,FALSE,TRUE,TRUE,FALSE,FALSE,TRUE,FALSE,FALSE,80,82,Neither agree nor disagree,Neither agree nor disagree,Neither agree nor disagree,No,No,1 - Not at all,2,2,4,2,2,2,3,3,2,3,2,2,NA,NA,NA,NA,NA,NA,NA,NA,Florida,7 months to 1 year in jail,Neither support nor oppose,2,1,1,1,Republican,Democrat,arson
Male,African American,NA,NA,NA,NA,NA,NA,NA,NA,NA,NA,NA,NA,NA,NA,NA,NA,NA,NA,NA,NA,,,NA,NA,NA,NA,NA,NA,NA,NA,NA,NA,NA,NA,NA,NA,NA,NA,NA,NA,NA,NA,NA,NA,NA,NA,NA,NA,NA,NA,NA,1,1,2,,NA,NA,NA
Female,African American,NA,NA,NA,NA,NA,NA,NA,NA,NA,NA,NA,NA,NA,NA,NA,NA,NA,NA,NA,NA,,,NA,NA,NA,NA,NA,NA,NA,NA,NA,NA,NA,NA,NA,NA,NA,NA,NA,NA,NA,NA,NA,NA,NA,NA,NA,NA,NA,NA,NA,2,1,1,,NA,NA,NA
Female,African American,NA,NA,NA,NA,NA,NA,NA,NA,NA,NA,NA,NA,NA,NA,NA,NA,NA,NA,NA,NA,,,NA,NA,NA,NA,NA,NA,NA,NA,NA,NA,NA,NA,NA,NA,NA,NA,NA,NA,NA,NA,NA,NA,NA,NA,NA,NA,NA,NA,NA,1,2,2,,NA,NA,NA
Female,African American,NA,NA,NA,NA,NA,NA,NA,NA,NA,NA,NA,NA,NA,NA,NA,NA,NA,NA,NA,NA,,,NA,NA,NA,NA,NA,NA,NA,NA,NA,NA,NA,NA,NA,NA,NA,NA,NA,NA,NA,NA,NA,NA,NA,NA,NA,NA,NA,NA,NA,1,2,1,,NA,NA,NA
Female,African American,NA,NA,NA,NA,NA,NA,NA,NA,NA,NA,NA,NA,NA,NA,NA,NA,NA,NA,NA,NA,,,NA,NA,NA,NA,NA,NA,NA,NA,NA,NA,NA,NA,NA,NA,NA,NA,NA,NA,NA,NA,NA,NA,NA,NA,NA,NA,NA,NA,NA,1,1,1,,NA,NA,NA
Female,White/Caucasian,"90,000 – 99,999",Masters Degree,Republican,NA,Strong Republican,NA,22,No,No,Yes,FALSE,TRUE,TRUE,FALSE,TRUE,FALSE,FALSE,TRUE,FALSE,FALSE,14,93,Somewhat disagree,Somewhat agree,Neither agree nor disagree,No,No,3,2,4,4,2,4,2,2,2,3,2,4,2,NA,NA,NA,NA,Oregon,Oppose,Unjustified,Yes,NA,NA,NA,1,2,2,1,Democrat,Republican,NA
Male,White/Caucasian,"100,000 or more",4-year College Degree,Independent,Neither,NA,NA,NA,NA,NA,NA,NA,NA,NA,NA,NA,NA,NA,NA,NA,NA,,,NA,NA,NA,NA,NA,NA,NA,NA,NA,NA,NA,NA,NA,NA,NA,NA,NA,NA,NA,NA,NA,NA,NA,NA,NA,NA,NA,NA,NA,1,1,2,2,NA,NA,NA
Male,Asian,"30,000 – 39,999",Some College,NA,NA,NA,NA,NA,NA,NA,NA,NA,NA,NA,NA,NA,NA,NA,NA,NA,NA,,,NA,NA,NA,NA,NA,NA,NA,NA,NA,NA,NA,NA,NA,NA,NA,NA,NA,NA,NA,NA,NA,NA,NA,NA,NA,NA,NA,NA,NA,2,1,1,,NA,NA,NA
Female,White/Caucasian,"40,000 – 49,999",High School / GED,Democrat,NA,NA,Not a strong Democrat,21,No,No,No,TRUE,TRUE,TRUE,TRUE,TRUE,FALSE,FALSE,TRUE,TRUE,TRUE,65,35,Somewhat agree,Somewhat disagree,Neither agree nor disagree,No,No,3,1- Very unlike me,1- Very unlike me,3,5- Very like me,1- Very unlike me,5- Very like me,1- Very unlike me,1- Very unlike me,1- Very unlike me,1- Very unlike me,2,1- Very unlike me,Georgia,Neither support nor oppose,Justified,Yes,NA,NA,NA,NA,NA,NA,NA,1,2,1,1,Republican,Democrat,NA
Male,White/Caucasian,"50,000 – 59,999",4-year College Degree,Republican,NA,Not a strong Republican,NA,44,NA,NA,NA,TRUE,TRUE,TRUE,TRUE,TRUE,FALSE,FALSE,FALSE,FALSE,FALSE,88,83,Somewhat agree,Strongly disagree,Strongly disagree,No,No,1 - Not at all,1- Very unlike me,2,1- Very unlike me,1- Very unlike me,1- Very unlike me,1- Very unlike me,1- Very unlike me,1- Very unlike me,1- Very unlike me,1- Very unlike me,1- Very unlike me,1- Very unlike me,NA,NA,NA,NA,NA,NA,NA,NA,Florida,4 - 30 days in jail,Support,2,2,2,1,Democrat,Republican,murder
Female,White/Caucasian,"50,000 – 59,999",Some College,Republican,NA,Strong Republican,NA,20,No,No,Yes,FALSE,TRUE,TRUE,TRUE,TRUE,TRUE,FALSE,TRUE,TRUE,TRUE,0,100,Neither agree nor disagree,Somewhat agree,Neither agree nor disagree,Yes,No,1 - Not at all,3,3,3,3,2,5- Very like me,4,3,3,3,3,3,NA,NA,NA,NA,NA,NA,NA,NA,Alaska,Community service,Strongly support,2,1,1,1,Democrat,Republican,protesting without a permit
Female,White/Caucasian,"100,000 or more",Some College,Independent,Democratic Party,NA,NA,45,No,No,Yes,FALSE,TRUE,TRUE,TRUE,TRUE,FALSE,FALSE,TRUE,FALSE,FALSE,93,7,Somewhat agree,Neither agree nor disagree,Neither agree nor disagree,No,No,1 - Not at all,1- Very unlike me,4,1- Very unlike me,1- Very unlike me,3,1- Very unlike me,2,1- Very unlike me,3,1- Very unlike me,1- Very unlike me,1- Very unlike me,NA,NA,NA,NA,NA,NA,NA,NA,Oregon,Community service,Oppose,2,1,1,1,Republican,Democrat,protesting without a permit
Female,White/Caucasian,"30,000 – 39,999",High School / GED,Republican,NA,Not a strong Republican,NA,59,NA,NA,NA,FALSE,TRUE,TRUE,FALSE,TRUE,TRUE,TRUE,TRUE,TRUE,TRUE,1,34,Neither agree nor disagree,Neither agree nor disagree,Neither agree nor disagree,No,No,1 - Not at all,2,4,2,4,2,2,1- Very unlike me,4,3,2,2,1- Very unlike me,NA,NA,NA,NA,Oregon,Oppose,Unjustified,No,NA,NA,NA,1,2,2,1,Democrat,Republican,NA
Female,White/Caucasian,"50,000 – 59,999",High School / GED,Independent,Neither,NA,NA,NA,NA,NA,NA,NA,NA,NA,NA,NA,NA,NA,NA,NA,NA,,,NA,NA,NA,NA,NA,NA,NA,NA,NA,NA,NA,NA,NA,NA,NA,NA,NA,NA,NA,NA,NA,NA,NA,NA,NA,NA,NA,NA,NA,1,2,2,2,NA,NA,NA
Female,White/Caucasian,"Less than 30,000",2-year College Degree,Republican,NA,Not a strong Republican,NA,33,No,No,Yes,FALSE,TRUE,TRUE,TRUE,TRUE,FALSE,FALSE,FALSE,FALSE,TRUE,0,75,Neither agree nor disagree,Somewhat agree,Neither agree nor disagree,No,No,1 - Not at all,1- Very unlike me,1- Very unlike me,1- Very unlike me,1- Very unlike me,3,5- Very like me,1- Very unlike me,1- Very unlike me,1- Very unlike me,1- Very unlike me,1- Very unlike me,1- Very unlike me,NA,NA,NA,NA,NA,NA,NA,NA,Texas,2 - 5 years in prison,Strongly oppose,2,1,1,1,Democrat,Republican,arson
Female,White/Caucasian,"70,000 – 79,999",Some College,Democrat,NA,NA,Strong Democrat,30,No,No,Yes,FALSE,FALSE,TRUE,TRUE,TRUE,FALSE,FALSE,TRUE,FALSE,FALSE,97,14,Neither agree nor disagree,Somewhat agree,Somewhat agree,No,No,1 - Not at all,1- Very unlike me,3,3,3,1- Very unlike me,1- Very unlike me,1- Very unlike me,1- Very unlike me,2,1- Very unlike me,2,2,NA,NA,NA,NA,Washington,Neither support nor oppose,Unjustified,Yes,NA,NA,NA,1,1,2,1,Republican,Democrat,NA
Male,White/Caucasian,"Less than 30,000",High School / GED,NA,NA,NA,NA,NA,NA,NA,NA,NA,NA,NA,NA,NA,NA,NA,NA,NA,NA,,,NA,NA,NA,NA,NA,NA,NA,NA,NA,NA,NA,NA,NA,NA,NA,NA,NA,NA,NA,NA,NA,NA,NA,NA,NA,NA,NA,NA,NA,2,2,2,,NA,NA,NA
Male,White/Caucasian,"Less than 30,000",High School / GED,Republican,NA,Not a strong Republican,NA,45,No,No,Yes,TRUE,TRUE,TRUE,TRUE,TRUE,TRUE,TRUE,TRUE,TRUE,TRUE,33,63,Neither agree nor disagree,Somewhat agree,Somewhat agree,Yes,Yes,2,2,4,3,3,3,3,4,4,2,4,3,4,NA,NA,NA,NA,Oregon,Strongly oppose,Unjustified,Yes,NA,NA,NA,1,2,2,1,Democrat,Republican,NA
Female,White/Caucasian,"40,000 – 49,999",High School / GED,Democrat,NA,NA,Strong Democrat,31,NA,NA,NA,NA,NA,NA,NA,NA,NA,NA,NA,NA,NA,,,NA,NA,NA,NA,NA,NA,NA,NA,NA,NA,NA,NA,NA,NA,NA,NA,NA,NA,NA,NA,NA,NA,NA,NA,NA,NA,NA,NA,NA,2,1,2,2,NA,NA,NA
Male,White/Caucasian,"30,000 – 39,999",Some College,Democrat,NA,NA,Strong Democrat,29,No,No,No,TRUE,TRUE,TRUE,TRUE,TRUE,FALSE,TRUE,TRUE,FALSE,TRUE,100,96,Strongly agree,Strongly agree,Strongly agree,No,No,5 - A great deal,5- Very like me,5- Very like me,5- Very like me,5- Very like me,5- Very like me,4,5- Very like me,5- Very like me,5- Very like me,5- Very like me,4,4,NA,NA,NA,NA,Oregon,Strongly support,Justified,No,NA,NA,NA,1,2,2,1,Republican,Democrat,NA
Male,White/Caucasian,"30,000 – 39,999",High School / GED,Democrat,NA,NA,Strong Democrat,42,No,No,Yes,TRUE,FALSE,TRUE,FALSE,FALSE,TRUE,TRUE,FALSE,FALSE,TRUE,66,61,Neither agree nor disagree,Strongly disagree,Strongly disagree,No,No,1 - Not at all,1- Very unlike me,1- Very unlike me,2,2,2,2,1- Very unlike me,1- Very unlike me,1- Very unlike me,1- Very unlike me,1- Very unlike me,1- Very unlike me,NA,NA,NA,NA,Oregon,Strongly support,Unjustified,Yes,NA,NA,NA,1,1,2,1,Republican,Democrat,NA
Female,White/Caucasian,"100,000 or more",Some College,Republican,NA,Strong Republican,NA,35,No,No,Yes,FALSE,TRUE,TRUE,FALSE,TRUE,TRUE,TRUE,TRUE,TRUE,TRUE,0,79,Neither agree nor disagree,Strongly disagree,Neither agree nor disagree,No,No,1 - Not at all,1- Very unlike me,3,1- Very unlike me,1- Very unlike me,3,3,1- Very unlike me,1- Very unlike me,2,1- Very unlike me,1- Very unlike me,1- Very unlike me,NA,NA,NA,NA,NA,NA,NA,NA,Oregon,More than 20 years in prison,Neither support nor oppose,2,1,2,1,Democrat,Republican,murder
Female,White/Caucasian,"60,000 – 69,999",2-year College Degree,Republican,NA,Strong Republican,NA,32,NA,NA,NA,TRUE,TRUE,TRUE,TRUE,TRUE,FALSE,FALSE,FALSE,TRUE,FALSE,77,93,Somewhat agree,Strongly disagree,Neither agree nor disagree,No,No,3,1- Very unlike me,1- Very unlike me,1- Very unlike me,2,3,3,3,3,1- Very unlike me,1- Very unlike me,2,2,NA,NA,NA,NA,NA,NA,NA,NA,Florida,2 - 3 months in jail,Support,2,2,2,1,Democrat,Republican,assault
Female,White/Caucasian,"40,000 – 49,999",Some College,Republican,NA,Strong Republican,NA,45,No,No,Yes,FALSE,TRUE,TRUE,FALSE,TRUE,TRUE,FALSE,TRUE,TRUE,TRUE,52,57,Neither agree nor disagree,Neither agree nor disagree,Neither agree nor disagree,No,No,1 - Not at all,3,2,3,4,2,3,2,3,2,2,3,2,Georgia,Neither support nor oppose,Unjustified,Yes,NA,NA,NA,NA,NA,NA,NA,1,1,1,1,Democrat,Republican,NA
Male,White/Caucasian,"50,000 – 59,999",Some College,Independent,Neither,NA,NA,NA,NA,NA,NA,NA,NA,NA,NA,NA,NA,NA,NA,NA,NA,,,NA,NA,NA,NA,NA,NA,NA,NA,NA,NA,NA,NA,NA,NA,NA,NA,NA,NA,NA,NA,NA,NA,NA,NA,NA,NA,NA,NA,NA,1,2,1,2,NA,NA,NA
Female,White/Caucasian,"Less than 30,000",4-year College Degree,Democrat,NA,NA,Not a strong Democrat,38,No,No,Yes,FALSE,FALSE,TRUE,FALSE,TRUE,TRUE,TRUE,TRUE,TRUE,TRUE,96,4,Neither agree nor disagree,Somewhat disagree,Neither agree nor disagree,No,Yes,1 - Not at all,1- Very unlike me,5- Very like me,5- Very like me,1- Very unlike me,5- Very like me,5- Very like me,4,1- Very unlike me,4,4,5- Very like me,5- Very like me,NA,NA,NA,NA,NA,NA,NA,NA,NA,Community service,Support,2,1,1,1,Republican,Democrat,protesting without a permit
NA,NA,NA,NA,NA,NA,NA,NA,NA,NA,NA,NA,NA,NA,NA,NA,NA,NA,NA,NA,NA,NA,,,NA,NA,NA,NA,NA,NA,NA,NA,NA,NA,NA,NA,NA,NA,NA,NA,NA,NA,NA,NA,NA,NA,NA,NA,NA,NA,NA,NA,NA,1,2,2,4,NA,NA,NA
Female,White/Caucasian,"50,000 – 59,999",2-year College Degree,Republican,NA,Strong Republican,NA,40,No,No,Yes,FALSE,TRUE,TRUE,TRUE,TRUE,TRUE,FALSE,TRUE,TRUE,FALSE,16,89,Neither agree nor disagree,Strongly disagree,Neither agree nor disagree,No,No,1 - Not at all,3,3,4,4,1- Very unlike me,3,2,1- Very unlike me,1- Very unlike me,2,3,2,NA,NA,NA,NA,Oregon,Support,Unjustified,Yes,NA,NA,NA,1,2,2,1,Democrat,Republican,NA
Female,White/Caucasian,"Less than 30,000",Less than High School,Independent,Republican Party,NA,NA,48,No,No,Yes,FALSE,TRUE,FALSE,TRUE,TRUE,FALSE,FALSE,FALSE,TRUE,FALSE,0,79,Strongly agree,Strongly agree,Strongly agree,Yes,No,3,5- Very like me,3,3,5- Very like me,2,4,2,3,1- Very unlike me,2,2,1- Very unlike me,NA,NA,NA,NA,NA,NA,NA,NA,Oregon,7 months to 1 year in jail,Oppose,2,2,1,1,Democrat,Republican,assault
Male,White/Caucasian,"100,000 or more",Masters Degree,Democrat,NA,NA,Not a strong Democrat,37,No,No,No,FALSE,TRUE,TRUE,TRUE,TRUE,FALSE,FALSE,FALSE,TRUE,TRUE,65,0,Neither agree nor disagree,Somewhat agree,Neither agree nor disagree,No,Yes,1 - Not at all,1- Very unlike me,3,2,2,3,2,1- Very unlike me,1- Very unlike me,1- Very unlike me,2,2,1- Very unlike me,Florida,Strongly oppose,Unjustified,Yes,NA,NA,NA,NA,NA,NA,NA,1,1,1,1,Republican,Democrat,NA
Male,White/Caucasian,"40,000 – 49,999",High School / GED,Democrat,NA,NA,Strong Democrat,30,Yes,Yes,Yes,TRUE,TRUE,FALSE,TRUE,TRUE,TRUE,FALSE,TRUE,TRUE,TRUE,85,33,Strongly agree,Somewhat agree,Somewhat agree,Yes,Yes,5 - A great deal,4,3,5- Very like me,4,5- Very like me,2,1- Very unlike me,5- Very like me,2,4,3,4,NA,NA,NA,NA,NA,NA,NA,NA,Florida,4 - 30 days in jail,Neither support nor oppose,2,2,1,1,Republican,Democrat,protesting without a permit
Male,White/Caucasian,"100,000 or more",Masters Degree,Republican,NA,Strong Republican,NA,54,No,Yes,Yes,FALSE,FALSE,TRUE,FALSE,TRUE,FALSE,FALSE,TRUE,TRUE,TRUE,0,40,Neither agree nor disagree,Neither agree nor disagree,Neither agree nor disagree,No,No,1 - Not at all,4,3,1- Very unlike me,1- Very unlike me,2,1- Very unlike me,1- Very unlike me,1- Very unlike me,3,4,1- Very unlike me,1- Very unlike me,NA,NA,NA,NA,NA,NA,NA,NA,Oregon,Community service,Strongly oppose,2,2,2,1,Democrat,Republican,vandalism
Female,White/Caucasian,"30,000 – 39,999",Masters Degree,Democrat,NA,NA,Strong Democrat,41,No,No,Yes,FALSE,TRUE,TRUE,TRUE,TRUE,TRUE,FALSE,TRUE,FALSE,FALSE,85,9,Neither agree nor disagree,Neither agree nor disagree,Neither agree nor disagree,No,Yes,1 - Not at all,1- Very unlike me,3,3,1- Very unlike me,3,2,1- Very unlike me,1- Very unlike me,5- Very like me,1- Very unlike me,1- Very unlike me,1- Very unlike me,NA,NA,NA,NA,Oregon,Support,Unjustified,Yes,NA,NA,NA,1,1,2,1,Republican,Democrat,NA
Male,White/Caucasian,"30,000 – 39,999",2-year College Degree,Democrat,NA,NA,Strong Democrat,34,No,No,Yes,FALSE,TRUE,TRUE,TRUE,TRUE,FALSE,FALSE,TRUE,TRUE,FALSE,60,39,Somewhat disagree,Strongly disagree,Somewhat disagree,No,No,1 - Not at all,5- Very like me,3,5- Very like me,5- Very like me,1- Very unlike me,5- Very like me,1- Very unlike me,3,2,1- Very unlike me,4,1- Very unlike me,NA,NA,NA,NA,NA,NA,NA,NA,Washington,Community service,Support,2,1,1,1,Republican,Democrat,vandalism
Female,White/Caucasian,"60,000 – 69,999",High School / GED,Republican,NA,Strong Republican,NA,59,No,No,Yes,TRUE,TRUE,TRUE,TRUE,TRUE,FALSE,FALSE,FALSE,FALSE,FALSE,38,42,Neither agree nor disagree,Somewhat disagree,Neither agree nor disagree,No,No,1 - Not at all,1- Very unlike me,1- Very unlike me,1- Very unlike me,1- Very unlike me,1- Very unlike me,1- Very unlike me,1- Very unlike me,1- Very unlike me,1- Very unlike me,1- Very unlike me,1- Very unlike me,1- Very unlike me,NA,NA,NA,NA,NA,NA,NA,NA,Oregon,More than 20 years in prison,Oppose,2,2,1,1,Democrat,Republican,murder
Male,White/Caucasian,"30,000 – 39,999",Some College,Democrat,NA,NA,Strong Democrat,22,No,No,Yes,FALSE,TRUE,TRUE,TRUE,TRUE,FALSE,FALSE,TRUE,TRUE,FALSE,100,0,Strongly agree,Somewhat agree,Neither agree nor disagree,No,No,1 - Not at all,2,4,3,3,2,4,3,2,1- Very unlike me,1- Very unlike me,1- Very unlike me,2,NA,NA,NA,NA,NA,NA,NA,NA,Oregon,4 - 30 days in jail,Neither support nor oppose,2,1,2,1,Republican,Democrat,assault with a deadly weapon
Female,White/Caucasian,"Less than 30,000",2-year College Degree,Independent,Republican Party,NA,NA,52,No,No,Yes,FALSE,TRUE,TRUE,TRUE,TRUE,FALSE,TRUE,TRUE,TRUE,FALSE,0,100,Somewhat agree,Strongly agree,Strongly agree,No,No,1 - Not at all,1- Very unlike me,1- Very unlike me,3,3,1- Very unlike me,1- Very unlike me,1- Very unlike me,1- Very unlike me,1- Very unlike me,1- Very unlike me,1- Very unlike me,1- Very unlike me,NA,NA,NA,NA,Washington,Neither support nor oppose,Unjustified,No,NA,NA,NA,1,1,2,1,Democrat,Republican,NA
Female,White/Caucasian,"60,000 – 69,999",Some College,Republican,NA,Not a strong Republican,NA,34,No,No,No,FALSE,FALSE,TRUE,FALSE,FALSE,FALSE,FALSE,TRUE,FALSE,TRUE,0,58,Neither agree nor disagree,Somewhat disagree,Neither agree nor disagree,No,No,1 - Not at all,2,3,2,2,2,2,1- Very unlike me,3,2,2,1- Very unlike me,1- Very unlike me,NA,NA,NA,NA,NA,NA,NA,NA,Oregon,1 - 3 days in jail,Neither support nor oppose,2,1,2,1,Democrat,Republican,assault
Female,White/Caucasian,"70,000 – 79,999",High School / GED,Other,Neither,NA,NA,NA,NA,NA,NA,NA,NA,NA,NA,NA,NA,NA,NA,NA,NA,,,NA,NA,NA,NA,NA,NA,NA,NA,NA,NA,NA,NA,NA,NA,NA,NA,NA,NA,NA,NA,NA,NA,NA,NA,NA,NA,NA,NA,NA,1,1,1,2,NA,NA,NA
Female,White/Caucasian,"Less than 30,000",Some College,Democrat,NA,NA,Strong Democrat,45,NA,NA,NA,FALSE,TRUE,TRUE,TRUE,TRUE,FALSE,FALSE,TRUE,TRUE,FALSE,80,20,Neither agree nor disagree,Somewhat disagree,Somewhat disagree,No,No,1 - Not at all,1- Very unlike me,3,3,1- Very unlike me,2,3,2,1- Very unlike me,2,2,2,1- Very unlike me,NA,NA,NA,NA,Oregon,Strongly oppose,Unjustified,Yes,NA,NA,NA,1,2,2,1,Republican,Democrat,NA
Female,White/Caucasian,"Less than 30,000",2-year College Degree,Republican,NA,Strong Republican,NA,62,No,No,No,FALSE,FALSE,TRUE,TRUE,TRUE,FALSE,FALSE,TRUE,FALSE,TRUE,18,31,Somewhat agree,Somewhat agree,Somewhat agree,No,No,1 - Not at all,2,2,4,5- Very like me,3,3,3,1- Very unlike me,2,2,1- Very unlike me,1- Very unlike me,NA,NA,NA,NA,NA,NA,NA,NA,Florida,11 - 15 years in prison,Strongly support,2,2,2,1,Democrat,Republican,protesting without a permit
Male,White/Caucasian,"100,000 or more",Masters Degree,Democrat,NA,NA,Strong Democrat,41,NA,NA,NA,TRUE,FALSE,TRUE,TRUE,TRUE,TRUE,TRUE,TRUE,TRUE,TRUE,92,71,Somewhat agree,Strongly agree,Somewhat agree,No,No,4,4,3,4,4,4,5- Very like me,4,5- Very like me,4,5- Very like me,4,5- Very like me,NA,NA,NA,NA,NA,NA,NA,NA,Oregon,1 - 3 days in jail,Support,2,1,2,1,Republican,Democrat,vandalism
Female,White/Caucasian,"Less than 30,000",2-year College Degree,Democrat,NA,NA,Strong Democrat,59,No,No,Yes,FALSE,FALSE,TRUE,FALSE,TRUE,TRUE,FALSE,TRUE,TRUE,TRUE,100,0,Neither agree nor disagree,Strongly agree,Somewhat agree,No,Yes,1 - Not at all,1- Very unlike me,4,5- Very like me,1- Very unlike me,3,5- Very like me,1- Very unlike me,1- Very unlike me,1- Very unlike me,4,3,2,NA,NA,NA,NA,NA,NA,NA,NA,Washington,Community service,Neither support nor oppose,2,2,1,1,Republican,Democrat,protesting without a permit
Male,White/Caucasian,"100,000 or more",Doctoral Degree,Democrat,NA,NA,Strong Democrat,40,Yes,Yes,Yes,TRUE,TRUE,TRUE,TRUE,FALSE,TRUE,TRUE,TRUE,TRUE,FALSE,87,82,Strongly agree,Somewhat agree,Strongly agree,Yes,Yes,5 - A great deal,5- Very like me,4,5- Very like me,5- Very like me,5- Very like me,4,5- Very like me,5- Very like me,5- Very like me,5- Very like me,4,4,NA,NA,NA,NA,Washington,Strongly support,Justified,Yes,NA,NA,NA,1,1,2,1,Republican,Democrat,NA
Female,White/Caucasian,"100,000 or more",Masters Degree,Republican,NA,Strong Republican,NA,35,Yes,Yes,Yes,TRUE,TRUE,TRUE,TRUE,TRUE,TRUE,TRUE,TRUE,TRUE,TRUE,74,73,Strongly agree,Somewhat agree,Strongly agree,Yes,Yes,4,3,3,4,4,5- Very like me,4,5- Very like me,4,4,4,4,4,Georgia,Support,Justified,Yes,NA,NA,NA,NA,NA,NA,NA,1,2,1,1,Democrat,Republican,NA
Female,White/Caucasian,"50,000 – 59,999",2-year College Degree,Republican,NA,Not a strong Republican,NA,25,Yes,No,Yes,FALSE,TRUE,TRUE,TRUE,FALSE,TRUE,TRUE,FALSE,TRUE,TRUE,83,87,Strongly agree,Somewhat agree,Somewhat agree,Yes,No,2,2,4,3,3,5- Very like me,3,5- Very like me,2,5- Very like me,2,3,4,NA,NA,NA,NA,NA,NA,NA,NA,Florida,2 - 5 years in prison,Support,2,2,2,1,Democrat,Republican,assault
Male,White/Caucasian,"30,000 – 39,999",High School / GED,Democrat,NA,NA,Strong Democrat,41,No,No,No,TRUE,FALSE,TRUE,TRUE,TRUE,FALSE,FALSE,TRUE,FALSE,FALSE,100,100,Strongly disagree,Strongly disagree,Somewhat agree,No,No,1 - Not at all,1- Very unlike me,1- Very unlike me,1- Very unlike me,1- Very unlike me,1- Very unlike me,1- Very unlike me,1- Very unlike me,1- Very unlike me,1- Very unlike me,1- Very unlike me,1- Very unlike me,1- Very unlike me,Kentucky,Neither support nor oppose,Unjustified,Yes,NA,NA,NA,NA,NA,NA,NA,1,2,1,1,Republican,Democrat,NA
Male,White/Caucasian,"50,000 – 59,999",2-year College Degree,Republican,NA,Strong Republican,NA,54,No,No,Yes,TRUE,TRUE,FALSE,TRUE,TRUE,FALSE,FALSE,FALSE,TRUE,FALSE,0,100,Neither agree nor disagree,Neither agree nor disagree,Somewhat disagree,No,No,1 - Not at all,3,2,2,3,3,3,2,2,2,3,3,3,NA,NA,NA,NA,Idaho,Neither support nor oppose,Justified,No,NA,NA,NA,1,2,2,1,Democrat,Republican,NA
Female,White/Caucasian,"50,000 – 59,999",Some College,Republican,NA,Strong Republican,NA,37,No,No,Yes,FALSE,TRUE,TRUE,FALSE,TRUE,FALSE,FALSE,FALSE,FALSE,FALSE,24,72,Neither agree nor disagree,Strongly disagree,Neither agree nor disagree,No,No,1 - Not at all,2,2,1- Very unlike me,1- Very unlike me,1- Very unlike me,1- Very unlike me,1- Very unlike me,1- Very unlike me,1- Very unlike me,1- Very unlike me,1- Very unlike me,1- Very unlike me,Kentucky,Strongly oppose,Unjustified,Yes,NA,NA,NA,NA,NA,NA,NA,1,2,1,1,Democrat,Republican,NA
NA,NA,NA,NA,NA,NA,NA,NA,NA,NA,NA,NA,NA,NA,NA,NA,NA,NA,NA,NA,NA,NA,,,NA,NA,NA,NA,NA,NA,NA,NA,NA,NA,NA,NA,NA,NA,NA,NA,NA,NA,NA,NA,NA,NA,NA,NA,NA,NA,NA,NA,NA,2,1,1,4,NA,NA,NA
Male,White/Caucasian,"40,000 – 49,999",Some College,Democrat,NA,NA,Strong Democrat,29,Yes,Yes,Yes,FALSE,TRUE,TRUE,TRUE,TRUE,FALSE,FALSE,TRUE,TRUE,FALSE,77,33,Somewhat agree,Neither agree nor disagree,Somewhat agree,No,Yes,1 - Not at all,2,3,4,1- Very unlike me,4,5- Very like me,1- Very unlike me,2,3,4,4,5- Very like me,NA,NA,NA,NA,NA,NA,NA,NA,Oregon,4 - 6 months in jail,Neither support nor oppose,2,2,1,1,Republican,Democrat,assault
Female,White/Caucasian,"100,000 or more",Some College,Republican,NA,Strong Republican,NA,53,No,No,Yes,FALSE,TRUE,TRUE,TRUE,TRUE,FALSE,FALSE,TRUE,FALSE,FALSE,9,87,Neither agree nor disagree,Neither agree nor disagree,Neither agree nor disagree,No,No,1 - Not at all,3,3,2,5- Very like me,2,3,1- Very unlike me,1- Very unlike me,1- Very unlike me,1- Very unlike me,3,1- Very unlike me,NA,NA,NA,NA,NA,NA,NA,NA,Alaska,More than 20 years in prison,Strongly oppose,2,1,2,1,Democrat,Republican,assault with a deadly weapon
Female,White/Caucasian,"80,000 – 89,999",4-year College Degree,Democrat,NA,NA,Strong Democrat,35,Yes,No,Yes,FALSE,FALSE,TRUE,TRUE,TRUE,FALSE,TRUE,TRUE,TRUE,TRUE,100,78,Strongly agree,Neither agree nor disagree,Somewhat agree,No,Yes,4,3,3,5- Very like me,3,4,4,3,3,5- Very like me,3,4,3,Florida,Support,Justified,Yes,NA,NA,NA,NA,NA,NA,NA,1,2,1,1,Republican,Democrat,NA
Female,White/Caucasian,"40,000 – 49,999",Some College,Democrat,NA,NA,Strong Democrat,41,No,No,Yes,FALSE,TRUE,TRUE,TRUE,TRUE,FALSE,FALSE,TRUE,FALSE,FALSE,100,40,Strongly disagree,Strongly disagree,Strongly disagree,No,No,1 - Not at all,1- Very unlike me,2,3,3,1- Very unlike me,3,1- Very unlike me,1- Very unlike me,1- Very unlike me,1- Very unlike me,1- Very unlike me,1- Very unlike me,NA,NA,NA,NA,NA,NA,NA,NA,Oregon,Community service,Strongly support,2,1,1,1,Republican,Democrat,protesting without a permit
Female,White/Caucasian,"Less than 30,000",High School / GED,Independent,Neither,NA,NA,NA,NA,NA,NA,NA,NA,NA,NA,NA,NA,NA,NA,NA,NA,,,NA,NA,NA,NA,NA,NA,NA,NA,NA,NA,NA,NA,NA,NA,NA,NA,NA,NA,NA,NA,NA,NA,NA,NA,NA,NA,NA,NA,NA,2,1,1,2,NA,NA,NA
Female,White/Caucasian,"30,000 – 39,999",2-year College Degree,Republican,NA,Strong Republican,NA,60,No,No,Yes,FALSE,TRUE,TRUE,TRUE,TRUE,FALSE,TRUE,TRUE,TRUE,FALSE,9,22,Neither agree nor disagree,Neither agree nor disagree,Neither agree nor disagree,No,No,1 - Not at all,3,3,3,2,2,3,2,1- Very unlike me,3,1- Very unlike me,1- Very unlike me,1- Very unlike me,NA,NA,NA,NA,Washington,Neither support nor oppose,Unjustified,Yes,NA,NA,NA,1,1,2,1,Democrat,Republican,NA
Female,White/Caucasian,"30,000 – 39,999",High School / GED,Republican,NA,Strong Republican,NA,36,No,No,Yes,FALSE,FALSE,FALSE,TRUE,FALSE,TRUE,TRUE,TRUE,TRUE,TRUE,10,82,Neither agree nor disagree,Somewhat disagree,Neither agree nor disagree,No,No,2,1- Very unlike me,4,3,2,2,3,1- Very unlike me,2,2,2,3,3,NA,NA,NA,NA,Oregon,Strongly oppose,Unjustified,Yes,NA,NA,NA,1,2,2,1,Democrat,Republican,NA
Male,White/Caucasian,"50,000 – 59,999",Some College,Democrat,NA,NA,Strong Democrat,59,No,No,Yes,TRUE,TRUE,TRUE,TRUE,TRUE,FALSE,TRUE,TRUE,TRUE,FALSE,100,0,Neither agree nor disagree,Somewhat disagree,Neither agree nor disagree,No,No,1 - Not at all,3,3,1- Very unlike me,4,1- Very unlike me,3,1- Very unlike me,1- Very unlike me,3,2,2,2,Florida,Strongly oppose,Unjustified,Yes,NA,NA,NA,NA,NA,NA,NA,1,1,1,1,Republican,Democrat,NA
Male,White/Caucasian,"90,000 – 99,999",4-year College Degree,Democrat,NA,NA,Strong Democrat,34,Yes,Yes,Yes,TRUE,TRUE,TRUE,TRUE,TRUE,TRUE,TRUE,TRUE,TRUE,TRUE,84,86,Somewhat agree,Somewhat agree,Somewhat agree,Yes,Yes,5 - A great deal,4,4,4,4,4,4,5- Very like me,5- Very like me,5- Very like me,4,5- Very like me,4,NA,NA,NA,NA,NA,NA,NA,NA,California,Community service,Support,2,2,1,1,Republican,Democrat,assault
Male,White/Caucasian,"Less than 30,000",High School / GED,Independent,Democratic Party,NA,NA,46,No,No,Yes,FALSE,TRUE,TRUE,TRUE,TRUE,TRUE,FALSE,TRUE,TRUE,TRUE,71,40,Neither agree nor disagree,Somewhat disagree,Neither agree nor disagree,No,No,1 - Not at all,2,3,4,3,2,4,2,2,2,2,3,2,NA,NA,NA,NA,Arizona,Strongly oppose,Unjustified,Yes,NA,NA,NA,1,2,2,1,Republican,Democrat,NA
Female,White/Caucasian,"Less than 30,000",High School / GED,Independent,Democratic Party,NA,NA,37,No,No,No,TRUE,TRUE,TRUE,TRUE,TRUE,FALSE,FALSE,TRUE,TRUE,FALSE,63,24,Neither agree nor disagree,Somewhat agree,Somewhat agree,No,No,2,2,2,4,2,2,2,1- Very unlike me,3,1- Very unlike me,1- Very unlike me,3,2,Georgia,Oppose,Justified,Yes,NA,NA,NA,NA,NA,NA,NA,1,2,1,1,Republican,Democrat,NA
Male,White/Caucasian,"100,000 or more",2-year College Degree,Republican,NA,Strong Republican,NA,34,Yes,Yes,Yes,FALSE,FALSE,TRUE,FALSE,FALSE,TRUE,TRUE,TRUE,TRUE,FALSE,29,82,Strongly agree,Somewhat disagree,Somewhat agree,No,Yes,4,4,3,2,4,3,2,3,4,2,3,4,5- Very like me,NA,NA,NA,NA,NA,NA,NA,NA,Washington,4 - 6 months in jail,Strongly support,2,1,2,1,Democrat,Republican,murder
Male,White/Caucasian,"40,000 – 49,999",Some College,Republican,NA,Not a strong Republican,NA,50,No,No,No,TRUE,TRUE,FALSE,TRUE,FALSE,FALSE,TRUE,TRUE,TRUE,TRUE,10,92,Neither agree nor disagree,Neither agree nor disagree,Neither agree nor disagree,No,No,3,2,3,3,3,3,3,4,3,3,3,3,3,NA,NA,NA,NA,Oregon,Neither support nor oppose,Unjustified,Yes,NA,NA,NA,1,1,2,1,Democrat,Republican,NA
Female,White/Caucasian,"80,000 – 89,999",Some College,Democrat,NA,NA,Not a strong Democrat,32,No,No,Yes,TRUE,TRUE,TRUE,FALSE,TRUE,FALSE,FALSE,TRUE,TRUE,FALSE,82,46,Neither agree nor disagree,Neither agree nor disagree,Somewhat disagree,No,No,3,4,3,4,5- Very like me,4,5- Very like me,4,4,3,3,2,4,NA,NA,NA,NA,Oregon,Support,Unjustified,Yes,NA,NA,NA,1,2,2,1,Republican,Democrat,NA
Male,White/Caucasian,"Less than 30,000",High School / GED,Republican,NA,Strong Republican,NA,53,NA,NA,NA,TRUE,TRUE,TRUE,TRUE,TRUE,TRUE,TRUE,TRUE,TRUE,TRUE,16,100,Strongly agree,Somewhat disagree,Neither agree nor disagree,No,No,1 - Not at all,1- Very unlike me,3,3,3,3,3,5- Very like me,1- Very unlike me,3,5- Very like me,3,5- Very like me,NA,NA,NA,NA,NA,NA,NA,NA,Alaska,Community service,Oppose,2,1,1,1,Democrat,Republican,protesting without a permit
Female,White/Caucasian,"100,000 or more","Professional Degree (JD, MD)",Democrat,NA,NA,Strong Democrat,36,Yes,No,Yes,TRUE,TRUE,TRUE,TRUE,TRUE,TRUE,TRUE,TRUE,TRUE,TRUE,100,25,Strongly agree,Somewhat agree,Strongly agree,No,No,4,2,3,3,3,3,2,3,1- Very unlike me,4,3,2,4,NA,NA,NA,NA,New Mexico,Strongly oppose,Justified,Yes,NA,NA,NA,1,1,2,1,Republican,Democrat,NA
Female,White/Caucasian,"Less than 30,000",High School / GED,NA,NA,NA,NA,NA,NA,NA,NA,NA,NA,NA,NA,NA,NA,NA,NA,NA,NA,,,NA,NA,NA,NA,NA,NA,NA,NA,NA,NA,NA,NA,NA,NA,NA,NA,NA,NA,NA,NA,NA,NA,NA,NA,NA,NA,NA,NA,NA,1,1,1,,NA,NA,NA
Female,White/Caucasian,"40,000 – 49,999",Some College,Democrat,NA,NA,Strong Democrat,73,No,No,Yes,FALSE,TRUE,TRUE,TRUE,TRUE,TRUE,TRUE,TRUE,TRUE,TRUE,100,0,Strongly agree,Strongly agree,Strongly agree,No,Yes,1 - Not at all,1- Very unlike me,2,5- Very like me,4,3,4,3,2,2,2,3,2,NA,NA,NA,NA,NA,NA,NA,NA,Oregon,4 - 30 days in jail,Neither support nor oppose,2,2,1,1,Republican,Democrat,protesting without a permit
Female,White/Caucasian,"60,000 – 69,999",4-year College Degree,Republican,NA,Strong Republican,NA,37,NA,NA,NA,FALSE,FALSE,TRUE,FALSE,FALSE,FALSE,FALSE,TRUE,TRUE,FALSE,0,98,Strongly agree,Strongly agree,Strongly disagree,No,No,1 - Not at all,1- Very unlike me,1- Very unlike me,5- Very like me,1- Very unlike me,5- Very like me,5- Very like me,1- Very unlike me,1- Very unlike me,1- Very unlike me,1- Very unlike me,1- Very unlike me,1- Very unlike me,NA,NA,NA,NA,California,Strongly support,Justified,No,NA,NA,NA,1,2,2,1,Democrat,Republican,NA
Male,White/Caucasian,"100,000 or more",4-year College Degree,Republican,NA,Strong Republican,NA,18,No,No,Yes,FALSE,TRUE,FALSE,FALSE,FALSE,TRUE,FALSE,TRUE,TRUE,TRUE,21,24,Neither agree nor disagree,Somewhat agree,Neither agree nor disagree,No,No,3,4,3,3,1- Very unlike me,4,3,4,3,4,3,4,4,NA,NA,NA,NA,Arizona,Neither support nor oppose,Unjustified,Yes,NA,NA,NA,1,2,2,4,Democrat,Republican,NA
Male,White/Caucasian,"100,000 or more",Masters Degree,Republican,NA,Strong Republican,NA,38,NA,NA,NA,FALSE,TRUE,FALSE,TRUE,TRUE,TRUE,FALSE,FALSE,TRUE,FALSE,86,82,Strongly agree,Somewhat agree,Neither agree nor disagree,Yes,No,5 - A great deal,5- Very like me,4,3,4,5- Very like me,4,5- Very like me,5- Very like me,5- Very like me,5- Very like me,3,4,NA,NA,NA,NA,NA,NA,NA,NA,California,2 - 5 years in prison,Neither support nor oppose,2,1,2,1,Democrat,Republican,arson
Male,White/Caucasian,"80,000 – 89,999",4-year College Degree,Independent,Neither,NA,NA,NA,NA,NA,NA,NA,NA,NA,NA,NA,NA,NA,NA,NA,NA,,,NA,NA,NA,NA,NA,NA,NA,NA,NA,NA,NA,NA,NA,NA,NA,NA,NA,NA,NA,NA,NA,NA,NA,NA,NA,NA,NA,NA,NA,1,1,1,2,NA,NA,NA
Male,White/Caucasian,"80,000 – 89,999",4-year College Degree,Republican,NA,Strong Republican,NA,25,Yes,Yes,Yes,TRUE,TRUE,TRUE,TRUE,TRUE,TRUE,TRUE,TRUE,TRUE,TRUE,95,100,Strongly agree,Strongly agree,Strongly agree,Yes,Yes,5 - A great deal,5- Very like me,5- Very like me,5- Very like me,5- Very like me,5- Very like me,5- Very like me,5- Very like me,5- Very like me,5- Very like me,5- Very like me,5- Very like me,5- Very like me,NA,NA,NA,NA,NA,NA,NA,NA,California,11 - 15 years in prison,Strongly support,2,2,2,1,Democrat,Republican,assault
Female,White/Caucasian,"Less than 30,000",High School / GED,Democrat,NA,NA,Strong Democrat,31,No,No,Yes,FALSE,TRUE,TRUE,TRUE,TRUE,TRUE,FALSE,TRUE,TRUE,TRUE,86,33,Neither agree nor disagree,Strongly disagree,Strongly disagree,No,No,1 - Not at all,4,3,3,5- Very like me,2,2,1- Very unlike me,3,5- Very like me,2,1- Very unlike me,1- Very unlike me,NA,NA,NA,NA,NA,NA,NA,NA,Oregon,1 - 3 days in jail,Oppose,2,1,2,1,Republican,Democrat,vandalism
Female,White/Caucasian,"Less than 30,000",4-year College Degree,Democrat,NA,NA,Strong Democrat,68,No,No,Yes,TRUE,TRUE,TRUE,TRUE,TRUE,TRUE,TRUE,TRUE,TRUE,TRUE,90,17,Strongly disagree,Strongly disagree,Neither agree nor disagree,No,No,1 - Not at all,1- Very unlike me,3,4,4,4,5- Very like me,1- Very unlike me,3,3,3,3,3,NA,NA,NA,NA,NA,NA,NA,NA,Oregon,7 months to 1 year in jail,Neither support nor oppose,2,1,2,1,Republican,Democrat,assault with a deadly weapon
Male,White/Caucasian,"100,000 or more",Doctoral Degree,Republican,NA,Strong Republican,NA,35,NA,NA,NA,TRUE,TRUE,FALSE,TRUE,TRUE,TRUE,TRUE,FALSE,TRUE,TRUE,72,100,Strongly agree,Somewhat agree,Strongly agree,No,No,4,3,1- Very unlike me,5- Very like me,1- Very unlike me,2,4,3,1- Very unlike me,1- Very unlike me,1- Very unlike me,1- Very unlike me,1- Very unlike me,Florida,Oppose,Unjustified,Yes,NA,NA,NA,NA,NA,NA,NA,1,2,1,1,Democrat,Republican,NA
Female,White/Caucasian,"100,000 or more",Masters Degree,Democrat,NA,NA,Strong Democrat,38,Yes,Yes,Yes,TRUE,TRUE,TRUE,TRUE,TRUE,FALSE,FALSE,FALSE,FALSE,FALSE,71,46,Neither agree nor disagree,Neither agree nor disagree,Neither agree nor disagree,No,No,1 - Not at all,2,3,3,1- Very unlike me,2,3,1- Very unlike me,1- Very unlike me,2,1- Very unlike me,3,1- Very unlike me,NA,NA,NA,NA,Oregon,Oppose,Unjustified,Yes,NA,NA,NA,1,2,2,1,Republican,Democrat,NA
Male,White/Caucasian,"50,000 – 59,999",Some College,Republican,NA,Not a strong Republican,NA,25,NA,NA,NA,FALSE,TRUE,TRUE,FALSE,FALSE,TRUE,TRUE,TRUE,TRUE,TRUE,74,100,Strongly agree,Somewhat agree,Somewhat agree,Yes,Yes,3,3,3,4,4,3,3,3,3,2,2,2,3,NA,NA,NA,NA,NA,NA,NA,NA,California,4 - 30 days in jail,Neither support nor oppose,2,1,2,1,Democrat,Republican,protesting without a permit
NA,NA,NA,NA,NA,NA,NA,NA,NA,NA,NA,NA,NA,NA,NA,NA,NA,NA,NA,NA,NA,NA,,,NA,NA,NA,NA,NA,NA,NA,NA,NA,NA,NA,NA,NA,NA,NA,NA,NA,NA,NA,NA,NA,NA,NA,NA,NA,NA,NA,NA,NA,1,2,2,4,NA,NA,NA
Male,White/Caucasian,"70,000 – 79,999",2-year College Degree,Democrat,NA,NA,Strong Democrat,42,Yes,No,Yes,FALSE,FALSE,TRUE,FALSE,TRUE,TRUE,FALSE,TRUE,FALSE,FALSE,93,71,Neither agree nor disagree,Neither agree nor disagree,Somewhat agree,No,Yes,2,4,3,2,5- Very like me,2,2,4,3,4,4,5- Very like me,2,NA,NA,NA,NA,NA,NA,NA,NA,California,4 - 30 days in jail,Support,2,2,2,1,Republican,Democrat,arson
Female,White/Caucasian,"100,000 or more",2-year College Degree,Republican,NA,Strong Republican,NA,36,No,No,Yes,FALSE,TRUE,TRUE,TRUE,TRUE,TRUE,FALSE,FALSE,TRUE,FALSE,3,87,Neither agree nor disagree,Somewhat disagree,Neither agree nor disagree,No,No,1 - Not at all,1- Very unlike me,3,4,2,2,1- Very unlike me,1- Very unlike me,1- Very unlike me,1- Very unlike me,2,1- Very unlike me,1- Very unlike me,NA,NA,NA,NA,Oregon,Strongly support,Unjustified,Yes,NA,NA,NA,1,2,2,1,Democrat,Republican,NA
NA,NA,NA,NA,NA,NA,NA,NA,NA,NA,NA,NA,NA,NA,NA,NA,NA,NA,NA,NA,NA,NA,,,NA,NA,NA,NA,NA,NA,NA,NA,NA,NA,NA,NA,NA,NA,NA,NA,NA,NA,NA,NA,NA,NA,NA,NA,NA,NA,NA,NA,NA,2,1,1,4,NA,NA,NA
Female,White/Caucasian,"Less than 30,000",High School / GED,Independent,Neither,NA,NA,NA,NA,NA,NA,NA,NA,NA,NA,NA,NA,NA,NA,NA,NA,,,NA,NA,NA,NA,NA,NA,NA,NA,NA,NA,NA,NA,NA,NA,NA,NA,NA,NA,NA,NA,NA,NA,NA,NA,NA,NA,NA,NA,NA,1,2,1,2,NA,NA,NA
Female,White/Caucasian,"60,000 – 69,999",Some College,Democrat,NA,NA,Not a strong Democrat,29,No,No,Yes,FALSE,FALSE,TRUE,TRUE,TRUE,FALSE,FALSE,TRUE,FALSE,TRUE,37,37,Neither agree nor disagree,Neither agree nor disagree,Neither agree nor disagree,No,No,1 - Not at all,2,4,2,1- Very unlike me,2,3,3,1- Very unlike me,2,3,3,1- Very unlike me,NA,NA,NA,NA,NA,NA,NA,NA,Oregon,2 - 5 years in prison,Oppose,2,1,1,1,Republican,Democrat,assault with a deadly weapon
Male,White/Caucasian,"60,000 – 69,999",Less than High School,NA,NA,NA,NA,NA,NA,NA,NA,NA,NA,NA,NA,NA,NA,NA,NA,NA,NA,,,NA,NA,NA,NA,NA,NA,NA,NA,NA,NA,NA,NA,NA,NA,NA,NA,NA,NA,NA,NA,NA,NA,NA,NA,NA,NA,NA,NA,NA,1,2,2,,NA,NA,NA
Male,White/Caucasian,"100,000 or more",4-year College Degree,Democrat,NA,NA,Strong Democrat,46,Yes,Yes,Yes,TRUE,FALSE,FALSE,TRUE,TRUE,TRUE,TRUE,TRUE,TRUE,FALSE,100,0,Strongly agree,Strongly disagree,Somewhat agree,Yes,No,5 - A great deal,5- Very like me,3,5- Very like me,5- Very like me,3,5- Very like me,5- Very like me,3,5- Very like me,3,5- Very like me,2,Georgia,Strongly support,Justified,Yes,NA,NA,NA,NA,NA,NA,NA,1,1,1,1,Republican,Democrat,NA
Female,White/Caucasian,"Less than 30,000",2-year College Degree,Republican,NA,Strong Republican,NA,62,No,No,No,TRUE,TRUE,TRUE,TRUE,TRUE,FALSE,FALSE,TRUE,FALSE,FALSE,0,85,Neither agree nor disagree,Neither agree nor disagree,Neither agree nor disagree,No,No,3,1- Very unlike me,3,5- Very like me,5- Very like me,1- Very unlike me,3,1- Very unlike me,1- Very unlike me,1- Very unlike me,1- Very unlike me,1- Very unlike me,1- Very unlike me,NA,NA,NA,NA,NA,NA,NA,NA,Alaska,2 - 5 years in prison,Neither support nor oppose,2,1,2,1,Democrat,Republican,arson
Male,White/Caucasian,"30,000 – 39,999",High School / GED,Independent,Neither,NA,NA,NA,NA,NA,NA,NA,NA,NA,NA,NA,NA,NA,NA,NA,NA,,,NA,NA,NA,NA,NA,NA,NA,NA,NA,NA,NA,NA,NA,NA,NA,NA,NA,NA,NA,NA,NA,NA,NA,NA,NA,NA,NA,NA,NA,2,1,1,2,NA,NA,NA
NA,NA,NA,NA,NA,NA,NA,NA,NA,NA,NA,NA,NA,NA,NA,NA,NA,NA,NA,NA,NA,NA,,,NA,NA,NA,NA,NA,NA,NA,NA,NA,NA,NA,NA,NA,NA,NA,NA,NA,NA,NA,NA,NA,NA,NA,NA,NA,NA,NA,NA,NA,1,2,1,4,NA,NA,NA
Male,White/Caucasian,"60,000 – 69,999",Some College,Independent,Democratic Party,NA,NA,25,No,Yes,Yes,FALSE,TRUE,TRUE,TRUE,TRUE,FALSE,FALSE,FALSE,TRUE,FALSE,75,0,Strongly agree,Somewhat disagree,Somewhat agree,No,No,1 - Not at all,2,3,4,4,1- Very unlike me,2,1- Very unlike me,1- Very unlike me,1- Very unlike me,1- Very unlike me,1- Very unlike me,1- Very unlike me,NA,NA,NA,NA,NA,NA,NA,NA,Alaska,Community service,Oppose,2,1,2,1,Republican,Democrat,vandalism
Male,White/Caucasian,"40,000 – 49,999",Masters Degree,Democrat,NA,NA,Not a strong Democrat,44,NA,NA,NA,NA,NA,NA,NA,NA,NA,NA,NA,NA,NA,,,NA,NA,NA,NA,NA,NA,NA,NA,NA,NA,NA,NA,NA,NA,NA,NA,NA,NA,NA,NA,NA,NA,NA,NA,NA,NA,NA,NA,NA,1,2,2,2,NA,NA,NA
Male,White/Caucasian,"40,000 – 49,999",High School / GED,NA,NA,NA,NA,NA,NA,NA,NA,NA,NA,NA,NA,NA,NA,NA,NA,NA,NA,,,NA,NA,NA,NA,NA,NA,NA,NA,NA,NA,NA,NA,NA,NA,NA,NA,NA,NA,NA,NA,NA,NA,NA,NA,NA,NA,NA,NA,NA,1,1,1,,NA,NA,NA
Female,White/Caucasian,"Less than 30,000",Some College,Independent,Neither,NA,NA,NA,NA,NA,NA,NA,NA,NA,NA,NA,NA,NA,NA,NA,NA,,,NA,NA,NA,NA,NA,NA,NA,NA,NA,NA,NA,NA,NA,NA,NA,NA,NA,NA,NA,NA,NA,NA,NA,NA,NA,NA,NA,NA,NA,2,1,2,2,NA,NA,NA
Male,White/Caucasian,"Less than 30,000",2-year College Degree,Democrat,NA,NA,Strong Democrat,47,NA,NA,NA,NA,NA,NA,NA,NA,NA,NA,NA,NA,NA,,,NA,NA,NA,NA,NA,NA,NA,NA,NA,NA,NA,NA,NA,NA,NA,NA,NA,NA,NA,NA,NA,NA,NA,NA,NA,NA,NA,NA,NA,1,1,1,2,NA,NA,NA
Female,White/Caucasian,"90,000 – 99,999",Masters Degree,Democrat,NA,NA,Strong Democrat,45,Yes,No,Yes,TRUE,TRUE,FALSE,FALSE,FALSE,TRUE,TRUE,TRUE,TRUE,FALSE,88,77,Somewhat agree,Somewhat agree,Strongly agree,Yes,No,3,4,4,4,3,4,3,3,4,5- Very like me,4,4,4,Florida,Oppose,Unjustified,Yes,NA,NA,NA,NA,NA,NA,NA,1,1,1,1,Republican,Democrat,NA
Male,White/Caucasian,"40,000 – 49,999",4-year College Degree,Republican,NA,Not a strong Republican,NA,74,NA,NA,NA,FALSE,FALSE,TRUE,FALSE,TRUE,TRUE,FALSE,FALSE,TRUE,FALSE,5,100,Neither agree nor disagree,Somewhat agree,Neither agree nor disagree,No,No,1 - Not at all,4,3,2,2,4,2,1- Very unlike me,1- Very unlike me,1- Very unlike me,1- Very unlike me,1- Very unlike me,1- Very unlike me,NA,NA,NA,NA,Oregon,Support,Unjustified,Yes,NA,NA,NA,1,2,2,1,Democrat,Republican,NA
Male,White/Caucasian,"100,000 or more",Masters Degree,Democrat,NA,NA,Strong Democrat,73,NA,NA,NA,NA,NA,NA,NA,NA,NA,NA,NA,NA,NA,,,NA,NA,NA,NA,NA,NA,NA,NA,NA,NA,NA,NA,NA,NA,NA,NA,NA,NA,NA,NA,NA,NA,NA,NA,NA,NA,NA,NA,NA,2,2,2,2,NA,NA,NA
Female,White/Caucasian,"100,000 or more",Some College,Democrat,NA,NA,Not a strong Democrat,35,No,No,Yes,FALSE,FALSE,TRUE,FALSE,TRUE,TRUE,FALSE,FALSE,FALSE,TRUE,69,16,Somewhat agree,Strongly disagree,Neither agree nor disagree,No,No,1 - Not at all,1- Very unlike me,5- Very like me,5- Very like me,1- Very unlike me,1- Very unlike me,4,1- Very unlike me,1- Very unlike me,1- Very unlike me,1- Very unlike me,4,1- Very unlike me,NA,NA,NA,NA,NA,NA,NA,NA,California,Community service,Oppose,2,2,1,1,Republican,Democrat,vandalism
Female,White/Caucasian,"50,000 – 59,999",Some College,Republican,NA,Strong Republican,NA,48,No,No,No,FALSE,TRUE,TRUE,TRUE,TRUE,TRUE,TRUE,TRUE,TRUE,TRUE,0,100,Strongly agree,Strongly agree,Strongly agree,No,No,1 - Not at all,3,3,5- Very like me,5- Very like me,5- Very like me,5- Very like me,4,3,3,2,4,2,NA,NA,NA,NA,NA,NA,NA,NA,Washington,7 months to 1 year in jail,Strongly oppose,2,1,2,1,Democrat,Republican,assault
Female,White/Caucasian,"40,000 – 49,999",2-year College Degree,Democrat,NA,NA,Strong Democrat,67,No,No,Yes,FALSE,TRUE,TRUE,TRUE,TRUE,TRUE,TRUE,TRUE,TRUE,TRUE,100,0,Neither agree nor disagree,Strongly agree,Neither agree nor disagree,No,No,1 - Not at all,2,5- Very like me,4,5- Very like me,3,3,5- Very like me,3,4,3,5- Very like me,5- Very like me,NA,NA,NA,NA,NA,NA,NA,NA,Oregon,More than 20 years in prison,Strongly oppose,2,2,1,1,Republican,Democrat,murder
Female,White/Caucasian,"Less than 30,000",2-year College Degree,Republican,NA,Strong Republican,NA,52,No,No,Yes,FALSE,FALSE,TRUE,TRUE,TRUE,TRUE,TRUE,TRUE,TRUE,TRUE,3,90,Neither agree nor disagree,Neither agree nor disagree,Neither agree nor disagree,No,No,1 - Not at all,2,3,3,3,3,3,3,2,3,3,4,3,Florida,Support,Unjustified,Yes,NA,NA,NA,NA,NA,NA,NA,1,2,1,1,Democrat,Republican,NA
Male,White/Caucasian,"90,000 – 99,999",Masters Degree,Democrat,NA,NA,Strong Democrat,40,Yes,Yes,Yes,TRUE,TRUE,TRUE,TRUE,TRUE,TRUE,TRUE,TRUE,TRUE,FALSE,90,91,Strongly disagree,Somewhat agree,Somewhat agree,No,No,4,2,2,4,4,2,2,4,4,3,4,3,4,NA,NA,NA,NA,NA,NA,NA,NA,Louisiana,7 months to 1 year in jail,Support,2,2,2,1,Republican,Democrat,protesting without a permit
Male,White/Caucasian,"90,000 – 99,999",Masters Degree,Independent,Neither,NA,NA,NA,NA,NA,NA,NA,NA,NA,NA,NA,NA,NA,NA,NA,NA,,,NA,NA,NA,NA,NA,NA,NA,NA,NA,NA,NA,NA,NA,NA,NA,NA,NA,NA,NA,NA,NA,NA,NA,NA,NA,NA,NA,NA,NA,2,1,1,2,NA,NA,NA
Female,White/Caucasian,"80,000 – 89,999",Some College,Democrat,NA,NA,Not a strong Democrat,32,No,No,Yes,FALSE,TRUE,TRUE,FALSE,TRUE,FALSE,FALSE,TRUE,TRUE,FALSE,80,61,Strongly disagree,Strongly disagree,Strongly disagree,No,No,1 - Not at all,3,3,2,3,2,2,1- Very unlike me,2,2,1- Very unlike me,1- Very unlike me,1- Very unlike me,NA,NA,NA,NA,NA,NA,NA,NA,California,Community service,Support,2,2,2,1,Republican,Democrat,protesting without a permit
Male,White/Caucasian,"100,000 or more",4-year College Degree,Republican,NA,Strong Republican,NA,32,NA,NA,NA,TRUE,TRUE,TRUE,TRUE,TRUE,TRUE,FALSE,TRUE,TRUE,FALSE,88,86,Strongly agree,Strongly agree,Strongly agree,Yes,Yes,5 - A great deal,5- Very like me,4,4,4,4,4,4,4,4,4,4,4,NA,NA,NA,NA,NA,NA,NA,NA,California,4 - 30 days in jail,Strongly support,2,1,2,1,Democrat,Republican,assault with a deadly weapon
Female,White/Caucasian,"Less than 30,000",Some College,Independent,Neither,NA,NA,NA,NA,NA,NA,NA,NA,NA,NA,NA,NA,NA,NA,NA,NA,,,NA,NA,NA,NA,NA,NA,NA,NA,NA,NA,NA,NA,NA,NA,NA,NA,NA,NA,NA,NA,NA,NA,NA,NA,NA,NA,NA,NA,NA,1,1,2,2,NA,NA,NA
Female,White/Caucasian,"Less than 30,000",Some College,Democrat,NA,NA,Not a strong Democrat,31,NA,NA,NA,FALSE,TRUE,TRUE,FALSE,FALSE,TRUE,TRUE,TRUE,TRUE,FALSE,81,27,Neither agree nor disagree,Neither agree nor disagree,Neither agree nor disagree,No,Yes,2,4,5- Very like me,4,3,4,4,2,4,5- Very like me,4,5- Very like me,4,Florida,Strongly oppose,Unjustified,Yes,NA,NA,NA,NA,NA,NA,NA,1,1,1,1,Republican,Democrat,NA
Male,White/Caucasian,"30,000 – 39,999",High School / GED,Independent,Neither,NA,NA,NA,NA,NA,NA,NA,NA,NA,NA,NA,NA,NA,NA,NA,NA,,,NA,NA,NA,NA,NA,NA,NA,NA,NA,NA,NA,NA,NA,NA,NA,NA,NA,NA,NA,NA,NA,NA,NA,NA,NA,NA,NA,NA,NA,1,1,1,2,NA,NA,NA
Female,White/Caucasian,"100,000 or more",Some College,Independent,Democratic Party,NA,NA,38,No,Yes,Yes,FALSE,TRUE,TRUE,TRUE,TRUE,TRUE,FALSE,FALSE,FALSE,FALSE,58,11,Neither agree nor disagree,Somewhat disagree,Neither agree nor disagree,No,No,4,1- Very unlike me,2,1- Very unlike me,1- Very unlike me,1- Very unlike me,1- Very unlike me,1- Very unlike me,1- Very unlike me,1- Very unlike me,1- Very unlike me,1- Very unlike me,1- Very unlike me,NA,NA,NA,NA,Oregon,Strongly support,Unjustified,Yes,NA,NA,NA,1,1,2,1,Republican,Democrat,NA
Female,White/Caucasian,"40,000 – 49,999",High School / GED,Independent,Neither,NA,NA,NA,NA,NA,NA,NA,NA,NA,NA,NA,NA,NA,NA,NA,NA,,,NA,NA,NA,NA,NA,NA,NA,NA,NA,NA,NA,NA,NA,NA,NA,NA,NA,NA,NA,NA,NA,NA,NA,NA,NA,NA,NA,NA,NA,1,2,2,2,NA,NA,NA
Male,White/Caucasian,"100,000 or more",Doctoral Degree,Democrat,NA,NA,Strong Democrat,38,Yes,No,Yes,FALSE,TRUE,TRUE,TRUE,TRUE,FALSE,FALSE,TRUE,FALSE,FALSE,90,35,Somewhat agree,Neither agree nor disagree,Somewhat agree,No,No,3,1- Very unlike me,2,4,2,2,2,2,2,2,2,1- Very unlike me,2,Florida,Oppose,Unjustified,Yes,NA,NA,NA,NA,NA,NA,NA,1,1,1,1,Republican,Democrat,NA
Female,White/Caucasian,"100,000 or more",4-year College Degree,Republican,NA,Strong Republican,NA,52,No,No,Yes,FALSE,TRUE,TRUE,TRUE,TRUE,TRUE,TRUE,TRUE,TRUE,TRUE,50,50,Somewhat disagree,Somewhat disagree,Strongly disagree,No,No,1 - Not at all,1- Very unlike me,3,1- Very unlike me,1- Very unlike me,2,1- Very unlike me,1- Very unlike me,1- Very unlike me,1- Very unlike me,1- Very unlike me,3,1- Very unlike me,South Carolina,Strongly oppose,Unjustified,Yes,NA,NA,NA,NA,NA,NA,NA,1,2,1,1,Democrat,Republican,NA
Male,White/Caucasian,"100,000 or more",4-year College Degree,Democrat,NA,NA,Strong Democrat,32,NA,NA,NA,TRUE,TRUE,FALSE,TRUE,FALSE,TRUE,TRUE,TRUE,TRUE,TRUE,90,88,Strongly agree,Strongly agree,Somewhat agree,Yes,Yes,5 - A great deal,5- Very like me,5- Very like me,4,4,5- Very like me,4,5- Very like me,4,4,5- Very like me,4,5- Very like me,NA,NA,NA,NA,NA,NA,NA,NA,California,4 - 30 days in jail,Strongly support,2,2,2,1,Republican,Democrat,murder
Male,White/Caucasian,"Less than 30,000",High School / GED,Republican,NA,Strong Republican,NA,18,NA,NA,NA,NA,NA,NA,NA,NA,NA,NA,NA,NA,NA,,,NA,NA,NA,NA,NA,NA,NA,NA,NA,NA,NA,NA,NA,NA,NA,NA,NA,NA,NA,NA,NA,NA,NA,NA,NA,NA,NA,NA,NA,1,2,2,2,NA,NA,NA
Male,White/Caucasian,"100,000 or more",4-year College Degree,Republican,NA,Not a strong Republican,NA,49,No,No,No,TRUE,TRUE,TRUE,TRUE,TRUE,FALSE,FALSE,FALSE,FALSE,FALSE,26,26,Neither agree nor disagree,Strongly disagree,Somewhat disagree,No,No,1 - Not at all,1- Very unlike me,1- Very unlike me,2,1- Very unlike me,1- Very unlike me,2,1- Very unlike me,1- Very unlike me,1- Very unlike me,1- Very unlike me,1- Very unlike me,1- Very unlike me,NA,NA,NA,NA,Oregon,Strongly oppose,Unjustified,Yes,NA,NA,NA,1,2,2,1,Democrat,Republican,NA
Male,White/Caucasian,"100,000 or more",Masters Degree,Democrat,NA,NA,Strong Democrat,35,Yes,No,Yes,FALSE,TRUE,TRUE,TRUE,TRUE,TRUE,FALSE,FALSE,TRUE,FALSE,100,0,Strongly disagree,Strongly disagree,Strongly disagree,No,No,1 - Not at all,1- Very unlike me,2,3,1- Very unlike me,1- Very unlike me,3,1- Very unlike me,1- Very unlike me,1- Very unlike me,1- Very unlike me,1- Very unlike me,1- Very unlike me,NA,NA,NA,NA,NA,NA,NA,NA,Oregon,6 - 10 years in prison,Strongly oppose,2,2,1,1,Republican,Democrat,assault with a deadly weapon
Male,White/Caucasian,"30,000 – 39,999",Some College,Democrat,NA,NA,Strong Democrat,72,No,Yes,Yes,TRUE,TRUE,TRUE,TRUE,TRUE,FALSE,FALSE,FALSE,FALSE,TRUE,100,0,Strongly agree,Strongly agree,Strongly agree,No,Yes,1 - Not at all,3,3,3,3,3,3,3,3,3,3,3,3,Florida,Strongly oppose,Unjustified,Yes,NA,NA,NA,NA,NA,NA,NA,1,2,1,1,Republican,Democrat,NA
Female,White/Caucasian,"Less than 30,000",High School / GED,Democrat,NA,NA,Not a strong Democrat,31,NA,NA,NA,FALSE,TRUE,FALSE,FALSE,FALSE,FALSE,TRUE,TRUE,TRUE,TRUE,63,70,Somewhat agree,Neither agree nor disagree,Neither agree nor disagree,Yes,No,2,4,2,1- Very unlike me,4,1- Very unlike me,3,5- Very like me,2,4,1- Very unlike me,4,2,NA,NA,NA,NA,Oregon,Support,Unjustified,No,NA,NA,NA,1,2,2,1,Republican,Democrat,NA
Female,White/Caucasian,"Less than 30,000",High School / GED,Republican,NA,Strong Republican,NA,35,No,No,Yes,FALSE,TRUE,TRUE,TRUE,TRUE,FALSE,FALSE,TRUE,FALSE,TRUE,1,98,Neither agree nor disagree,Somewhat agree,Neither agree nor disagree,No,No,2,3,2,1- Very unlike me,3,2,1- Very unlike me,1- Very unlike me,1- Very unlike me,1- Very unlike me,1- Very unlike me,1- Very unlike me,1- Very unlike me,NA,NA,NA,NA,Oregon,Neither support nor oppose,Justified,No,NA,NA,NA,1,1,2,1,Democrat,Republican,NA
Female,White/Caucasian,"30,000 – 39,999",High School / GED,Democrat,NA,NA,Strong Democrat,33,NA,NA,NA,FALSE,TRUE,TRUE,TRUE,TRUE,TRUE,TRUE,TRUE,FALSE,TRUE,75,71,Somewhat agree,Somewhat agree,Somewhat disagree,No,No,3,4,3,2,3,2,2,2,2,2,2,2,2,Georgia,Neither support nor oppose,Unjustified,Yes,NA,NA,NA,NA,NA,NA,NA,1,1,1,1,Republican,Democrat,NA
Female,White/Caucasian,"70,000 – 79,999",2-year College Degree,Democrat,NA,NA,Strong Democrat,52,No,Yes,Yes,FALSE,TRUE,TRUE,TRUE,TRUE,TRUE,FALSE,TRUE,FALSE,FALSE,90,24,Somewhat agree,Somewhat agree,Strongly agree,No,No,1 - Not at all,1- Very unlike me,3,1- Very unlike me,1- Very unlike me,1- Very unlike me,1- Very unlike me,1- Very unlike me,1- Very unlike me,1- Very unlike me,1- Very unlike me,1- Very unlike me,1- Very unlike me,Florida,Strongly oppose,Unjustified,Yes,NA,NA,NA,NA,NA,NA,NA,1,2,1,1,Republican,Democrat,NA
Female,Other,"Less than 30,000",Masters Degree,NA,NA,NA,NA,NA,NA,NA,NA,NA,NA,NA,NA,NA,NA,NA,NA,NA,NA,,,NA,NA,NA,NA,NA,NA,NA,NA,NA,NA,NA,NA,NA,NA,NA,NA,NA,NA,NA,NA,NA,NA,NA,NA,NA,NA,NA,NA,NA,2,2,1,,NA,NA,NA
Female,White/Caucasian,"60,000 – 69,999",Some College,Other,Democratic Party,NA,NA,22,No,No,Yes,FALSE,TRUE,FALSE,TRUE,FALSE,TRUE,TRUE,TRUE,TRUE,FALSE,83,31,Neither agree nor disagree,Somewhat disagree,Somewhat disagree,No,No,1 - Not at all,1- Very unlike me,3,1- Very unlike me,1- Very unlike me,2,5- Very like me,1- Very unlike me,2,3,1- Very unlike me,2,3,Florida,Neither support nor oppose,Unjustified,Yes,NA,NA,NA,NA,NA,NA,NA,1,1,1,1,Republican,Democrat,NA
Female,White/Caucasian,"30,000 – 39,999",High School / GED,Democrat,NA,NA,Strong Democrat,59,No,No,Yes,TRUE,TRUE,TRUE,TRUE,TRUE,FALSE,TRUE,FALSE,FALSE,FALSE,77,66,Somewhat agree,Strongly disagree,Somewhat disagree,No,No,1 - Not at all,1- Very unlike me,3,3,1- Very unlike me,3,2,1- Very unlike me,1- Very unlike me,1- Very unlike me,3,1- Very unlike me,1- Very unlike me,Florida,Strongly oppose,Unjustified,Yes,NA,NA,NA,NA,NA,NA,NA,1,2,1,1,Republican,Democrat,NA
Male,White/Caucasian,"Less than 30,000",High School / GED,Independent,Republican Party,NA,NA,40,No,No,Yes,FALSE,TRUE,TRUE,TRUE,TRUE,FALSE,FALSE,FALSE,FALSE,FALSE,27,72,Neither agree nor disagree,Neither agree nor disagree,Neither agree nor disagree,No,No,3,2,3,3,3,2,2,2,2,2,2,2,2,NA,NA,NA,NA,NA,NA,NA,NA,Washington,2 - 5 years in prison,Oppose,2,2,1,1,Democrat,Republican,arson
Female,White/Caucasian,"50,000 – 59,999",4-year College Degree,Other,Democratic Party,NA,NA,45,No,No,Yes,FALSE,FALSE,FALSE,TRUE,TRUE,TRUE,FALSE,TRUE,TRUE,TRUE,70,15,Neither agree nor disagree,Strongly disagree,Neither agree nor disagree,No,No,1 - Not at all,3,3,1- Very unlike me,1- Very unlike me,2,1- Very unlike me,1- Very unlike me,1- Very unlike me,1- Very unlike me,2,3,1- Very unlike me,NA,NA,NA,NA,Oregon,Strongly oppose,Unjustified,Yes,NA,NA,NA,1,2,2,1,Republican,Democrat,NA
Male,White/Caucasian,"Less than 30,000",Some College,Democrat,NA,NA,Strong Democrat,68,No,No,No,FALSE,TRUE,TRUE,FALSE,TRUE,FALSE,TRUE,FALSE,FALSE,FALSE,85,5,Somewhat agree,Somewhat agree,Neither agree nor disagree,No,No,1 - Not at all,1- Very unlike me,4,3,1- Very unlike me,3,3,3,3,3,3,3,3,NA,NA,NA,NA,Oregon,Strongly oppose,Unjustified,Yes,NA,NA,NA,1,2,2,1,Republican,Democrat,NA
Male,White/Caucasian,"100,000 or more",Some College,NA,NA,NA,NA,NA,NA,NA,NA,NA,NA,NA,NA,NA,NA,NA,NA,NA,NA,,,NA,NA,NA,NA,NA,NA,NA,NA,NA,NA,NA,NA,NA,NA,NA,NA,NA,NA,NA,NA,NA,NA,NA,NA,NA,NA,NA,NA,NA,1,1,2,,NA,NA,NA
Female,White/Caucasian,"100,000 or more",Masters Degree,Republican,NA,Strong Republican,NA,30,Yes,Yes,Yes,TRUE,FALSE,TRUE,FALSE,FALSE,TRUE,TRUE,TRUE,TRUE,TRUE,37,100,Strongly disagree,Somewhat agree,Neither agree nor disagree,Yes,No,4,2,3,3,1- Very unlike me,4,3,3,1- Very unlike me,1- Very unlike me,1- Very unlike me,3,1- Very unlike me,NA,NA,NA,NA,Oregon,Support,Unjustified,No,NA,NA,NA,1,2,2,1,Democrat,Republican,NA
Male,White/Caucasian,"50,000 – 59,999",4-year College Degree,Republican,NA,Not a strong Republican,NA,26,No,No,Yes,FALSE,TRUE,TRUE,TRUE,TRUE,FALSE,FALSE,FALSE,TRUE,FALSE,27,89,Somewhat disagree,Strongly disagree,Somewhat disagree,No,No,1 - Not at all,2,1- Very unlike me,2,2,1- Very unlike me,2,1- Very unlike me,1- Very unlike me,2,1- Very unlike me,1- Very unlike me,2,NA,NA,NA,NA,Oregon,Oppose,Unjustified,Yes,NA,NA,NA,1,2,2,1,Democrat,Republican,NA
Female,White/Caucasian,"Less than 30,000",Some College,Republican,NA,Not a strong Republican,NA,30,NA,NA,NA,NA,NA,NA,NA,NA,NA,NA,NA,NA,NA,,,NA,NA,NA,NA,NA,NA,NA,NA,NA,NA,NA,NA,NA,NA,NA,NA,NA,NA,NA,NA,NA,NA,NA,NA,NA,NA,NA,NA,NA,1,2,2,2,NA,NA,NA
Female,White/Caucasian,"100,000 or more",Masters Degree,Democrat,NA,NA,Strong Democrat,35,No,No,Yes,TRUE,TRUE,TRUE,TRUE,TRUE,TRUE,FALSE,TRUE,TRUE,FALSE,94,50,Somewhat disagree,Somewhat disagree,Neither agree nor disagree,No,No,1 - Not at all,1- Very unlike me,4,3,1- Very unlike me,3,3,2,3,3,1- Very unlike me,4,1- Very unlike me,NA,NA,NA,NA,NA,NA,NA,NA,NA,Community service,Neither support nor oppose,2,2,1,1,Republican,Democrat,assault
Male,White/Caucasian,"50,000 – 59,999",Masters Degree,Independent,Democratic Party,NA,NA,35,No,No,Yes,FALSE,FALSE,TRUE,FALSE,TRUE,TRUE,TRUE,TRUE,TRUE,TRUE,26,13,Neither agree nor disagree,Strongly disagree,Strongly disagree,No,No,3,4,4,4,4,4,4,4,4,4,4,4,3,NA,NA,NA,NA,NA,NA,NA,NA,Oregon,6 - 10 years in prison,Strongly oppose,2,2,2,1,Republican,Democrat,assault with a deadly weapon
Male,White/Caucasian,"100,000 or more",4-year College Degree,Republican,NA,Strong Republican,NA,68,No,Yes,Yes,TRUE,TRUE,TRUE,TRUE,TRUE,FALSE,FALSE,FALSE,FALSE,FALSE,10,100,Somewhat agree,Somewhat agree,Neither agree nor disagree,No,No,1 - Not at all,2,3,1- Very unlike me,1- Very unlike me,2,1- Very unlike me,2,1- Very unlike me,1- Very unlike me,1- Very unlike me,1- Very unlike me,1- Very unlike me,NA,NA,NA,NA,NA,NA,NA,NA,Oregon,Community service,Neither support nor oppose,2,1,1,1,Democrat,Republican,assault
Male,White/Caucasian,"60,000 – 69,999",4-year College Degree,Republican,NA,Strong Republican,NA,59,No,No,Yes,FALSE,TRUE,TRUE,TRUE,FALSE,FALSE,FALSE,FALSE,FALSE,FALSE,0,64,Strongly disagree,Strongly disagree,Neither agree nor disagree,No,No,1 - Not at all,2,2,2,1- Very unlike me,1- Very unlike me,2,1- Very unlike me,1- Very unlike me,1- Very unlike me,1- Very unlike me,1- Very unlike me,1- Very unlike me,NA,NA,NA,NA,NA,NA,NA,NA,Alaska,4 - 30 days in jail,Oppose,2,1,1,1,Democrat,Republican,vandalism
Male,White/Caucasian,"100,000 or more",Masters Degree,Democrat,NA,NA,Strong Democrat,43,Yes,Yes,Yes,TRUE,FALSE,FALSE,FALSE,FALSE,FALSE,TRUE,FALSE,TRUE,TRUE,80,71,Somewhat agree,Neither agree nor disagree,Neither agree nor disagree,No,No,3,1- Very unlike me,3,2,4,4,2,1- Very unlike me,2,2,3,3,3,NA,NA,NA,NA,NA,NA,NA,NA,Texas,7 months to 1 year in jail,Oppose,2,2,2,1,Republican,Democrat,arson
Male,White/Caucasian,"100,000 or more","Professional Degree (JD, MD)",Republican,NA,Strong Republican,NA,38,No,No,Yes,TRUE,TRUE,TRUE,TRUE,TRUE,TRUE,FALSE,FALSE,FALSE,FALSE,60,100,Neither agree nor disagree,Somewhat disagree,Neither agree nor disagree,No,No,5 - A great deal,1- Very unlike me,2,1- Very unlike me,1- Very unlike me,2,3,1- Very unlike me,1- Very unlike me,1- Very unlike me,1- Very unlike me,1- Very unlike me,2,South Carolina,Support,Justified,No,NA,NA,NA,NA,NA,NA,NA,1,1,1,1,Democrat,Republican,NA
Male,White/Caucasian,"100,000 or more",Doctoral Degree,Independent,Democratic Party,NA,NA,35,Yes,Yes,Yes,TRUE,TRUE,TRUE,TRUE,TRUE,TRUE,FALSE,TRUE,FALSE,FALSE,82,56,Neither agree nor disagree,Strongly disagree,Somewhat disagree,No,No,1 - Not at all,1- Very unlike me,2,3,2,2,3,1- Very unlike me,1- Very unlike me,4,2,1- Very unlike me,2,Florida,Strongly oppose,Unjustified,Yes,NA,NA,NA,NA,NA,NA,NA,1,2,1,1,Republican,Democrat,NA
Male,White/Caucasian,"40,000 – 49,999",Masters Degree,Republican,NA,Strong Republican,NA,73,No,Yes,Yes,FALSE,TRUE,TRUE,FALSE,TRUE,FALSE,FALSE,TRUE,FALSE,FALSE,41,73,Somewhat agree,Somewhat disagree,Somewhat agree,No,No,1 - Not at all,1- Very unlike me,3,3,1- Very unlike me,3,3,2,1- Very unlike me,4,3,2,2,Florida,Strongly oppose,Unjustified,Yes,NA,NA,NA,NA,NA,NA,NA,1,1,1,1,Democrat,Republican,NA
Female,White/Caucasian,"Less than 30,000",2-year College Degree,Democrat,NA,NA,Not a strong Democrat,33,NA,NA,NA,NA,NA,NA,NA,NA,NA,NA,NA,NA,NA,,,NA,NA,NA,NA,NA,NA,NA,NA,NA,NA,NA,NA,NA,NA,NA,NA,NA,NA,NA,NA,NA,NA,NA,NA,NA,NA,NA,NA,NA,2,1,1,2,NA,NA,NA
Male,White/Caucasian,"90,000 – 99,999",Masters Degree,Democrat,NA,NA,Strong Democrat,30,NA,NA,NA,TRUE,TRUE,TRUE,TRUE,TRUE,TRUE,TRUE,TRUE,TRUE,TRUE,100,100,Strongly agree,Strongly agree,Strongly agree,Yes,Yes,5 - A great deal,5- Very like me,5- Very like me,5- Very like me,5- Very like me,5- Very like me,5- Very like me,5- Very like me,5- Very like me,5- Very like me,5- Very like me,5- Very like me,5- Very like me,Texas,Strongly support,Justified,Yes,NA,NA,NA,NA,NA,NA,NA,1,2,1,1,Republican,Democrat,NA
Male,White/Caucasian,"Less than 30,000",High School / GED,Republican,NA,Strong Republican,NA,60,NA,NA,NA,FALSE,TRUE,TRUE,FALSE,TRUE,FALSE,TRUE,TRUE,TRUE,TRUE,0,100,Strongly agree,Somewhat agree,Strongly agree,No,No,1 - Not at all,1- Very unlike me,3,4,1- Very unlike me,3,3,2,1- Very unlike me,2,2,5- Very like me,2,NA,NA,NA,NA,NA,NA,NA,NA,Oregon,2 - 5 years in prison,Strongly oppose,2,1,1,1,Democrat,Republican,protesting without a permit
Male,White/Caucasian,"100,000 or more",4-year College Degree,Democrat,NA,NA,Strong Democrat,44,Yes,Yes,Yes,FALSE,TRUE,TRUE,TRUE,TRUE,TRUE,TRUE,TRUE,TRUE,TRUE,100,100,Strongly agree,Strongly agree,Strongly agree,Yes,Yes,5 - A great deal,5- Very like me,5- Very like me,5- Very like me,5- Very like me,5- Very like me,5- Very like me,5- Very like me,5- Very like me,5- Very like me,5- Very like me,5- Very like me,5- Very like me,NA,NA,NA,NA,NA,NA,NA,NA,Alaska,7 months to 1 year in jail,Strongly support,2,1,2,1,Republican,Democrat,arson
Male,White/Caucasian,"Less than 30,000",Some College,Republican,NA,Not a strong Republican,NA,80,NA,NA,NA,NA,NA,NA,NA,NA,NA,NA,NA,NA,NA,,,NA,NA,NA,NA,NA,NA,NA,NA,NA,NA,NA,NA,NA,NA,NA,NA,NA,NA,NA,NA,NA,NA,NA,NA,NA,NA,NA,NA,NA,1,1,2,2,NA,NA,NA
Male,White/Caucasian,"40,000 – 49,999",2-year College Degree,NA,NA,NA,NA,NA,NA,NA,NA,NA,NA,NA,NA,NA,NA,NA,NA,NA,NA,,,NA,NA,NA,NA,NA,NA,NA,NA,NA,NA,NA,NA,NA,NA,NA,NA,NA,NA,NA,NA,NA,NA,NA,NA,NA,NA,NA,NA,NA,2,1,1,,NA,NA,NA
Male,White/Caucasian,"90,000 – 99,999",4-year College Degree,Democrat,NA,NA,Strong Democrat,40,Yes,Yes,Yes,TRUE,TRUE,FALSE,TRUE,TRUE,FALSE,FALSE,FALSE,FALSE,FALSE,100,100,Somewhat agree,Somewhat disagree,Strongly disagree,No,No,5 - A great deal,1- Very unlike me,1- Very unlike me,1- Very unlike me,1- Very unlike me,1- Very unlike me,1- Very unlike me,5- Very like me,1- Very unlike me,1- Very unlike me,1- Very unlike me,1- Very unlike me,1- Very unlike me,Georgia,Strongly support,Justified,No,NA,NA,NA,NA,NA,NA,NA,1,1,1,1,Republican,Democrat,NA
Male,White/Caucasian,"100,000 or more",Masters Degree,Democrat,NA,NA,Strong Democrat,45,Yes,Yes,Yes,TRUE,FALSE,FALSE,TRUE,FALSE,TRUE,FALSE,FALSE,FALSE,FALSE,96,96,Strongly agree,Somewhat disagree,Strongly agree,Yes,No,5 - A great deal,5- Very like me,5- Very like me,4,5- Very like me,4,5- Very like me,5- Very like me,4,4,3,5- Very like me,5- Very like me,NA,NA,NA,NA,NA,NA,NA,NA,Washington,Community service,Strongly support,2,2,1,1,Republican,Democrat,assault
Female,White/Caucasian,"30,000 – 39,999",4-year College Degree,Democrat,NA,NA,Strong Democrat,60,No,No,Yes,TRUE,TRUE,TRUE,TRUE,TRUE,TRUE,TRUE,TRUE,FALSE,FALSE,50,50,Neither agree nor disagree,Strongly disagree,Neither agree nor disagree,No,No,1 - Not at all,1- Very unlike me,1- Very unlike me,3,3,1- Very unlike me,1- Very unlike me,3,1- Very unlike me,1- Very unlike me,1- Very unlike me,1- Very unlike me,2,Florida,Strongly oppose,Unjustified,Yes,NA,NA,NA,NA,NA,NA,NA,1,2,1,1,Republican,Democrat,NA
Male,White/Caucasian,"Less than 30,000",Some College,Republican,NA,Not a strong Republican,NA,37,No,No,No,FALSE,TRUE,TRUE,FALSE,TRUE,TRUE,TRUE,TRUE,FALSE,TRUE,0,31,Neither agree nor disagree,Strongly agree,Strongly agree,Yes,Yes,5 - A great deal,2,5- Very like me,4,3,4,5- Very like me,1- Very unlike me,1- Very unlike me,1- Very unlike me,1- Very unlike me,2,3,NA,NA,NA,NA,NA,NA,NA,NA,California,16 - 20 years in prison,Neither support nor oppose,2,2,1,1,Democrat,Republican,murder
Male,White/Caucasian,"100,000 or more",Masters Degree,Democrat,NA,NA,Strong Democrat,35,Yes,Yes,Yes,TRUE,TRUE,TRUE,TRUE,TRUE,TRUE,TRUE,TRUE,TRUE,TRUE,82,100,Strongly agree,Strongly agree,Strongly agree,Yes,No,5 - A great deal,5- Very like me,3,5- Very like me,3,5- Very like me,3,5- Very like me,2,4,5- Very like me,2,5- Very like me,NA,NA,NA,NA,NA,NA,NA,NA,Alaska,4 - 6 months in jail,Strongly oppose,2,1,1,1,Republican,Democrat,assault with a deadly weapon
Male,White/Caucasian,"30,000 – 39,999",High School / GED,Republican,NA,Strong Republican,NA,27,No,No,Yes,TRUE,TRUE,TRUE,TRUE,TRUE,FALSE,FALSE,FALSE,FALSE,FALSE,29,100,Strongly disagree,Strongly disagree,Strongly disagree,No,No,1 - Not at all,3,1- Very unlike me,1- Very unlike me,3,1- Very unlike me,1- Very unlike me,1- Very unlike me,1- Very unlike me,1- Very unlike me,2,1- Very unlike me,1- Very unlike me,NA,NA,NA,NA,NA,NA,NA,NA,Louisiana,Community service,Neither support nor oppose,2,2,2,1,Democrat,Republican,vandalism
Male,White/Caucasian,"100,000 or more",Masters Degree,Independent,Republican Party,NA,NA,35,NA,NA,NA,FALSE,TRUE,FALSE,FALSE,TRUE,FALSE,TRUE,FALSE,TRUE,TRUE,100,100,Strongly agree,Strongly agree,Strongly agree,Yes,Yes,2,5- Very like me,5- Very like me,5- Very like me,5- Very like me,5- Very like me,5- Very like me,5- Very like me,5- Very like me,5- Very like me,5- Very like me,5- Very like me,5- Very like me,NA,NA,NA,NA,NA,NA,NA,NA,Oregon,1 - 3 days in jail,Strongly support,2,1,2,1,Democrat,Republican,assault
Male,White/Caucasian,"Less than 30,000",Some College,Democrat,NA,NA,Strong Democrat,23,No,No,Yes,FALSE,TRUE,TRUE,TRUE,TRUE,FALSE,FALSE,TRUE,TRUE,FALSE,100,0,Neither agree nor disagree,Neither agree nor disagree,Neither agree nor disagree,No,No,2,1- Very unlike me,3,4,3,1- Very unlike me,2,1- Very unlike me,1- Very unlike me,2,1- Very unlike me,1- Very unlike me,1- Very unlike me,NA,NA,NA,NA,Oregon,Strongly oppose,Unjustified,Yes,NA,NA,NA,1,2,2,1,Republican,Democrat,NA
Male,White/Caucasian,"70,000 – 79,999",Masters Degree,Democrat,NA,NA,Not a strong Democrat,73,No,Yes,Yes,FALSE,TRUE,TRUE,TRUE,TRUE,FALSE,FALSE,TRUE,FALSE,TRUE,95,0,Strongly agree,Somewhat disagree,Neither agree nor disagree,No,Yes,2,4,2,2,4,2,4,1- Very unlike me,1- Very unlike me,3,2,3,1- Very unlike me,NA,NA,NA,NA,Oregon,Support,Unjustified,Yes,NA,NA,NA,1,2,2,1,Republican,Democrat,NA
Female,White/Caucasian,"60,000 – 69,999",2-year College Degree,Democrat,NA,NA,Strong Democrat,45,No,No,Yes,TRUE,TRUE,TRUE,TRUE,TRUE,FALSE,TRUE,TRUE,TRUE,TRUE,85,30,Somewhat disagree,Strongly disagree,Somewhat disagree,No,No,1 - Not at all,2,3,4,4,3,4,4,1- Very unlike me,2,3,5- Very like me,3,NA,NA,NA,NA,Oregon,Strongly oppose,Unjustified,Yes,NA,NA,NA,1,1,2,1,Republican,Democrat,NA
Female,White/Caucasian,"40,000 – 49,999",Some College,Democrat,NA,NA,Strong Democrat,23,No,No,Yes,FALSE,TRUE,TRUE,TRUE,TRUE,TRUE,FALSE,TRUE,TRUE,TRUE,100,0,Strongly agree,Neither agree nor disagree,Neither agree nor disagree,No,Yes,1 - Not at all,5- Very like me,2,2,4,2,2,4,4,2,4,3,4,Florida,Neither support nor oppose,Unjustified,Yes,NA,NA,NA,NA,NA,NA,NA,1,2,1,1,Republican,Democrat,NA
Male,White/Caucasian,"40,000 – 49,999",4-year College Degree,Independent,Republican Party,NA,NA,58,No,No,Yes,FALSE,FALSE,TRUE,TRUE,TRUE,FALSE,FALSE,TRUE,TRUE,TRUE,70,91,Strongly disagree,Strongly disagree,Strongly disagree,No,No,1 - Not at all,1- Very unlike me,1- Very unlike me,1- Very unlike me,1- Very unlike me,1- Very unlike me,3,1- Very unlike me,1- Very unlike me,1- Very unlike me,1- Very unlike me,1- Very unlike me,1- Very unlike me,NA,NA,NA,NA,NA,NA,NA,NA,California,6 - 10 years in prison,Strongly oppose,2,1,1,1,Democrat,Republican,assault with a deadly weapon
Male,White/Caucasian,"100,000 or more",Masters Degree,Democrat,NA,NA,Strong Democrat,45,NA,NA,NA,TRUE,TRUE,FALSE,TRUE,TRUE,TRUE,TRUE,FALSE,FALSE,FALSE,86,83,Somewhat agree,Strongly agree,Somewhat agree,Yes,Yes,4,4,4,5- Very like me,4,4,3,4,4,4,5- Very like me,4,4,NA,NA,NA,NA,NA,NA,NA,NA,Oregon,4 - 6 months in jail,Support,2,1,2,1,Republican,Democrat,assault with a deadly weapon
Female,White/Caucasian,"100,000 or more",4-year College Degree,Republican,NA,Strong Republican,NA,40,NA,NA,NA,FALSE,TRUE,TRUE,FALSE,FALSE,FALSE,TRUE,FALSE,TRUE,FALSE,0,100,Neither agree nor disagree,Somewhat agree,Neither agree nor disagree,No,Yes,3,2,2,4,4,1- Very unlike me,4,3,4,4,1- Very unlike me,3,3,NA,NA,NA,NA,NA,NA,NA,NA,Louisiana,4 - 30 days in jail,Neither support nor oppose,2,1,2,1,Democrat,Republican,vandalism
Male,White/Caucasian,"100,000 or more",Masters Degree,Democrat,NA,NA,Strong Democrat,38,No,Yes,Yes,FALSE,FALSE,TRUE,TRUE,FALSE,FALSE,TRUE,FALSE,TRUE,TRUE,75,83,Strongly agree,Strongly disagree,Somewhat agree,No,Yes,5 - A great deal,3,4,4,3,4,3,4,3,3,4,5- Very like me,4,NA,NA,NA,NA,NA,NA,NA,NA,Oregon,4 - 6 months in jail,Support,2,1,1,1,Republican,Democrat,assault
Male,White/Caucasian,"100,000 or more",4-year College Degree,Democrat,NA,NA,Strong Democrat,40,Yes,Yes,Yes,TRUE,TRUE,TRUE,TRUE,TRUE,TRUE,FALSE,TRUE,FALSE,FALSE,100,90,Strongly agree,Somewhat agree,Somewhat disagree,No,No,1 - Not at all,1- Very unlike me,3,5- Very like me,4,3,4,1- Very unlike me,1- Very unlike me,1- Very unlike me,1- Very unlike me,5- Very like me,4,Florida,Strongly oppose,Unjustified,Yes,NA,NA,NA,NA,NA,NA,NA,1,2,1,1,Republican,Democrat,NA
Male,White/Caucasian,"100,000 or more",Masters Degree,Democrat,NA,NA,Strong Democrat,35,Yes,Yes,Yes,TRUE,TRUE,TRUE,TRUE,TRUE,TRUE,TRUE,TRUE,TRUE,TRUE,100,100,Strongly agree,Strongly agree,Strongly agree,Yes,Yes,5 - A great deal,5- Very like me,5- Very like me,5- Very like me,5- Very like me,5- Very like me,5- Very like me,5- Very like me,5- Very like me,5- Very like me,5- Very like me,5- Very like me,5- Very like me,NA,NA,NA,NA,NA,NA,NA,NA,Oregon,4 - 6 months in jail,Strongly support,2,2,2,1,Republican,Democrat,assault with a deadly weapon
Male,White/Caucasian,"90,000 – 99,999",Masters Degree,Democrat,NA,NA,Strong Democrat,63,Yes,Yes,Yes,FALSE,TRUE,TRUE,FALSE,TRUE,TRUE,FALSE,TRUE,FALSE,FALSE,90,20,Neither agree nor disagree,Strongly disagree,Neither agree nor disagree,No,No,1 - Not at all,1- Very unlike me,2,2,1- Very unlike me,2,1- Very unlike me,1- Very unlike me,1- Very unlike me,1- Very unlike me,1- Very unlike me,1- Very unlike me,1- Very unlike me,Florida,Support,Unjustified,Yes,NA,NA,NA,NA,NA,NA,NA,1,2,1,1,Republican,Democrat,NA
Male,White/Caucasian,"60,000 – 69,999",Some College,Democrat,NA,NA,Not a strong Democrat,91,NA,NA,NA,TRUE,FALSE,TRUE,TRUE,TRUE,TRUE,FALSE,FALSE,FALSE,FALSE,71,34,Neither agree nor disagree,Somewhat disagree,Neither agree nor disagree,No,Yes,1 - Not at all,2,3,1- Very unlike me,1- Very unlike me,3,2,1- Very unlike me,1- Very unlike me,2,1- Very unlike me,1- Very unlike me,1- Very unlike me,Florida,Neither support nor oppose,Unjustified,Yes,NA,NA,NA,NA,NA,NA,NA,1,1,1,1,Republican,Democrat,NA
Female,White/Caucasian,"Less than 30,000",Some College,Republican,NA,Not a strong Republican,NA,56,No,No,No,FALSE,TRUE,TRUE,TRUE,TRUE,FALSE,FALSE,TRUE,FALSE,FALSE,37,90,Neither agree nor disagree,Somewhat agree,Somewhat disagree,No,No,1 - Not at all,1- Very unlike me,2,3,2,2,3,3,1- Very unlike me,2,2,3,2,Nevada,Strongly oppose,Unjustified,Yes,NA,NA,NA,NA,NA,NA,NA,1,2,1,1,Democrat,Republican,NA
Female,White/Caucasian,"Less than 30,000",High School / GED,Republican,NA,Strong Republican,NA,28,NA,NA,NA,FALSE,TRUE,FALSE,TRUE,TRUE,FALSE,FALSE,FALSE,FALSE,TRUE,0,100,Strongly disagree,Strongly agree,Somewhat agree,No,No,3,4,3,1- Very unlike me,5- Very like me,4,1- Very unlike me,4,2,3,5- Very like me,1- Very unlike me,3,NA,NA,NA,NA,NA,NA,NA,NA,Louisiana,Community service,Support,2,1,1,1,Democrat,Republican,assault
Male,White/Caucasian,"100,000 or more",Doctoral Degree,Democrat,NA,NA,Strong Democrat,35,Yes,Yes,Yes,TRUE,TRUE,TRUE,TRUE,TRUE,TRUE,TRUE,TRUE,FALSE,FALSE,100,8,Somewhat agree,Strongly disagree,Strongly disagree,No,No,5 - A great deal,4,1- Very unlike me,5- Very like me,5- Very like me,1- Very unlike me,3,1- Very unlike me,1- Very unlike me,3,1- Very unlike me,5- Very like me,1- Very unlike me,NA,NA,NA,NA,Oregon,Oppose,Unjustified,Yes,NA,NA,NA,1,2,2,1,Republican,Democrat,NA
Male,White/Caucasian,"80,000 – 89,999","Professional Degree (JD, MD)",Republican,NA,Strong Republican,NA,40,NA,NA,NA,TRUE,TRUE,FALSE,TRUE,TRUE,FALSE,FALSE,FALSE,FALSE,FALSE,66,65,Strongly agree,Somewhat agree,Strongly agree,No,Yes,5 - A great deal,4,3,5- Very like me,3,3,3,4,5- Very like me,5- Very like me,4,5- Very like me,4,NA,NA,NA,NA,NA,NA,NA,NA,Oregon,2 - 3 months in jail,Oppose,2,1,1,1,Democrat,Republican,murder
Male,White/Caucasian,"70,000 – 79,999",2-year College Degree,Republican,NA,Strong Republican,NA,71,No,Yes,Yes,FALSE,TRUE,TRUE,FALSE,TRUE,FALSE,TRUE,TRUE,TRUE,FALSE,18,76,Neither agree nor disagree,Somewhat disagree,Neither agree nor disagree,No,No,1 - Not at all,4,3,3,1- Very unlike me,1- Very unlike me,3,2,1- Very unlike me,2,1- Very unlike me,1- Very unlike me,1- Very unlike me,NA,NA,NA,NA,NA,NA,NA,NA,Oregon,7 months to 1 year in jail,Oppose,2,2,1,1,Democrat,Republican,assault with a deadly weapon
Female,White/Caucasian,"40,000 – 49,999",4-year College Degree,Democrat,NA,NA,Strong Democrat,52,No,No,Yes,FALSE,FALSE,TRUE,TRUE,TRUE,TRUE,TRUE,FALSE,FALSE,TRUE,85,31,Strongly agree,Somewhat agree,Neither agree nor disagree,Yes,No,3,4,5- Very like me,2,3,4,4,3,2,1- Very unlike me,4,5- Very like me,2,NA,NA,NA,NA,Oregon,Support,Justified,Yes,NA,NA,NA,1,2,2,1,Republican,Democrat,NA
Male,White/Caucasian,"100,000 or more",High School / GED,Republican,NA,Strong Republican,NA,74,No,No,Yes,FALSE,TRUE,TRUE,TRUE,TRUE,TRUE,FALSE,FALSE,TRUE,FALSE,55,92,Strongly disagree,Strongly disagree,Strongly disagree,No,No,1 - Not at all,1- Very unlike me,5- Very like me,5- Very like me,1- Very unlike me,1- Very unlike me,3,1- Very unlike me,1- Very unlike me,1- Very unlike me,1- Very unlike me,2,1- Very unlike me,NA,NA,NA,NA,NA,NA,NA,NA,Oregon,2 - 5 years in prison,Oppose,2,1,1,1,Democrat,Republican,arson
Male,White/Caucasian,"100,000 or more",Masters Degree,Democrat,NA,NA,Strong Democrat,40,Yes,Yes,Yes,TRUE,TRUE,TRUE,TRUE,FALSE,TRUE,TRUE,TRUE,FALSE,TRUE,85,81,Strongly agree,Strongly agree,Somewhat agree,No,No,4,5- Very like me,4,4,5- Very like me,5- Very like me,4,4,5- Very like me,3,5- Very like me,4,4,NA,NA,NA,NA,NA,NA,NA,NA,Washington,2 - 3 months in jail,Neither support nor oppose,2,2,1,1,Republican,Democrat,assault with a deadly weapon
Female,White/Caucasian,"Less than 30,000",2-year College Degree,Independent,Neither,NA,NA,NA,NA,NA,NA,NA,NA,NA,NA,NA,NA,NA,NA,NA,NA,,,NA,NA,NA,NA,NA,NA,NA,NA,NA,NA,NA,NA,NA,NA,NA,NA,NA,NA,NA,NA,NA,NA,NA,NA,NA,NA,NA,NA,NA,2,1,1,2,NA,NA,NA
Male,White/Caucasian,"90,000 – 99,999",High School / GED,Democrat,NA,NA,Not a strong Democrat,81,NA,NA,NA,NA,NA,NA,NA,NA,NA,NA,NA,NA,NA,,,NA,NA,NA,NA,NA,NA,NA,NA,NA,NA,NA,NA,NA,NA,NA,NA,NA,NA,NA,NA,NA,NA,NA,NA,NA,NA,NA,NA,NA,2,2,2,2,NA,NA,NA
Male,White/Caucasian,"100,000 or more",Masters Degree,Democrat,NA,NA,Strong Democrat,32,NA,NA,NA,FALSE,FALSE,FALSE,TRUE,TRUE,TRUE,TRUE,TRUE,TRUE,TRUE,78,95,Strongly agree,Strongly agree,Strongly agree,Yes,Yes,5 - A great deal,5- Very like me,5- Very like me,5- Very like me,5- Very like me,5- Very like me,5- Very like me,5- Very like me,5- Very like me,5- Very like me,5- Very like me,5- Very like me,5- Very like me,NA,NA,NA,NA,NA,NA,NA,NA,California,6 - 10 years in prison,Strongly support,2,2,2,1,Republican,Democrat,murder
Male,White/Caucasian,"100,000 or more",Masters Degree,Democrat,NA,NA,Strong Democrat,45,Yes,Yes,Yes,TRUE,TRUE,TRUE,TRUE,TRUE,FALSE,FALSE,FALSE,FALSE,FALSE,92,91,Somewhat disagree,Somewhat disagree,Somewhat disagree,No,No,1 - Not at all,2,2,3,2,2,2,2,2,2,2,2,2,NA,NA,NA,NA,Washington,Oppose,Unjustified,Yes,NA,NA,NA,1,1,2,1,Republican,Democrat,NA
Female,White/Caucasian,"70,000 – 79,999",Some College,Republican,NA,Strong Republican,NA,32,NA,NA,NA,FALSE,TRUE,FALSE,TRUE,TRUE,FALSE,FALSE,FALSE,FALSE,FALSE,82,71,Somewhat agree,Somewhat agree,Neither agree nor disagree,No,No,4,2,4,3,2,4,3,2,3,4,3,2,3,South Carolina,Strongly support,Justified,No,NA,NA,NA,NA,NA,NA,NA,1,1,1,1,Democrat,Republican,NA
Female,White/Caucasian,"Less than 30,000",Some College,Independent,Neither,NA,NA,NA,NA,NA,NA,NA,NA,NA,NA,NA,NA,NA,NA,NA,NA,,,NA,NA,NA,NA,NA,NA,NA,NA,NA,NA,NA,NA,NA,NA,NA,NA,NA,NA,NA,NA,NA,NA,NA,NA,NA,NA,NA,NA,NA,1,2,2,2,NA,NA,NA
Male,White/Caucasian,"100,000 or more",Masters Degree,Democrat,NA,NA,Not a strong Democrat,45,NA,NA,NA,FALSE,TRUE,TRUE,TRUE,TRUE,TRUE,FALSE,TRUE,TRUE,FALSE,72,51,Neither agree nor disagree,Neither agree nor disagree,Neither agree nor disagree,No,No,2,5- Very like me,2,3,5- Very like me,3,2,2,1- Very unlike me,4,1- Very unlike me,3,3,Florida,Neither support nor oppose,Unjustified,Yes,NA,NA,NA,NA,NA,NA,NA,1,2,1,1,Republican,Democrat,NA
Female,White/Caucasian,"30,000 – 39,999",High School / GED,Democrat,NA,NA,Strong Democrat,57,NA,NA,NA,FALSE,TRUE,TRUE,TRUE,TRUE,FALSE,TRUE,TRUE,TRUE,FALSE,100,0,Neither agree nor disagree,Somewhat disagree,Neither agree nor disagree,No,No,1 - Not at all,1- Very unlike me,5- Very like me,3,1- Very unlike me,2,3,1- Very unlike me,1- Very unlike me,1- Very unlike me,1- Very unlike me,1- Very unlike me,1- Very unlike me,NA,NA,NA,NA,NA,NA,NA,NA,California,Community service,Neither support nor oppose,2,2,1,1,Republican,Democrat,vandalism
Female,White/Caucasian,"40,000 – 49,999",High School / GED,Republican,NA,Not a strong Republican,NA,30,No,No,Yes,FALSE,FALSE,TRUE,TRUE,TRUE,FALSE,TRUE,TRUE,TRUE,TRUE,30,74,Neither agree nor disagree,Strongly disagree,Neither agree nor disagree,No,No,1 - Not at all,2,3,2,4,2,2,1- Very unlike me,3,2,2,2,2,NA,NA,NA,NA,NA,NA,NA,NA,Oregon,2 - 5 years in prison,Strongly oppose,2,2,2,1,Democrat,Republican,arson
Male,White/Caucasian,"40,000 – 49,999",High School / GED,Republican,NA,Strong Republican,NA,43,No,No,No,FALSE,FALSE,TRUE,TRUE,TRUE,TRUE,TRUE,TRUE,TRUE,TRUE,0,86,Neither agree nor disagree,Neither agree nor disagree,Neither agree nor disagree,Yes,Yes,4,3,3,4,5- Very like me,4,2,2,4,3,3,3,3,NA,NA,NA,NA,NA,NA,NA,NA,Florida,More than 20 years in prison,Neither support nor oppose,2,2,2,1,Democrat,Republican,arson
Male,White/Caucasian,"90,000 – 99,999",4-year College Degree,Republican,NA,Strong Republican,NA,45,No,Yes,Yes,TRUE,TRUE,TRUE,FALSE,TRUE,FALSE,FALSE,FALSE,TRUE,TRUE,31,88,Neither agree nor disagree,Somewhat disagree,Neither agree nor disagree,No,No,2,3,2,3,2,2,2,3,2,3,2,3,2,NA,NA,NA,NA,NA,NA,NA,NA,Oregon,7 months to 1 year in jail,Oppose,2,1,2,1,Democrat,Republican,assault with a deadly weapon
Male,White/Caucasian,"90,000 – 99,999",4-year College Degree,Republican,NA,Not a strong Republican,NA,36,No,No,Yes,FALSE,TRUE,TRUE,TRUE,TRUE,FALSE,TRUE,TRUE,TRUE,FALSE,0,80,Neither agree nor disagree,Somewhat disagree,Neither agree nor disagree,No,No,1 - Not at all,1- Very unlike me,2,3,4,1- Very unlike me,2,1- Very unlike me,1- Very unlike me,1- Very unlike me,1- Very unlike me,2,1- Very unlike me,NA,NA,NA,NA,NA,NA,NA,NA,Oregon,Community service,Strongly support,2,2,1,1,Democrat,Republican,protesting without a permit
Male,White/Caucasian,"100,000 or more","Professional Degree (JD, MD)",Democrat,NA,NA,Strong Democrat,25,Yes,Yes,Yes,FALSE,TRUE,TRUE,TRUE,TRUE,TRUE,TRUE,FALSE,TRUE,TRUE,99,95,Strongly agree,Neither agree nor disagree,Neither agree nor disagree,Yes,Yes,5 - A great deal,5- Very like me,3,5- Very like me,3,3,5- Very like me,2,5- Very like me,3,3,2,4,NA,NA,NA,NA,NA,NA,NA,NA,Florida,7 months to 1 year in jail,Support,2,1,2,1,Republican,Democrat,murder
Female,White/Caucasian,"Less than 30,000",2-year College Degree,Independent,Democratic Party,NA,NA,24,No,No,No,FALSE,FALSE,FALSE,FALSE,FALSE,FALSE,FALSE,FALSE,FALSE,FALSE,100,11,Neither agree nor disagree,Neither agree nor disagree,Neither agree nor disagree,No,No,1 - Not at all,3,3,3,3,3,3,2,2,3,3,3,3,NA,NA,NA,NA,NA,NA,NA,NA,NA,More than 20 years in prison,Neither support nor oppose,2,2,2,1,Republican,Democrat,assault with a deadly weapon
Male,White/Caucasian,"60,000 – 69,999",4-year College Degree,Republican,NA,Strong Republican,NA,77,No,No,Yes,TRUE,TRUE,TRUE,TRUE,TRUE,TRUE,FALSE,FALSE,FALSE,FALSE,5,90,Neither agree nor disagree,Somewhat agree,Somewhat agree,No,No,1 - Not at all,1- Very unlike me,3,1- Very unlike me,1- Very unlike me,3,1- Very unlike me,1- Very unlike me,1- Very unlike me,1- Very unlike me,1- Very unlike me,1- Very unlike me,1- Very unlike me,NA,NA,NA,NA,NA,NA,NA,NA,California,4 - 30 days in jail,Strongly oppose,2,2,1,1,Democrat,Republican,assault with a deadly weapon
Female,White/Caucasian,"Less than 30,000",High School / GED,Republican,NA,Not a strong Republican,NA,49,NA,NA,NA,NA,NA,NA,NA,NA,NA,NA,NA,NA,NA,,,NA,NA,NA,NA,NA,NA,NA,NA,NA,NA,NA,NA,NA,NA,NA,NA,NA,NA,NA,NA,NA,NA,NA,NA,NA,NA,NA,NA,NA,2,2,2,2,NA,NA,NA
Male,White/Caucasian,"70,000 – 79,999",4-year College Degree,Republican,NA,Strong Republican,NA,31,No,No,Yes,FALSE,FALSE,FALSE,FALSE,TRUE,TRUE,TRUE,TRUE,TRUE,TRUE,19,90,Neither agree nor disagree,Somewhat disagree,Somewhat disagree,No,No,1 - Not at all,1- Very unlike me,2,2,2,1- Very unlike me,2,1- Very unlike me,2,1- Very unlike me,1- Very unlike me,1- Very unlike me,1- Very unlike me,NA,NA,NA,NA,NA,NA,NA,NA,Oregon,More than 20 years in prison,Strongly oppose,2,2,1,1,Democrat,Republican,murder
Male,White/Caucasian,"100,000 or more",4-year College Degree,Republican,NA,Strong Republican,NA,35,No,No,Yes,TRUE,TRUE,TRUE,TRUE,FALSE,TRUE,TRUE,TRUE,TRUE,TRUE,30,100,Strongly disagree,Strongly disagree,Strongly disagree,No,No,1 - Not at all,1- Very unlike me,5- Very like me,3,2,2,3,3,1- Very unlike me,1- Very unlike me,3,1- Very unlike me,2,NA,NA,NA,NA,NA,NA,NA,NA,California,4 - 30 days in jail,Support,2,1,2,1,Democrat,Republican,murder
Female,White/Caucasian,"50,000 – 59,999",Some College,Other,Republican Party,NA,NA,52,No,No,No,FALSE,TRUE,TRUE,TRUE,TRUE,FALSE,TRUE,FALSE,FALSE,TRUE,0,85,Somewhat agree,Strongly disagree,Neither agree nor disagree,No,No,1 - Not at all,3,3,3,4,2,2,1- Very unlike me,1- Very unlike me,1- Very unlike me,1- Very unlike me,1- Very unlike me,1- Very unlike me,Florida,Strongly oppose,Unjustified,Yes,NA,NA,NA,NA,NA,NA,NA,1,1,1,1,Democrat,Republican,NA
Female,White/Caucasian,"100,000 or more",2-year College Degree,Democrat,NA,NA,Strong Democrat,64,No,No,No,FALSE,TRUE,TRUE,FALSE,TRUE,TRUE,TRUE,FALSE,TRUE,TRUE,98,19,Strongly disagree,Somewhat agree,Somewhat disagree,No,Yes,1 - Not at all,4,5- Very like me,5- Very like me,2,5- Very like me,4,3,1- Very unlike me,5- Very like me,3,1- Very unlike me,1- Very unlike me,NA,NA,NA,NA,NA,NA,NA,NA,Oregon,4 - 30 days in jail,Neither support nor oppose,2,2,2,1,Republican,Democrat,assault
Male,White/Caucasian,"100,000 or more",Masters Degree,Republican,NA,Strong Republican,NA,71,No,Yes,No,FALSE,TRUE,TRUE,TRUE,TRUE,FALSE,FALSE,TRUE,FALSE,FALSE,39,72,Neither agree nor disagree,Strongly disagree,Neither agree nor disagree,No,No,1 - Not at all,4,3,1- Very unlike me,1- Very unlike me,1- Very unlike me,1- Very unlike me,1- Very unlike me,1- Very unlike me,1- Very unlike me,1- Very unlike me,1- Very unlike me,1- Very unlike me,NA,NA,NA,NA,NA,NA,NA,NA,Oregon,More than 20 years in prison,Strongly oppose,2,1,1,1,Democrat,Republican,murder
Female,Native American,"Less than 30,000",2-year College Degree,Republican,NA,Strong Republican,NA,31,No,No,Yes,FALSE,TRUE,TRUE,TRUE,TRUE,FALSE,FALSE,TRUE,TRUE,FALSE,0,100,Neither agree nor disagree,Strongly agree,Neither agree nor disagree,No,No,5 - A great deal,3,3,5- Very like me,5- Very like me,3,5- Very like me,2,3,3,3,3,3,NA,NA,NA,NA,NA,NA,NA,NA,Alaska,Community service,Strongly support,2,1,1,1,Democrat,Republican,protesting without a permit
Male,White/Caucasian,"80,000 – 89,999",4-year College Degree,Republican,NA,Strong Republican,NA,74,No,Yes,Yes,FALSE,TRUE,TRUE,FALSE,TRUE,FALSE,FALSE,FALSE,FALSE,FALSE,9,81,Neither agree nor disagree,Somewhat disagree,Neither agree nor disagree,No,No,1 - Not at all,1- Very unlike me,3,1- Very unlike me,1- Very unlike me,2,1- Very unlike me,1- Very unlike me,1- Very unlike me,1- Very unlike me,2,2,1- Very unlike me,NA,NA,NA,NA,NA,NA,NA,NA,Oregon,4 - 30 days in jail,Oppose,2,2,2,1,Democrat,Republican,protesting without a permit
Male,White/Caucasian,"70,000 – 79,999",4-year College Degree,Democrat,NA,NA,Strong Democrat,38,NA,NA,NA,TRUE,TRUE,TRUE,TRUE,TRUE,TRUE,TRUE,TRUE,TRUE,TRUE,80,79,Strongly agree,Somewhat agree,Neither agree nor disagree,Yes,No,3,4,4,4,4,4,4,4,4,4,4,4,4,NA,NA,NA,NA,NA,NA,NA,NA,Texas,1 - 3 days in jail,Support,2,1,1,1,Republican,Democrat,vandalism
Male,White/Caucasian,"100,000 or more","Professional Degree (JD, MD)",Democrat,NA,NA,Strong Democrat,35,NA,NA,NA,FALSE,TRUE,FALSE,FALSE,TRUE,FALSE,TRUE,TRUE,TRUE,FALSE,89,100,Somewhat agree,Somewhat agree,Somewhat agree,Yes,No,5 - A great deal,5- Very like me,4,4,5- Very like me,5- Very like me,4,4,5- Very like me,4,4,5- Very like me,5- Very like me,NA,NA,NA,NA,NA,NA,NA,NA,Washington,Community service,Support,2,2,2,1,Republican,Democrat,murder
Male,White/Caucasian,"100,000 or more","Professional Degree (JD, MD)",Democrat,NA,NA,Strong Democrat,36,NA,NA,NA,FALSE,TRUE,TRUE,TRUE,TRUE,FALSE,FALSE,FALSE,FALSE,TRUE,68,64,Somewhat disagree,Strongly disagree,Somewhat disagree,No,No,1 - Not at all,2,2,1- Very unlike me,2,1- Very unlike me,2,1- Very unlike me,3,2,1- Very unlike me,1- Very unlike me,1- Very unlike me,Florida,Strongly oppose,Unjustified,Yes,NA,NA,NA,NA,NA,NA,NA,1,1,1,1,Republican,Democrat,NA
Female,White/Caucasian,"Less than 30,000",Some College,Democrat,NA,NA,Not a strong Democrat,20,NA,NA,NA,NA,NA,NA,NA,NA,NA,NA,NA,NA,NA,,,NA,NA,NA,NA,NA,NA,NA,NA,NA,NA,NA,NA,NA,NA,NA,NA,NA,NA,NA,NA,NA,NA,NA,NA,NA,NA,NA,NA,NA,2,1,1,2,NA,NA,NA
Male,White/Caucasian,"80,000 – 89,999",Some College,Democrat,NA,NA,Strong Democrat,22,Yes,No,Yes,TRUE,FALSE,TRUE,TRUE,TRUE,TRUE,TRUE,FALSE,TRUE,TRUE,90,16,Somewhat agree,Strongly disagree,Neither agree nor disagree,Yes,Yes,4,5- Very like me,4,2,5- Very like me,3,3,5- Very like me,4,4,5- Very like me,4,5- Very like me,Florida,Strongly oppose,Unjustified,Yes,NA,NA,NA,NA,NA,NA,NA,1,2,1,1,Republican,Democrat,NA
Female,White/Caucasian,"100,000 or more",Masters Degree,Democrat,NA,NA,Strong Democrat,35,NA,NA,NA,TRUE,FALSE,TRUE,FALSE,TRUE,FALSE,FALSE,TRUE,FALSE,TRUE,51,63,Neither agree nor disagree,Neither agree nor disagree,Somewhat disagree,No,No,1 - Not at all,3,1- Very unlike me,2,3,3,3,2,3,4,3,3,3,NA,NA,NA,NA,NA,NA,NA,NA,Washington,1 - 3 days in jail,Neither support nor oppose,2,2,1,1,Republican,Democrat,protesting without a permit
Female,White/Caucasian,"Less than 30,000",High School / GED,Republican,NA,Not a strong Republican,NA,20,No,No,Yes,TRUE,TRUE,TRUE,TRUE,TRUE,FALSE,FALSE,FALSE,FALSE,FALSE,0,100,Neither agree nor disagree,Somewhat disagree,Neither agree nor disagree,No,No,1 - Not at all,1- Very unlike me,3,2,3,2,2,1- Very unlike me,1- Very unlike me,1- Very unlike me,1- Very unlike me,2,1- Very unlike me,NA,NA,NA,NA,NA,NA,NA,NA,Oregon,More than 20 years in prison,Strongly oppose,2,1,2,1,Democrat,Republican,murder
Male,White/Caucasian,"100,000 or more",Masters Degree,Republican,NA,Not a strong Republican,NA,69,NA,NA,NA,FALSE,FALSE,TRUE,TRUE,FALSE,FALSE,FALSE,TRUE,FALSE,FALSE,81,82,Neither agree nor disagree,Somewhat disagree,Neither agree nor disagree,No,No,1 - Not at all,4,3,3,1- Very unlike me,1- Very unlike me,1- Very unlike me,1- Very unlike me,1- Very unlike me,2,1- Very unlike me,1- Very unlike me,1- Very unlike me,Florida,Oppose,Unjustified,Yes,NA,NA,NA,NA,NA,NA,NA,1,1,1,1,Democrat,Republican,NA
Male,White/Caucasian,"100,000 or more",Masters Degree,Republican,NA,Strong Republican,NA,82,NA,NA,NA,NA,NA,NA,NA,NA,NA,NA,NA,NA,NA,,,NA,NA,NA,NA,NA,NA,NA,NA,NA,NA,NA,NA,NA,NA,NA,NA,NA,NA,NA,NA,NA,NA,NA,NA,NA,NA,NA,NA,NA,2,2,2,2,NA,NA,NA
Male,White/Caucasian,"100,000 or more",Masters Degree,Democrat,NA,NA,Strong Democrat,42,Yes,Yes,Yes,TRUE,TRUE,TRUE,TRUE,TRUE,TRUE,TRUE,TRUE,TRUE,TRUE,100,100,Strongly agree,Strongly agree,Strongly agree,Yes,Yes,5 - A great deal,5- Very like me,5- Very like me,5- Very like me,5- Very like me,5- Very like me,5- Very like me,5- Very like me,5- Very like me,5- Very like me,5- Very like me,5- Very like me,5- Very like me,NA,NA,NA,NA,NA,NA,NA,NA,Florida,Community service,Strongly support,2,2,2,1,Republican,Democrat,vandalism
Female,White/Caucasian,"80,000 – 89,999",2-year College Degree,Republican,NA,Strong Republican,NA,48,Yes,Yes,Yes,TRUE,TRUE,TRUE,TRUE,TRUE,FALSE,FALSE,TRUE,FALSE,FALSE,29,78,Neither agree nor disagree,Strongly disagree,Neither agree nor disagree,No,No,1 - Not at all,1- Very unlike me,1- Very unlike me,1- Very unlike me,1- Very unlike me,1- Very unlike me,2,1- Very unlike me,1- Very unlike me,1- Very unlike me,1- Very unlike me,1- Very unlike me,1- Very unlike me,Florida,Strongly oppose,Unjustified,Yes,NA,NA,NA,NA,NA,NA,NA,1,1,1,1,Democrat,Republican,NA
Female,White/Caucasian,"60,000 – 69,999",2-year College Degree,Democrat,NA,NA,Strong Democrat,73,No,Yes,Yes,TRUE,TRUE,TRUE,TRUE,TRUE,TRUE,FALSE,TRUE,FALSE,TRUE,88,29,Somewhat agree,Somewhat disagree,Somewhat agree,No,No,1 - Not at all,2,3,4,1- Very unlike me,1- Very unlike me,3,1- Very unlike me,1- Very unlike me,1- Very unlike me,1- Very unlike me,1- Very unlike me,1- Very unlike me,NA,NA,NA,NA,NA,NA,NA,NA,Oregon,16 - 20 years in prison,Strongly oppose,2,2,2,1,Republican,Democrat,murder
Female,White/Caucasian,"40,000 – 49,999",High School / GED,Independent,Neither,NA,NA,NA,NA,NA,NA,NA,NA,NA,NA,NA,NA,NA,NA,NA,NA,,,NA,NA,NA,NA,NA,NA,NA,NA,NA,NA,NA,NA,NA,NA,NA,NA,NA,NA,NA,NA,NA,NA,NA,NA,NA,NA,NA,NA,NA,1,1,2,2,NA,NA,NA
Female,White/Caucasian,"70,000 – 79,999",2-year College Degree,Independent,Democratic Party,NA,NA,66,No,No,Yes,TRUE,TRUE,TRUE,TRUE,TRUE,FALSE,TRUE,TRUE,TRUE,TRUE,87,31,Strongly disagree,Somewhat disagree,Neither agree nor disagree,No,No,1 - Not at all,1- Very unlike me,3,4,2,2,4,1- Very unlike me,1- Very unlike me,2,1- Very unlike me,2,1- Very unlike me,NA,NA,NA,NA,NA,NA,NA,NA,Oregon,Community service,Oppose,2,2,2,1,Republican,Democrat,assault
Male,White/Caucasian,"Less than 30,000",High School / GED,Republican,NA,Strong Republican,NA,86,NA,NA,NA,TRUE,TRUE,TRUE,TRUE,TRUE,FALSE,TRUE,TRUE,TRUE,TRUE,51,92,Strongly agree,Somewhat agree,Somewhat agree,No,No,1 - Not at all,1- Very unlike me,3,3,3,3,3,1- Very unlike me,1- Very unlike me,1- Very unlike me,5- Very like me,3,3,NA,NA,NA,NA,Idaho,Neither support nor oppose,Unjustified,Yes,NA,NA,NA,1,1,2,1,Democrat,Republican,NA
Male,White/Caucasian,"100,000 or more","Professional Degree (JD, MD)",Democrat,NA,NA,Strong Democrat,42,NA,NA,NA,TRUE,TRUE,TRUE,TRUE,TRUE,TRUE,TRUE,TRUE,TRUE,TRUE,100,100,Strongly agree,Strongly agree,Strongly agree,Yes,Yes,5 - A great deal,1- Very unlike me,5- Very like me,4,4,5- Very like me,5- Very like me,5- Very like me,3,4,5- Very like me,5- Very like me,5- Very like me,Alabama,Strongly support,Justified,Yes,NA,NA,NA,NA,NA,NA,NA,1,2,1,1,Republican,Democrat,NA
Male,White/Caucasian,"100,000 or more",Masters Degree,Democrat,NA,NA,Strong Democrat,35,Yes,No,Yes,TRUE,TRUE,TRUE,TRUE,TRUE,FALSE,FALSE,FALSE,FALSE,FALSE,13,84,Somewhat agree,Strongly disagree,Neither agree nor disagree,No,Yes,4,2,1- Very unlike me,4,4,3,4,4,1- Very unlike me,1- Very unlike me,3,5- Very like me,5- Very like me,Texas,Support,Justified,Yes,NA,NA,NA,NA,NA,NA,NA,1,1,1,1,Republican,Democrat,NA
Female,White/Caucasian,"Less than 30,000",Some College,Democrat,NA,NA,Not a strong Democrat,64,No,No,No,TRUE,TRUE,FALSE,TRUE,TRUE,FALSE,FALSE,TRUE,TRUE,FALSE,70,51,Neither agree nor disagree,Neither agree nor disagree,Neither agree nor disagree,No,No,1 - Not at all,2,3,3,1- Very unlike me,2,3,2,1- Very unlike me,2,1- Very unlike me,3,2,NA,NA,NA,NA,Washington,Support,Unjustified,Yes,NA,NA,NA,1,1,2,1,Republican,Democrat,NA
Male,White/Caucasian,"80,000 – 89,999","Professional Degree (JD, MD)",Republican,NA,Strong Republican,NA,34,NA,NA,NA,TRUE,TRUE,TRUE,TRUE,TRUE,TRUE,TRUE,TRUE,FALSE,FALSE,66,51,Strongly agree,Somewhat agree,Strongly agree,Yes,Yes,3,4,3,5- Very like me,4,5- Very like me,5- Very like me,4,3,4,5- Very like me,4,2,NA,NA,NA,NA,NA,NA,NA,NA,California,2 - 3 months in jail,Strongly support,2,2,2,1,Democrat,Republican,murder
Male,White/Caucasian,"100,000 or more","Professional Degree (JD, MD)",Democrat,NA,NA,Strong Democrat,38,NA,NA,NA,TRUE,TRUE,TRUE,TRUE,TRUE,TRUE,TRUE,TRUE,TRUE,TRUE,100,100,Strongly agree,Strongly agree,Strongly agree,Yes,Yes,5 - A great deal,5- Very like me,5- Very like me,5- Very like me,5- Very like me,5- Very like me,5- Very like me,5- Very like me,5- Very like me,5- Very like me,5- Very like me,5- Very like me,5- Very like me,NA,NA,NA,NA,NA,NA,NA,NA,Texas,4 - 6 months in jail,Neither support nor oppose,2,1,1,1,Republican,Democrat,vandalism
Female,White/Caucasian,"80,000 – 89,999",Some College,Democrat,NA,NA,Strong Democrat,50,No,No,Yes,FALSE,FALSE,TRUE,TRUE,TRUE,FALSE,FALSE,TRUE,FALSE,FALSE,100,0,Somewhat agree,Neither agree nor disagree,Somewhat agree,No,No,3,1- Very unlike me,3,1- Very unlike me,1- Very unlike me,1- Very unlike me,1- Very unlike me,1- Very unlike me,1- Very unlike me,1- Very unlike me,1- Very unlike me,1- Very unlike me,1- Very unlike me,NA,NA,NA,NA,NA,NA,NA,NA,Oregon,More than 20 years in prison,Strongly oppose,2,1,2,1,Republican,Democrat,murder
Female,White/Caucasian,"40,000 – 49,999",4-year College Degree,Democrat,NA,NA,Strong Democrat,21,NA,NA,NA,TRUE,FALSE,TRUE,TRUE,TRUE,FALSE,FALSE,FALSE,FALSE,TRUE,33,64,Strongly agree,Somewhat agree,Strongly disagree,No,No,1 - Not at all,3,4,3,4,5- Very like me,4,5- Very like me,1- Very unlike me,2,2,4,3,NA,NA,NA,NA,Arizona,Oppose,Justified,Yes,NA,NA,NA,1,2,2,1,Republican,Democrat,NA
Female,White/Caucasian,"30,000 – 39,999",High School / GED,Democrat,NA,NA,Not a strong Democrat,28,Yes,No,Yes,FALSE,FALSE,TRUE,TRUE,FALSE,TRUE,TRUE,TRUE,FALSE,FALSE,72,33,Somewhat agree,Strongly agree,Somewhat disagree,Yes,No,3,3,5- Very like me,3,1- Very unlike me,4,2,4,4,1- Very unlike me,3,3,2,NA,NA,NA,NA,NA,NA,NA,NA,Florida,2 - 3 months in jail,Support,2,2,1,1,Republican,Democrat,murder
Male,White/Caucasian,"100,000 or more",Masters Degree,Republican,NA,Strong Republican,NA,45,Yes,Yes,Yes,TRUE,TRUE,TRUE,TRUE,TRUE,FALSE,FALSE,FALSE,FALSE,FALSE,63,81,Somewhat disagree,Somewhat disagree,Somewhat disagree,No,No,1 - Not at all,2,2,3,2,2,3,2,1- Very unlike me,2,1- Very unlike me,3,1- Very unlike me,NA,NA,NA,NA,NA,NA,NA,NA,Oregon,Community service,Support,2,2,1,1,Democrat,Republican,vandalism
Male,White/Caucasian,"Less than 30,000",High School / GED,Republican,NA,Strong Republican,NA,73,No,No,No,TRUE,TRUE,TRUE,TRUE,TRUE,FALSE,FALSE,FALSE,FALSE,FALSE,62,88,Strongly disagree,Strongly disagree,Neither agree nor disagree,No,No,2,1- Very unlike me,1- Very unlike me,1- Very unlike me,1- Very unlike me,1- Very unlike me,1- Very unlike me,3,1- Very unlike me,2,4,3,2,NA,NA,NA,NA,NA,NA,NA,NA,Alaska,Community service,Neither support nor oppose,2,2,1,1,Democrat,Republican,assault with a deadly weapon
Male,White/Caucasian,"Less than 30,000",4-year College Degree,Democrat,NA,NA,Strong Democrat,22,Yes,No,Yes,FALSE,TRUE,TRUE,TRUE,TRUE,FALSE,FALSE,TRUE,TRUE,FALSE,100,0,Somewhat agree,Somewhat disagree,Somewhat agree,No,Yes,1 - Not at all,1- Very unlike me,3,3,2,5- Very like me,3,5- Very like me,5- Very like me,3,1- Very unlike me,5- Very like me,2,Florida,Strongly oppose,Unjustified,Yes,NA,NA,NA,NA,NA,NA,NA,1,1,1,1,Republican,Democrat,NA
Female,White/Caucasian,"100,000 or more",High School / GED,Democrat,NA,NA,Strong Democrat,36,No,Yes,Yes,FALSE,TRUE,TRUE,TRUE,TRUE,TRUE,TRUE,TRUE,TRUE,TRUE,100,15,Neither agree nor disagree,Neither agree nor disagree,Neither agree nor disagree,No,No,3,3,3,2,3,3,3,3,2,2,1- Very unlike me,2,2,NA,NA,NA,NA,Washington,Neither support nor oppose,Unjustified,Yes,NA,NA,NA,1,1,2,1,Republican,Democrat,NA
Male,White/Caucasian,"70,000 – 79,999","Professional Degree (JD, MD)",Republican,NA,Not a strong Republican,NA,45,Yes,Yes,Yes,TRUE,TRUE,TRUE,TRUE,TRUE,TRUE,TRUE,FALSE,FALSE,TRUE,47,17,Somewhat disagree,Neither agree nor disagree,Somewhat agree,No,No,3,2,5- Very like me,5- Very like me,2,3,4,5- Very like me,3,4,3,4,3,NA,NA,NA,NA,NA,NA,NA,NA,Oregon,2 - 5 years in prison,Oppose,2,1,1,1,Democrat,Republican,assault with a deadly weapon
Male,White/Caucasian,"100,000 or more",Masters Degree,Democrat,NA,NA,Strong Democrat,46,NA,NA,NA,TRUE,TRUE,TRUE,TRUE,TRUE,TRUE,TRUE,TRUE,TRUE,TRUE,100,100,Strongly agree,Strongly agree,Strongly agree,Yes,Yes,5 - A great deal,5- Very like me,5- Very like me,5- Very like me,5- Very like me,5- Very like me,5- Very like me,5- Very like me,5- Very like me,5- Very like me,5- Very like me,5- Very like me,5- Very like me,South Carolina,Strongly support,Justified,Yes,NA,NA,NA,NA,NA,NA,NA,1,1,1,1,Republican,Democrat,NA
Male,Native American,"50,000 – 59,999",4-year College Degree,NA,NA,NA,NA,NA,NA,NA,NA,NA,NA,NA,NA,NA,NA,NA,NA,NA,NA,,,NA,NA,NA,NA,NA,NA,NA,NA,NA,NA,NA,NA,NA,NA,NA,NA,NA,NA,NA,NA,NA,NA,NA,NA,NA,NA,NA,NA,NA,2,1,1,,NA,NA,NA
Female,White/Caucasian,"Less than 30,000",High School / GED,Other,Democratic Party,NA,NA,19,NA,NA,NA,FALSE,FALSE,TRUE,TRUE,TRUE,TRUE,TRUE,TRUE,TRUE,TRUE,74,38,Neither agree nor disagree,Strongly disagree,Somewhat disagree,No,Yes,3,2,2,3,1- Very unlike me,3,2,1- Very unlike me,1- Very unlike me,1- Very unlike me,1- Very unlike me,4,4,Georgia,Neither support nor oppose,Unjustified,Yes,NA,NA,NA,NA,NA,NA,NA,1,1,1,1,Republican,Democrat,NA
Male,White/Caucasian,"50,000 – 59,999",Some College,Republican,NA,Strong Republican,NA,67,NA,NA,NA,FALSE,FALSE,TRUE,FALSE,FALSE,FALSE,FALSE,FALSE,TRUE,FALSE,69,70,Strongly agree,Strongly agree,Strongly agree,Yes,No,2,1- Very unlike me,5- Very like me,3,1- Very unlike me,1- Very unlike me,3,1- Very unlike me,1- Very unlike me,3,1- Very unlike me,3,1- Very unlike me,NA,NA,NA,NA,NA,NA,NA,NA,California,Community service,NA,2,1,2,1,Democrat,Republican,murder
Male,White/Caucasian,"Less than 30,000",Masters Degree,Democrat,NA,NA,Strong Democrat,64,No,No,Yes,FALSE,TRUE,TRUE,TRUE,TRUE,TRUE,TRUE,TRUE,TRUE,FALSE,100,0,Neither agree nor disagree,Strongly disagree,Neither agree nor disagree,No,Yes,1 - Not at all,1- Very unlike me,5- Very like me,1- Very unlike me,2,4,3,1- Very unlike me,1- Very unlike me,4,2,1- Very unlike me,1- Very unlike me,NA,NA,NA,NA,Oregon,Strongly oppose,Unjustified,Yes,NA,NA,NA,1,1,2,1,Republican,Democrat,NA
Male,White/Caucasian,"60,000 – 69,999",2-year College Degree,Democrat,NA,NA,Strong Democrat,35,NA,NA,NA,TRUE,TRUE,TRUE,TRUE,TRUE,FALSE,TRUE,FALSE,FALSE,TRUE,89,86,Somewhat agree,Somewhat disagree,Somewhat disagree,No,No,4,3,3,3,3,3,3,3,3,3,3,3,3,Texas,Support,Unjustified,No,NA,NA,NA,NA,NA,NA,NA,1,1,1,4,Republican,Democrat,NA
Female,White/Caucasian,"30,000 – 39,999",High School / GED,Republican,NA,Strong Republican,NA,27,No,No,Yes,FALSE,FALSE,TRUE,TRUE,TRUE,FALSE,TRUE,TRUE,TRUE,TRUE,8,88,Somewhat agree,Somewhat agree,Neither agree nor disagree,No,No,5 - A great deal,2,3,2,1- Very unlike me,2,3,1- Very unlike me,2,1- Very unlike me,1- Very unlike me,3,2,NA,NA,NA,NA,New Mexico,Neither support nor oppose,Justified,No,NA,NA,NA,1,2,2,1,Democrat,Republican,NA
Female,White/Caucasian,"Less than 30,000",4-year College Degree,Democrat,NA,NA,Strong Democrat,39,No,No,No,FALSE,FALSE,TRUE,TRUE,TRUE,FALSE,FALSE,TRUE,TRUE,TRUE,92,11,Somewhat disagree,Somewhat disagree,Somewhat disagree,No,No,1 - Not at all,1- Very unlike me,2,2,1- Very unlike me,1- Very unlike me,3,1- Very unlike me,1- Very unlike me,1- Very unlike me,1- Very unlike me,2,1- Very unlike me,NA,NA,NA,NA,Oregon,Support,Unjustified,Yes,NA,NA,NA,1,2,2,1,Republican,Democrat,NA
Male,White/Caucasian,"100,000 or more",Doctoral Degree,Democrat,NA,NA,Strong Democrat,30,No,Yes,Yes,TRUE,TRUE,TRUE,TRUE,TRUE,FALSE,TRUE,FALSE,FALSE,FALSE,81,82,Neither agree nor disagree,Somewhat agree,Somewhat agree,No,No,2,2,1- Very unlike me,2,2,2,2,1- Very unlike me,2,2,1- Very unlike me,2,1- Very unlike me,NA,NA,NA,NA,NA,NA,NA,NA,Oregon,6 - 10 years in prison,Oppose,2,1,2,1,Republican,Democrat,murder
Female,White/Caucasian,"60,000 – 69,999",4-year College Degree,Republican,NA,Not a strong Republican,NA,51,No,No,Yes,FALSE,TRUE,TRUE,TRUE,FALSE,TRUE,TRUE,TRUE,TRUE,TRUE,40,70,Somewhat agree,Somewhat disagree,Somewhat disagree,No,No,1 - Not at all,1- Very unlike me,2,1- Very unlike me,1- Very unlike me,1- Very unlike me,2,1- Very unlike me,1- Very unlike me,1- Very unlike me,1- Very unlike me,1- Very unlike me,1- Very unlike me,NA,NA,NA,NA,Oregon,Oppose,Unjustified,Yes,NA,NA,NA,1,2,2,1,Democrat,Republican,NA
Female,White/Caucasian,"Less than 30,000",High School / GED,Republican,NA,Strong Republican,NA,52,NA,NA,NA,TRUE,TRUE,TRUE,TRUE,TRUE,TRUE,TRUE,TRUE,TRUE,TRUE,55,69,Strongly agree,Strongly agree,Strongly agree,No,No,1 - Not at all,1- Very unlike me,1- Very unlike me,1- Very unlike me,1- Very unlike me,1- Very unlike me,1- Very unlike me,1- Very unlike me,1- Very unlike me,1- Very unlike me,1- Very unlike me,1- Very unlike me,1- Very unlike me,NA,NA,NA,NA,NA,NA,NA,NA,Alaska,Community service,Support,2,1,2,1,Democrat,Republican,murder
Male,White/Caucasian,"70,000 – 79,999",Masters Degree,Republican,NA,Strong Republican,NA,30,Yes,No,No,FALSE,TRUE,TRUE,TRUE,TRUE,TRUE,FALSE,TRUE,TRUE,FALSE,74,80,Somewhat agree,Somewhat agree,Strongly agree,Yes,Yes,4,3,3,4,4,3,4,4,4,4,3,4,4,NA,NA,NA,NA,NA,NA,NA,NA,Oregon,More than 20 years in prison,Oppose,2,1,2,1,Democrat,Republican,murder
Male,White/Caucasian,"60,000 – 69,999",Some College,Republican,NA,Strong Republican,NA,32,NA,NA,NA,TRUE,TRUE,FALSE,TRUE,TRUE,TRUE,FALSE,TRUE,TRUE,TRUE,26,93,Strongly agree,Strongly agree,Strongly agree,Yes,No,3,4,2,2,2,4,4,3,3,5- Very like me,4,3,4,NA,NA,NA,NA,Oregon,Neither support nor oppose,Unjustified,Yes,NA,NA,NA,1,1,2,1,Democrat,Republican,NA
Female,White/Caucasian,"100,000 or more",2-year College Degree,Democrat,NA,NA,Not a strong Democrat,58,NA,NA,NA,NA,NA,NA,NA,NA,NA,NA,NA,NA,NA,,,NA,NA,NA,NA,NA,NA,NA,NA,NA,NA,NA,NA,NA,NA,NA,NA,NA,NA,NA,NA,NA,NA,NA,NA,NA,NA,NA,NA,NA,1,2,2,2,NA,NA,NA
Male,White/Caucasian,"100,000 or more",Masters Degree,Republican,NA,Strong Republican,NA,59,No,Yes,Yes,FALSE,TRUE,TRUE,TRUE,TRUE,TRUE,FALSE,FALSE,TRUE,FALSE,0,100,Neither agree nor disagree,Strongly disagree,Neither agree nor disagree,No,No,1 - Not at all,1- Very unlike me,3,5- Very like me,1- Very unlike me,2,3,1- Very unlike me,1- Very unlike me,3,1- Very unlike me,2,1- Very unlike me,NA,NA,NA,NA,NA,NA,NA,NA,Oregon,7 months to 1 year in jail,Oppose,2,2,1,1,Democrat,Republican,arson
Male,White/Caucasian,"100,000 or more",Masters Degree,Democrat,NA,NA,Strong Democrat,35,NA,NA,NA,NA,NA,NA,NA,NA,NA,NA,NA,NA,NA,,,NA,NA,NA,NA,NA,NA,NA,NA,NA,NA,NA,NA,NA,NA,NA,NA,NA,NA,NA,NA,NA,NA,NA,NA,NA,NA,NA,NA,NA,2,2,2,2,NA,NA,NA
Female,White/Caucasian,"Less than 30,000",High School / GED,Republican,NA,Strong Republican,NA,74,No,No,Yes,FALSE,TRUE,TRUE,TRUE,TRUE,FALSE,TRUE,TRUE,TRUE,FALSE,37,69,Somewhat agree,Somewhat disagree,Somewhat disagree,No,No,1 - Not at all,3,2,3,4,2,4,3,1- Very unlike me,2,1- Very unlike me,3,3,NA,NA,NA,NA,Oregon,Neither support nor oppose,Justified,No,NA,NA,NA,1,1,2,1,Democrat,Republican,NA
Female,White/Caucasian,"30,000 – 39,999",2-year College Degree,Republican,NA,Not a strong Republican,NA,43,No,No,Yes,FALSE,TRUE,TRUE,TRUE,TRUE,FALSE,FALSE,TRUE,TRUE,TRUE,4,30,Neither agree nor disagree,Neither agree nor disagree,Neither agree nor disagree,No,No,1 - Not at all,3,3,4,1- Very unlike me,2,5- Very like me,2,1- Very unlike me,2,1- Very unlike me,3,1- Very unlike me,Florida,Strongly oppose,Unjustified,Yes,NA,NA,NA,NA,NA,NA,NA,1,2,1,1,Democrat,Republican,NA
Female,White/Caucasian,"Less than 30,000",Some College,Independent,Democratic Party,NA,NA,57,No,No,No,FALSE,TRUE,TRUE,TRUE,TRUE,FALSE,FALSE,TRUE,TRUE,TRUE,81,61,Somewhat disagree,Somewhat disagree,Neither agree nor disagree,No,Yes,1 - Not at all,1- Very unlike me,2,5- Very like me,5- Very like me,1- Very unlike me,3,5- Very like me,1- Very unlike me,2,1- Very unlike me,5- Very like me,5- Very like me,Georgia,Neither support nor oppose,Unjustified,Yes,NA,NA,NA,NA,NA,NA,NA,1,1,1,1,Republican,Democrat,NA
Male,White/Caucasian,"100,000 or more",2-year College Degree,Democrat,NA,NA,Strong Democrat,36,Yes,No,Yes,FALSE,TRUE,TRUE,FALSE,TRUE,FALSE,TRUE,TRUE,TRUE,TRUE,85,3,Neither agree nor disagree,Neither agree nor disagree,Neither agree nor disagree,No,No,1 - Not at all,3,5- Very like me,3,4,3,2,2,3,3,3,2,3,South Carolina,Neither support nor oppose,Unjustified,Yes,NA,NA,NA,NA,NA,NA,NA,1,2,1,1,Republican,Democrat,NA
Female,White/Caucasian,"Less than 30,000",2-year College Degree,Democrat,NA,NA,Strong Democrat,60,No,No,Yes,TRUE,TRUE,TRUE,TRUE,TRUE,FALSE,FALSE,TRUE,FALSE,TRUE,88,22,Somewhat disagree,Somewhat disagree,Neither agree nor disagree,No,No,1 - Not at all,1- Very unlike me,3,2,3,1- Very unlike me,3,1- Very unlike me,1- Very unlike me,1- Very unlike me,1- Very unlike me,1- Very unlike me,1- Very unlike me,NA,NA,NA,NA,NA,NA,NA,NA,Alaska,More than 20 years in prison,Strongly oppose,2,2,2,1,Republican,Democrat,murder
NA,NA,NA,NA,NA,NA,NA,NA,NA,NA,NA,NA,NA,NA,NA,NA,NA,NA,NA,NA,NA,NA,,,NA,NA,NA,NA,NA,NA,NA,NA,NA,NA,NA,NA,NA,NA,NA,NA,NA,NA,NA,NA,NA,NA,NA,NA,NA,NA,NA,NA,NA,1,1,2,4,NA,NA,NA
Male,White/Caucasian,"100,000 or more",Some College,Independent,Republican Party,NA,NA,49,No,Yes,Yes,FALSE,TRUE,TRUE,TRUE,TRUE,TRUE,FALSE,TRUE,FALSE,TRUE,2,80,Strongly agree,Somewhat agree,Strongly disagree,Yes,No,4,4,4,1- Very unlike me,4,4,3,3,3,2,2,2,2,Florida,Strongly oppose,Unjustified,Yes,NA,NA,NA,NA,NA,NA,NA,1,2,1,1,Democrat,Republican,NA
Female,White/Caucasian,"100,000 or more","Professional Degree (JD, MD)",Democrat,NA,NA,Strong Democrat,35,No,No,Yes,TRUE,TRUE,TRUE,TRUE,TRUE,TRUE,TRUE,TRUE,FALSE,FALSE,53,53,Neither agree nor disagree,Neither agree nor disagree,Neither agree nor disagree,No,No,3,3,3,3,3,3,3,3,3,3,3,3,3,Nevada,Neither support nor oppose,Justified,No,NA,NA,NA,NA,NA,NA,NA,1,2,1,1,Republican,Democrat,NA
Female,White/Caucasian,"30,000 – 39,999",High School / GED,Republican,NA,Strong Republican,NA,62,No,No,Yes,FALSE,TRUE,TRUE,TRUE,TRUE,FALSE,FALSE,FALSE,FALSE,FALSE,5,80,Strongly agree,Somewhat disagree,Strongly agree,No,No,1 - Not at all,1- Very unlike me,1- Very unlike me,3,1- Very unlike me,1- Very unlike me,1- Very unlike me,1- Very unlike me,1- Very unlike me,1- Very unlike me,1- Very unlike me,1- Very unlike me,1- Very unlike me,NA,NA,NA,NA,Oregon,Support,Unjustified,Yes,NA,NA,NA,1,1,2,1,Democrat,Republican,NA
Male,White/Caucasian,"30,000 – 39,999",Some College,Democrat,NA,NA,Strong Democrat,27,No,No,Yes,FALSE,TRUE,TRUE,TRUE,TRUE,FALSE,FALSE,TRUE,TRUE,FALSE,89,17,Neither agree nor disagree,Strongly disagree,Strongly disagree,No,No,1 - Not at all,2,3,5- Very like me,1- Very unlike me,1- Very unlike me,4,1- Very unlike me,1- Very unlike me,1- Very unlike me,2,5- Very like me,2,NA,NA,NA,NA,NA,NA,NA,NA,Oregon,7 months to 1 year in jail,Strongly oppose,2,2,2,1,Republican,Democrat,arson
Female,White/Caucasian,"50,000 – 59,999",High School / GED,Republican,NA,Strong Republican,NA,28,No,No,Yes,TRUE,TRUE,TRUE,FALSE,TRUE,TRUE,TRUE,TRUE,FALSE,FALSE,33,100,Neither agree nor disagree,Strongly disagree,Strongly disagree,No,No,1 - Not at all,3,4,3,5- Very like me,3,3,1- Very unlike me,1- Very unlike me,4,2,1- Very unlike me,2,NA,NA,NA,NA,NA,NA,NA,NA,Oregon,2 - 3 months in jail,Neither support nor oppose,2,2,2,1,Democrat,Republican,assault
Male,White/Caucasian,"100,000 or more",High School / GED,Republican,NA,Strong Republican,NA,55,No,No,Yes,FALSE,TRUE,TRUE,TRUE,TRUE,FALSE,FALSE,FALSE,FALSE,FALSE,12,87,Somewhat agree,Somewhat agree,Somewhat agree,No,No,1 - Not at all,2,2,3,2,1- Very unlike me,3,2,2,1- Very unlike me,2,2,2,Florida,Strongly oppose,Unjustified,Yes,NA,NA,NA,NA,NA,NA,NA,1,2,1,1,Democrat,Republican,NA
Male,White/Caucasian,"60,000 – 69,999",High School / GED,NA,NA,NA,NA,NA,NA,NA,NA,NA,NA,NA,NA,NA,NA,NA,NA,NA,NA,,,NA,NA,NA,NA,NA,NA,NA,NA,NA,NA,NA,NA,NA,NA,NA,NA,NA,NA,NA,NA,NA,NA,NA,NA,NA,NA,NA,NA,NA,1,2,2,,NA,NA,NA
Female,White/Caucasian,"Less than 30,000",High School / GED,Independent,Neither,NA,NA,NA,NA,NA,NA,NA,NA,NA,NA,NA,NA,NA,NA,NA,NA,,,NA,NA,NA,NA,NA,NA,NA,NA,NA,NA,NA,NA,NA,NA,NA,NA,NA,NA,NA,NA,NA,NA,NA,NA,NA,NA,NA,NA,NA,1,2,2,2,NA,NA,NA
Male,White/Caucasian,"30,000 – 39,999",High School / GED,Republican,NA,Strong Republican,NA,65,No,No,Yes,FALSE,TRUE,TRUE,TRUE,TRUE,FALSE,FALSE,FALSE,FALSE,FALSE,0,92,Strongly agree,Strongly agree,Neither agree nor disagree,No,No,1 - Not at all,4,3,2,2,3,1- Very unlike me,4,1- Very unlike me,3,3,1- Very unlike me,1- Very unlike me,Florida,Strongly support,Unjustified,Yes,NA,NA,NA,NA,NA,NA,NA,1,2,1,1,Democrat,Republican,NA
Female,White/Caucasian,"Less than 30,000",High School / GED,Republican,NA,Strong Republican,NA,45,NA,NA,NA,FALSE,TRUE,TRUE,TRUE,TRUE,FALSE,TRUE,TRUE,TRUE,FALSE,28,100,Strongly agree,Strongly disagree,Strongly agree,No,No,1 - Not at all,1- Very unlike me,1- Very unlike me,5- Very like me,1- Very unlike me,1- Very unlike me,1- Very unlike me,3,1- Very unlike me,1- Very unlike me,1- Very unlike me,1- Very unlike me,1- Very unlike me,NA,NA,NA,NA,NA,NA,NA,NA,Alaska,More than 20 years in prison,Oppose,2,2,1,1,Democrat,Republican,murder
Female,White/Caucasian,"50,000 – 59,999",Some College,Republican,NA,Strong Republican,NA,58,No,Yes,Yes,TRUE,TRUE,TRUE,TRUE,TRUE,FALSE,TRUE,FALSE,FALSE,FALSE,0,90,Strongly disagree,Somewhat agree,Somewhat agree,No,No,1 - Not at all,1- Very unlike me,2,4,1- Very unlike me,1- Very unlike me,3,1- Very unlike me,1- Very unlike me,1- Very unlike me,1- Very unlike me,1- Very unlike me,1- Very unlike me,NA,NA,NA,NA,NA,NA,NA,NA,Oregon,2 - 3 months in jail,Neither support nor oppose,2,1,2,1,Democrat,Republican,vandalism
Male,White/Caucasian,"70,000 – 79,999",4-year College Degree,Republican,NA,Not a strong Republican,NA,65,No,No,Yes,FALSE,FALSE,TRUE,TRUE,TRUE,TRUE,FALSE,FALSE,FALSE,TRUE,36,40,Somewhat agree,Strongly disagree,Somewhat agree,No,No,1 - Not at all,2,4,4,1- Very unlike me,3,4,1- Very unlike me,2,2,2,2,1- Very unlike me,Florida,Strongly oppose,Unjustified,Yes,NA,NA,NA,NA,NA,NA,NA,1,2,1,1,Democrat,Republican,NA
Male,White/Caucasian,"100,000 or more",Masters Degree,Republican,NA,Strong Republican,NA,40,NA,NA,NA,TRUE,TRUE,TRUE,TRUE,TRUE,TRUE,TRUE,TRUE,TRUE,TRUE,98,100,Strongly agree,Strongly agree,Strongly agree,Yes,Yes,5 - A great deal,1- Very unlike me,5- Very like me,5- Very like me,5- Very like me,5- Very like me,5- Very like me,5- Very like me,5- Very like me,5- Very like me,5- Very like me,5- Very like me,5- Very like me,NA,NA,NA,NA,NA,NA,NA,NA,California,4 - 6 months in jail,Strongly support,2,1,2,1,Democrat,Republican,assault
Female,White/Caucasian,"60,000 – 69,999",High School / GED,Republican,NA,Not a strong Republican,NA,21,NA,NA,NA,NA,NA,NA,NA,NA,NA,NA,NA,NA,NA,,,NA,NA,NA,NA,NA,NA,NA,NA,NA,NA,NA,NA,NA,NA,NA,NA,NA,NA,NA,NA,NA,NA,NA,NA,NA,NA,NA,NA,NA,2,1,1,2,NA,NA,NA
Female,White/Caucasian,"Less than 30,000",High School / GED,Independent,Neither,NA,NA,NA,NA,NA,NA,NA,NA,NA,NA,NA,NA,NA,NA,NA,NA,,,NA,NA,NA,NA,NA,NA,NA,NA,NA,NA,NA,NA,NA,NA,NA,NA,NA,NA,NA,NA,NA,NA,NA,NA,NA,NA,NA,NA,NA,2,1,2,2,NA,NA,NA
Female,White/Caucasian,"50,000 – 59,999",4-year College Degree,Democrat,NA,NA,Not a strong Democrat,45,No,Yes,Yes,FALSE,TRUE,TRUE,TRUE,TRUE,FALSE,FALSE,FALSE,FALSE,FALSE,91,18,Neither agree nor disagree,Somewhat disagree,Somewhat disagree,No,No,1 - Not at all,1- Very unlike me,1- Very unlike me,2,1- Very unlike me,1- Very unlike me,1- Very unlike me,1- Very unlike me,1- Very unlike me,1- Very unlike me,1- Very unlike me,1- Very unlike me,1- Very unlike me,NA,NA,NA,NA,NA,NA,NA,NA,Washington,16 - 20 years in prison,Strongly oppose,2,2,2,1,Republican,Democrat,murder
Male,White/Caucasian,"70,000 – 79,999",Some College,Republican,NA,Strong Republican,NA,42,No,No,Yes,FALSE,TRUE,TRUE,FALSE,TRUE,FALSE,FALSE,FALSE,TRUE,TRUE,3,99,Strongly agree,Strongly disagree,Strongly disagree,No,No,1 - Not at all,5- Very like me,3,5- Very like me,4,1- Very unlike me,5- Very like me,1- Very unlike me,1- Very unlike me,1- Very unlike me,1- Very unlike me,1- Very unlike me,1- Very unlike me,NA,NA,NA,NA,Oregon,Neither support nor oppose,Unjustified,No,NA,NA,NA,1,1,2,1,Democrat,Republican,NA
Female,White/Caucasian,"Less than 30,000",Some College,Democrat,NA,NA,Strong Democrat,19,Yes,No,Yes,FALSE,TRUE,FALSE,TRUE,TRUE,FALSE,FALSE,TRUE,FALSE,FALSE,80,50,Neither agree nor disagree,Strongly disagree,Somewhat disagree,No,No,1 - Not at all,1- Very unlike me,2,4,1- Very unlike me,1- Very unlike me,1- Very unlike me,1- Very unlike me,1- Very unlike me,1- Very unlike me,1- Very unlike me,1- Very unlike me,1- Very unlike me,NA,NA,NA,NA,NA,NA,NA,NA,Oregon,Community service,Neither support nor oppose,2,1,2,1,Republican,Democrat,protesting without a permit
Male,White/Caucasian,"50,000 – 59,999",2-year College Degree,Republican,NA,Strong Republican,NA,73,No,No,Yes,TRUE,TRUE,TRUE,TRUE,TRUE,TRUE,FALSE,TRUE,TRUE,FALSE,20,80,Neither agree nor disagree,Somewhat disagree,Neither agree nor disagree,No,No,1 - Not at all,2,3,4,2,3,4,3,1- Very unlike me,1- Very unlike me,1- Very unlike me,5- Very like me,3,NA,NA,NA,NA,NA,NA,NA,NA,Oregon,Community service,Neither support nor oppose,2,2,1,1,Democrat,Republican,protesting without a permit
Male,White/Caucasian,"100,000 or more",Some College,Republican,NA,Not a strong Republican,NA,22,No,No,Yes,TRUE,TRUE,TRUE,TRUE,TRUE,TRUE,TRUE,FALSE,TRUE,TRUE,19,75,Strongly agree,Strongly disagree,Somewhat disagree,No,No,1 - Not at all,4,5- Very like me,2,1- Very unlike me,3,2,2,2,4,2,2,1- Very unlike me,Florida,Strongly oppose,Unjustified,Yes,NA,NA,NA,NA,NA,NA,NA,1,1,1,1,Democrat,Republican,NA
Female,White/Caucasian,"Less than 30,000",Some College,Other,Neither,NA,NA,NA,NA,NA,NA,NA,NA,NA,NA,NA,NA,NA,NA,NA,NA,,,NA,NA,NA,NA,NA,NA,NA,NA,NA,NA,NA,NA,NA,NA,NA,NA,NA,NA,NA,NA,NA,NA,NA,NA,NA,NA,NA,NA,NA,2,1,2,2,NA,NA,NA
Female,White/Caucasian,"100,000 or more",Doctoral Degree,Democrat,NA,NA,Strong Democrat,38,No,Yes,Yes,FALSE,FALSE,FALSE,TRUE,TRUE,TRUE,FALSE,TRUE,TRUE,FALSE,99,51,Neither agree nor disagree,Neither agree nor disagree,NA,No,No,1 - Not at all,2,3,1- Very unlike me,1- Very unlike me,3,1- Very unlike me,1- Very unlike me,1- Very unlike me,2,1- Very unlike me,1- Very unlike me,1- Very unlike me,NA,NA,NA,NA,NA,NA,NA,NA,Alaska,Community service,Neither support nor oppose,2,1,1,1,Republican,Democrat,vandalism
Female,White/Caucasian,"Less than 30,000",4-year College Degree,Democrat,NA,NA,Strong Democrat,21,Yes,No,Yes,FALSE,TRUE,FALSE,FALSE,TRUE,TRUE,FALSE,TRUE,TRUE,TRUE,80,20,Neither agree nor disagree,Somewhat disagree,Neither agree nor disagree,No,No,5 - A great deal,1- Very unlike me,3,3,1- Very unlike me,2,2,1- Very unlike me,1- Very unlike me,2,1- Very unlike me,3,1- Very unlike me,NA,NA,NA,NA,NA,NA,NA,NA,Louisiana,4 - 30 days in jail,Neither support nor oppose,2,1,1,1,Republican,Democrat,assault
Female,White/Caucasian,"30,000 – 39,999",Some College,Republican,NA,Strong Republican,NA,35,No,No,Yes,FALSE,TRUE,TRUE,TRUE,TRUE,FALSE,FALSE,TRUE,TRUE,TRUE,0,100,Neither agree nor disagree,Somewhat agree,Neither agree nor disagree,No,No,3,4,2,3,3,3,3,3,1- Very unlike me,1- Very unlike me,3,3,3,Georgia,Neither support nor oppose,Unjustified,Yes,NA,NA,NA,NA,NA,NA,NA,1,2,1,1,Democrat,Republican,NA
Female,White/Caucasian,"60,000 – 69,999",4-year College Degree,Republican,NA,Strong Republican,NA,23,NA,NA,NA,TRUE,TRUE,TRUE,TRUE,TRUE,FALSE,FALSE,FALSE,FALSE,FALSE,30,100,Neither agree nor disagree,Neither agree nor disagree,Neither agree nor disagree,No,No,1 - Not at all,1- Very unlike me,5- Very like me,1- Very unlike me,1- Very unlike me,2,1- Very unlike me,1- Very unlike me,1- Very unlike me,3,1- Very unlike me,1- Very unlike me,1- Very unlike me,NA,NA,NA,NA,NA,NA,NA,NA,Florida,Community service,Oppose,2,2,2,1,Democrat,Republican,protesting without a permit
Male,White/Caucasian,"100,000 or more",4-year College Degree,Democrat,NA,NA,Strong Democrat,30,Yes,No,Yes,TRUE,TRUE,TRUE,TRUE,TRUE,TRUE,FALSE,FALSE,TRUE,FALSE,100,46,Strongly disagree,Strongly disagree,Somewhat disagree,No,No,1 - Not at all,1- Very unlike me,4,4,1- Very unlike me,5- Very like me,4,1- Very unlike me,1- Very unlike me,4,1- Very unlike me,2,1- Very unlike me,Florida,Strongly oppose,Unjustified,Yes,NA,NA,NA,NA,NA,NA,NA,1,2,1,1,Republican,Democrat,NA
Male,White/Caucasian,"Less than 30,000",4-year College Degree,Independent,Democratic Party,NA,NA,45,Yes,No,No,FALSE,TRUE,TRUE,TRUE,TRUE,TRUE,TRUE,TRUE,TRUE,FALSE,69,29,Neither agree nor disagree,Somewhat disagree,Neither agree nor disagree,No,No,1 - Not at all,5- Very like me,5- Very like me,1- Very unlike me,4,1- Very unlike me,1- Very unlike me,2,2,1- Very unlike me,2,2,1- Very unlike me,NA,NA,NA,NA,NA,NA,NA,NA,Oregon,1 - 3 days in jail,Strongly oppose,2,1,1,1,Republican,Democrat,protesting without a permit
Male,White/Caucasian,"100,000 or more",Masters Degree,Democrat,NA,NA,Strong Democrat,30,No,Yes,Yes,TRUE,FALSE,TRUE,TRUE,FALSE,FALSE,TRUE,FALSE,FALSE,FALSE,10,90,Strongly disagree,Strongly disagree,Somewhat disagree,No,No,1 - Not at all,1- Very unlike me,1- Very unlike me,1- Very unlike me,1- Very unlike me,5- Very like me,5- Very like me,1- Very unlike me,1- Very unlike me,4,1- Very unlike me,5- Very like me,1- Very unlike me,NA,NA,NA,NA,NA,NA,NA,NA,Louisiana,2 - 3 months in jail,Strongly oppose,2,2,1,1,Republican,Democrat,protesting without a permit
Female,White/Caucasian,"70,000 – 79,999",Masters Degree,Republican,NA,Not a strong Republican,NA,55,No,No,Yes,FALSE,FALSE,TRUE,TRUE,TRUE,TRUE,FALSE,TRUE,FALSE,FALSE,10,61,Somewhat agree,Strongly disagree,Somewhat agree,No,No,2,1- Very unlike me,3,2,1- Very unlike me,3,2,1- Very unlike me,1- Very unlike me,1- Very unlike me,2,1- Very unlike me,1- Very unlike me,NA,NA,NA,NA,NA,NA,NA,NA,Washington,2 - 5 years in prison,Strongly oppose,2,2,2,1,Democrat,Republican,arson
Female,White/Caucasian,"70,000 – 79,999",4-year College Degree,Republican,NA,Not a strong Republican,NA,58,NA,NA,NA,NA,NA,NA,NA,NA,NA,NA,NA,NA,NA,,,NA,NA,NA,NA,NA,NA,NA,NA,NA,NA,NA,NA,NA,NA,NA,NA,NA,NA,NA,NA,NA,NA,NA,NA,NA,NA,NA,NA,NA,1,2,2,2,NA,NA,NA
Female,White/Caucasian,"Less than 30,000",High School / GED,Republican,NA,Strong Republican,NA,48,No,No,Yes,TRUE,TRUE,TRUE,TRUE,TRUE,TRUE,TRUE,TRUE,TRUE,TRUE,0,100,Neither agree nor disagree,Neither agree nor disagree,Neither agree nor disagree,No,No,1 - Not at all,5- Very like me,3,4,4,3,4,3,1- Very unlike me,4,3,3,3,NA,NA,NA,NA,NA,NA,NA,NA,Oregon,Community service,Strongly oppose,2,1,1,1,Democrat,Republican,vandalism
Male,White/Caucasian,"100,000 or more",Some College,Republican,NA,Strong Republican,NA,52,No,No,Yes,FALSE,TRUE,TRUE,FALSE,TRUE,FALSE,FALSE,FALSE,FALSE,FALSE,17,81,Somewhat agree,Neither agree nor disagree,Neither agree nor disagree,No,No,1 - Not at all,3,3,2,3,2,2,2,2,2,2,3,2,NA,NA,NA,NA,Oregon,Support,Unjustified,Yes,NA,NA,NA,1,2,2,1,Democrat,Republican,NA
Female,White/Caucasian,"Less than 30,000",High School / GED,Republican,NA,Strong Republican,NA,69,No,No,Yes,TRUE,TRUE,TRUE,TRUE,TRUE,FALSE,FALSE,FALSE,FALSE,TRUE,0,80,Strongly agree,Strongly agree,Strongly agree,No,No,3,1- Very unlike me,3,5- Very like me,1- Very unlike me,1- Very unlike me,1- Very unlike me,1- Very unlike me,1- Very unlike me,1- Very unlike me,1- Very unlike me,2,1- Very unlike me,Florida,Strongly oppose,Unjustified,Yes,NA,NA,NA,NA,NA,NA,NA,1,1,1,1,Democrat,Republican,NA
Female,White/Caucasian,"40,000 – 49,999",Masters Degree,Democrat,NA,NA,Strong Democrat,26,No,No,Yes,FALSE,TRUE,TRUE,TRUE,TRUE,TRUE,FALSE,FALSE,TRUE,TRUE,59,9,Somewhat agree,Strongly disagree,Strongly disagree,No,No,1 - Not at all,2,2,3,1- Very unlike me,1- Very unlike me,3,1- Very unlike me,1- Very unlike me,1- Very unlike me,1- Very unlike me,1- Very unlike me,1- Very unlike me,NA,NA,NA,NA,NA,NA,NA,NA,Oregon,2 - 5 years in prison,Strongly oppose,2,2,1,1,Republican,Democrat,assault with a deadly weapon
Male,White/Caucasian,"50,000 – 59,999",4-year College Degree,Democrat,NA,NA,Strong Democrat,23,No,No,Yes,FALSE,FALSE,TRUE,TRUE,TRUE,TRUE,FALSE,FALSE,FALSE,TRUE,90,15,Somewhat agree,Neither agree nor disagree,Somewhat agree,No,No,1 - Not at all,4,3,3,3,3,4,2,2,2,2,2,2,NA,NA,NA,NA,NA,NA,NA,NA,California,2 - 3 months in jail,Oppose,2,2,2,1,Republican,Democrat,vandalism
Female,White/Caucasian,"Less than 30,000",Some College,Republican,NA,Strong Republican,NA,73,No,No,Yes,TRUE,TRUE,TRUE,TRUE,TRUE,TRUE,TRUE,FALSE,FALSE,TRUE,20,81,Somewhat agree,Neither agree nor disagree,Neither agree nor disagree,No,No,1 - Not at all,2,2,2,1- Very unlike me,1- Very unlike me,1- Very unlike me,1- Very unlike me,1- Very unlike me,3,1- Very unlike me,1- Very unlike me,1- Very unlike me,NA,NA,NA,NA,NA,NA,NA,NA,NA,4 - 30 days in jail,Neither support nor oppose,2,1,2,1,Democrat,Republican,vandalism
Male,White/Caucasian,"100,000 or more","Professional Degree (JD, MD)",Democrat,NA,NA,Strong Democrat,38,No,No,No,FALSE,TRUE,TRUE,FALSE,TRUE,TRUE,TRUE,FALSE,FALSE,FALSE,29,74,Somewhat agree,Neither agree nor disagree,Somewhat agree,No,No,3,1- Very unlike me,1- Very unlike me,3,4,4,3,1- Very unlike me,4,3,2,4,3,NA,NA,NA,NA,NA,NA,NA,NA,California,4 - 30 days in jail,Neither support nor oppose,2,1,1,1,Republican,Democrat,arson
Male,White/Caucasian,"80,000 – 89,999",High School / GED,Democrat,NA,NA,Strong Democrat,30,NA,NA,NA,FALSE,FALSE,TRUE,TRUE,FALSE,TRUE,FALSE,FALSE,TRUE,FALSE,75,71,Somewhat agree,Strongly agree,Neither agree nor disagree,Yes,Yes,3,3,4,3,3,2,4,5- Very like me,3,3,3,4,3,NA,NA,NA,NA,NA,NA,NA,NA,California,2 - 3 months in jail,Neither support nor oppose,2,1,1,1,Republican,Democrat,vandalism
Female,White/Caucasian,"Less than 30,000",Some College,Democrat,NA,NA,Not a strong Democrat,21,Yes,No,Yes,TRUE,FALSE,FALSE,TRUE,TRUE,FALSE,FALSE,FALSE,TRUE,TRUE,80,19,Somewhat agree,Neither agree nor disagree,Somewhat disagree,No,Yes,1 - Not at all,1- Very unlike me,3,3,1- Very unlike me,2,2,1- Very unlike me,1- Very unlike me,1- Very unlike me,1- Very unlike me,3,1- Very unlike me,Florida,Oppose,Unjustified,Yes,NA,NA,NA,NA,NA,NA,NA,1,1,1,1,Republican,Democrat,NA
Female,White/Caucasian,"Less than 30,000",High School / GED,Democrat,NA,NA,Not a strong Democrat,31,No,No,Yes,FALSE,FALSE,TRUE,FALSE,FALSE,TRUE,TRUE,TRUE,TRUE,TRUE,65,0,Neither agree nor disagree,Neither agree nor disagree,Neither agree nor disagree,No,Yes,2,3,4,4,3,2,4,2,3,2,2,3,4,NA,NA,NA,NA,NA,NA,NA,NA,Oregon,2 - 3 months in jail,Oppose,2,2,2,1,Republican,Democrat,assault
Female,White/Caucasian,"60,000 – 69,999",Some College,Republican,NA,Not a strong Republican,NA,52,NA,NA,NA,NA,NA,NA,NA,NA,NA,NA,NA,NA,NA,,,NA,NA,NA,NA,NA,NA,NA,NA,NA,NA,NA,NA,NA,NA,NA,NA,NA,NA,NA,NA,NA,NA,NA,NA,NA,NA,NA,NA,NA,1,1,1,2,NA,NA,NA
Female,White/Caucasian,"Less than 30,000",High School / GED,Republican,NA,Strong Republican,NA,44,NA,NA,NA,NA,NA,NA,NA,NA,NA,NA,NA,NA,NA,,,NA,NA,NA,NA,NA,NA,NA,NA,NA,NA,NA,NA,NA,NA,NA,NA,NA,NA,NA,NA,NA,NA,NA,NA,NA,NA,NA,NA,NA,2,2,1,2,NA,NA,NA
Male,White/Caucasian,"Less than 30,000",High School / GED,Republican,NA,Strong Republican,NA,64,NA,NA,NA,FALSE,TRUE,TRUE,TRUE,TRUE,FALSE,FALSE,TRUE,FALSE,FALSE,0,100,Neither agree nor disagree,Neither agree nor disagree,Neither agree nor disagree,No,No,1 - Not at all,1- Very unlike me,3,3,1- Very unlike me,1- Very unlike me,3,3,1- Very unlike me,1- Very unlike me,2,3,1- Very unlike me,Florida,Strongly oppose,Unjustified,Yes,NA,NA,NA,NA,NA,NA,NA,1,2,1,1,Democrat,Republican,NA
Male,White/Caucasian,"Less than 30,000",High School / GED,Republican,NA,Strong Republican,NA,64,No,Yes,Yes,FALSE,TRUE,TRUE,TRUE,TRUE,FALSE,FALSE,FALSE,FALSE,FALSE,10,90,Strongly agree,Somewhat disagree,Somewhat agree,No,No,1 - Not at all,5- Very like me,1- Very unlike me,1- Very unlike me,5- Very like me,3,1- Very unlike me,1- Very unlike me,1- Very unlike me,1- Very unlike me,1- Very unlike me,1- Very unlike me,1- Very unlike me,Florida,Strongly oppose,Unjustified,Yes,NA,NA,NA,NA,NA,NA,NA,1,1,1,1,Democrat,Republican,NA
Male,White/Caucasian,"100,000 or more",Masters Degree,Democrat,NA,NA,Strong Democrat,38,NA,NA,NA,FALSE,TRUE,TRUE,TRUE,TRUE,FALSE,TRUE,TRUE,TRUE,TRUE,100,100,Strongly agree,Strongly agree,Strongly agree,Yes,Yes,5 - A great deal,5- Very like me,5- Very like me,5- Very like me,5- Very like me,5- Very like me,5- Very like me,5- Very like me,5- Very like me,5- Very like me,5- Very like me,4,5- Very like me,NA,NA,NA,NA,Washington,Strongly support,Justified,Yes,NA,NA,NA,1,2,2,1,Republican,Democrat,NA
Female,White/Caucasian,"70,000 – 79,999",4-year College Degree,Democrat,NA,NA,Not a strong Democrat,50,No,No,Yes,TRUE,TRUE,TRUE,TRUE,TRUE,TRUE,FALSE,FALSE,FALSE,TRUE,67,26,Neither agree nor disagree,Neither agree nor disagree,Neither agree nor disagree,No,No,1 - Not at all,2,3,1- Very unlike me,2,1- Very unlike me,3,1- Very unlike me,3,1- Very unlike me,1- Very unlike me,1- Very unlike me,1- Very unlike me,NA,NA,NA,NA,NA,NA,NA,NA,Oregon,4 - 30 days in jail,Strongly oppose,2,1,2,1,Republican,Democrat,assault
Female,White/Caucasian,"60,000 – 69,999",Less than High School,Democrat,NA,NA,Strong Democrat,Under 18,NA,NA,NA,NA,NA,NA,NA,NA,NA,NA,NA,NA,NA,,,NA,NA,NA,NA,NA,NA,NA,NA,NA,NA,NA,NA,NA,NA,NA,NA,NA,NA,NA,NA,NA,NA,NA,NA,NA,NA,NA,NA,NA,1,1,1,2,NA,NA,NA
Female,White/Caucasian,"60,000 – 69,999",Some College,Democrat,NA,NA,Strong Democrat,34,NA,NA,NA,NA,NA,NA,NA,NA,NA,NA,NA,NA,NA,,,NA,NA,NA,NA,NA,NA,NA,NA,NA,NA,NA,NA,NA,NA,NA,NA,NA,NA,NA,NA,NA,NA,NA,NA,NA,NA,NA,NA,NA,2,1,1,2,NA,NA,NA
Female,White/Caucasian,"100,000 or more",2-year College Degree,Republican,NA,Strong Republican,NA,40,NA,NA,NA,FALSE,TRUE,FALSE,TRUE,FALSE,TRUE,TRUE,TRUE,TRUE,TRUE,0,100,Strongly agree,Somewhat agree,Neither agree nor disagree,No,No,4,3,2,4,3,3,4,3,5- Very like me,4,3,4,3,NA,NA,NA,NA,NA,NA,NA,NA,Texas,1 - 3 days in jail,Support,2,2,1,1,Democrat,Republican,vandalism
Female,White/Caucasian,"100,000 or more",4-year College Degree,Republican,NA,Strong Republican,NA,35,No,No,Yes,TRUE,TRUE,TRUE,TRUE,TRUE,TRUE,TRUE,TRUE,TRUE,TRUE,68,93,Strongly disagree,Strongly disagree,Strongly disagree,No,No,1 - Not at all,1- Very unlike me,1- Very unlike me,3,1- Very unlike me,2,2,2,1- Very unlike me,1- Very unlike me,1- Very unlike me,1- Very unlike me,1- Very unlike me,NA,NA,NA,NA,NA,NA,NA,NA,Oregon,Community service,Strongly support,2,1,1,1,Democrat,Republican,vandalism
Female,White/Caucasian,"40,000 – 49,999",Some College,Republican,NA,Strong Republican,NA,72,No,Yes,Yes,FALSE,TRUE,TRUE,TRUE,TRUE,FALSE,TRUE,FALSE,TRUE,TRUE,0,80,Neither agree nor disagree,Strongly agree,Neither agree nor disagree,Yes,No,1 - Not at all,3,5- Very like me,4,4,5- Very like me,3,4,1- Very unlike me,1- Very unlike me,4,3,4,Florida,Strongly oppose,Unjustified,Yes,NA,NA,NA,NA,NA,NA,NA,1,1,1,1,Democrat,Republican,NA
Male,White/Caucasian,"90,000 – 99,999",4-year College Degree,Republican,NA,Strong Republican,NA,70,No,Yes,Yes,FALSE,FALSE,TRUE,FALSE,TRUE,TRUE,FALSE,FALSE,FALSE,FALSE,21,81,Somewhat disagree,Strongly disagree,Neither agree nor disagree,No,No,1 - Not at all,4,2,1- Very unlike me,5- Very like me,1- Very unlike me,1- Very unlike me,1- Very unlike me,1- Very unlike me,2,1- Very unlike me,1- Very unlike me,2,NA,NA,NA,NA,NA,NA,NA,NA,California,More than 20 years in prison,Strongly oppose,2,1,1,1,Democrat,Republican,murder
Male,White/Caucasian,"70,000 – 79,999",4-year College Degree,Republican,NA,Not a strong Republican,NA,29,No,No,Yes,FALSE,TRUE,TRUE,FALSE,TRUE,FALSE,FALSE,FALSE,TRUE,TRUE,51,67,Somewhat disagree,Strongly disagree,Neither agree nor disagree,No,No,1 - Not at all,2,2,2,3,1- Very unlike me,1- Very unlike me,1- Very unlike me,2,1- Very unlike me,2,1- Very unlike me,1- Very unlike me,NA,NA,NA,NA,NA,NA,NA,NA,Alaska,Community service,Neither support nor oppose,2,1,2,1,Democrat,Republican,protesting without a permit
Male,White/Caucasian,"Less than 30,000",Doctoral Degree,Republican,NA,Not a strong Republican,NA,58,No,No,No,FALSE,TRUE,TRUE,FALSE,TRUE,TRUE,FALSE,TRUE,TRUE,TRUE,51,62,Strongly disagree,Strongly disagree,Strongly disagree,No,No,1 - Not at all,1- Very unlike me,2,5- Very like me,5- Very like me,2,3,3,1- Very unlike me,3,4,3,3,Florida,Strongly oppose,Unjustified,Yes,NA,NA,NA,NA,NA,NA,NA,1,1,1,1,Democrat,Republican,NA
Female,White/Caucasian,"40,000 – 49,999",High School / GED,Democrat,NA,NA,Not a strong Democrat,28,NA,NA,NA,NA,NA,NA,NA,NA,NA,NA,NA,NA,NA,,,NA,NA,NA,NA,NA,NA,NA,NA,NA,NA,NA,NA,NA,NA,NA,NA,NA,NA,NA,NA,NA,NA,NA,NA,NA,NA,NA,NA,NA,2,2,1,2,NA,NA,NA
Male,White/Caucasian,"30,000 – 39,999",Less than High School,Republican,NA,Not a strong Republican,NA,66,No,No,No,FALSE,TRUE,TRUE,TRUE,TRUE,FALSE,FALSE,FALSE,FALSE,FALSE,8,61,Neither agree nor disagree,Somewhat disagree,Strongly disagree,Yes,Yes,1 - Not at all,5- Very like me,5- Very like me,5- Very like me,5- Very like me,4,2,3,5- Very like me,5- Very like me,3,1- Very unlike me,1- Very unlike me,NA,NA,NA,NA,NA,NA,NA,NA,Oregon,Community service,Strongly support,2,2,1,1,Democrat,Republican,murder
Male,White/Caucasian,"100,000 or more",Masters Degree,Democrat,NA,NA,Strong Democrat,37,Yes,Yes,Yes,TRUE,TRUE,TRUE,TRUE,TRUE,FALSE,FALSE,FALSE,FALSE,TRUE,98,11,Somewhat agree,Somewhat agree,Neither agree nor disagree,No,No,1 - Not at all,1- Very unlike me,5- Very like me,4,4,5- Very like me,4,4,1- Very unlike me,4,1- Very unlike me,4,1- Very unlike me,NA,NA,NA,NA,NA,NA,NA,NA,Florida,11 - 15 years in prison,Strongly oppose,2,2,2,1,Republican,Democrat,murder
Female,White/Caucasian,"80,000 – 89,999",Masters Degree,Democrat,NA,NA,Not a strong Democrat,41,NA,NA,NA,NA,NA,NA,NA,NA,NA,NA,NA,NA,NA,,,NA,NA,NA,NA,NA,NA,NA,NA,NA,NA,NA,NA,NA,NA,NA,NA,NA,NA,NA,NA,NA,NA,NA,NA,NA,NA,NA,NA,NA,1,1,2,2,NA,NA,NA
Female,White/Caucasian,"Less than 30,000",High School / GED,Republican,NA,Not a strong Republican,NA,27,No,No,No,FALSE,TRUE,TRUE,TRUE,TRUE,FALSE,FALSE,FALSE,TRUE,FALSE,22,70,Neither agree nor disagree,Neither agree nor disagree,Neither agree nor disagree,No,No,1 - Not at all,1- Very unlike me,1- Very unlike me,1- Very unlike me,1- Very unlike me,1- Very unlike me,3,1- Very unlike me,1- Very unlike me,1- Very unlike me,1- Very unlike me,1- Very unlike me,1- Very unlike me,Florida,Oppose,Unjustified,Yes,NA,NA,NA,NA,NA,NA,NA,1,2,1,1,Democrat,Republican,NA
Female,White/Caucasian,"70,000 – 79,999",2-year College Degree,Republican,NA,Not a strong Republican,NA,69,No,Yes,Yes,FALSE,TRUE,TRUE,TRUE,TRUE,FALSE,FALSE,FALSE,FALSE,FALSE,60,91,Neither agree nor disagree,Strongly disagree,Neither agree nor disagree,No,No,1 - Not at all,1- Very unlike me,3,1- Very unlike me,1- Very unlike me,1- Very unlike me,1- Very unlike me,1- Very unlike me,1- Very unlike me,1- Very unlike me,1- Very unlike me,1- Very unlike me,1- Very unlike me,NA,NA,NA,NA,Oregon,Strongly oppose,Unjustified,Yes,NA,NA,NA,1,2,2,1,Democrat,Republican,NA
Female,White/Caucasian,"40,000 – 49,999",Some College,Independent,Democratic Party,NA,NA,37,NA,NA,NA,FALSE,TRUE,TRUE,TRUE,TRUE,TRUE,TRUE,TRUE,TRUE,FALSE,75,50,Neither agree nor disagree,Strongly disagree,Strongly disagree,No,No,1 - Not at all,3,1- Very unlike me,1- Very unlike me,1- Very unlike me,1- Very unlike me,1- Very unlike me,1- Very unlike me,1- Very unlike me,1- Very unlike me,1- Very unlike me,1- Very unlike me,1- Very unlike me,Florida,Strongly oppose,Unjustified,Yes,NA,NA,NA,NA,NA,NA,NA,1,1,1,1,Republican,Democrat,NA
Female,White/Caucasian,"70,000 – 79,999",2-year College Degree,Democrat,NA,NA,Strong Democrat,24,Yes,No,Yes,TRUE,FALSE,FALSE,TRUE,FALSE,FALSE,FALSE,FALSE,FALSE,FALSE,78,7,Somewhat agree,Somewhat agree,Somewhat agree,No,No,1 - Not at all,1- Very unlike me,1- Very unlike me,3,3,1- Very unlike me,2,3,1- Very unlike me,1- Very unlike me,1- Very unlike me,1- Very unlike me,2,Florida,Strongly oppose,Unjustified,Yes,NA,NA,NA,NA,NA,NA,NA,1,2,1,1,Republican,Democrat,NA
Female,White/Caucasian,"100,000 or more",Some College,Democrat,NA,NA,Strong Democrat,46,No,No,Yes,FALSE,TRUE,TRUE,TRUE,TRUE,TRUE,FALSE,TRUE,FALSE,FALSE,100,0,Somewhat agree,Strongly disagree,Strongly agree,No,No,1 - Not at all,2,1- Very unlike me,1- Very unlike me,1- Very unlike me,1- Very unlike me,1- Very unlike me,1- Very unlike me,1- Very unlike me,1- Very unlike me,1- Very unlike me,1- Very unlike me,1- Very unlike me,NA,NA,NA,NA,NA,NA,NA,NA,Oregon,4 - 30 days in jail,Oppose,2,2,2,1,Republican,Democrat,assault
Female,White/Caucasian,"30,000 – 39,999",High School / GED,Democrat,NA,NA,Strong Democrat,71,NA,NA,NA,FALSE,TRUE,TRUE,FALSE,TRUE,FALSE,FALSE,TRUE,TRUE,TRUE,100,0,Strongly agree,Strongly agree,Somewhat agree,No,No,1 - Not at all,1- Very unlike me,5- Very like me,4,1- Very unlike me,1- Very unlike me,4,1- Very unlike me,1- Very unlike me,1- Very unlike me,1- Very unlike me,1- Very unlike me,1- Very unlike me,Florida,Oppose,Unjustified,Yes,NA,NA,NA,NA,NA,NA,NA,1,2,1,1,Republican,Democrat,NA
Male,White/Caucasian,"100,000 or more",Masters Degree,Democrat,NA,NA,Strong Democrat,34,No,No,No,FALSE,TRUE,FALSE,TRUE,TRUE,FALSE,FALSE,FALSE,FALSE,FALSE,84,73,Somewhat agree,Neither agree nor disagree,Somewhat agree,No,No,3,3,4,3,3,3,3,4,1- Very unlike me,3,2,3,3,NA,NA,NA,NA,NA,NA,NA,NA,Florida,2 - 5 years in prison,Oppose,2,2,2,1,Republican,Democrat,arson
Male,White/Caucasian,"40,000 – 49,999",Some College,Democrat,NA,NA,Not a strong Democrat,68,No,Yes,Yes,TRUE,FALSE,TRUE,FALSE,TRUE,TRUE,FALSE,TRUE,FALSE,FALSE,72,71,Neither agree nor disagree,Strongly disagree,Neither agree nor disagree,No,No,1 - Not at all,1- Very unlike me,3,1- Very unlike me,1- Very unlike me,2,1- Very unlike me,3,1- Very unlike me,1- Very unlike me,2,1- Very unlike me,1- Very unlike me,Florida,Strongly oppose,Unjustified,Yes,NA,NA,NA,NA,NA,NA,NA,1,2,1,1,Republican,Democrat,NA
Female,White/Caucasian,"70,000 – 79,999",2-year College Degree,Democrat,NA,NA,Strong Democrat,34,No,No,Yes,FALSE,TRUE,TRUE,TRUE,TRUE,TRUE,TRUE,FALSE,TRUE,TRUE,85,57,Somewhat agree,Neither agree nor disagree,Neither agree nor disagree,No,No,1 - Not at all,1- Very unlike me,3,3,3,2,3,1- Very unlike me,1- Very unlike me,3,1- Very unlike me,1- Very unlike me,3,NA,NA,NA,NA,NA,NA,NA,NA,California,2 - 5 years in prison,Strongly oppose,2,1,1,1,Republican,Democrat,arson
Female,White/Caucasian,"40,000 – 49,999",4-year College Degree,Independent,Republican Party,NA,NA,36,No,No,Yes,FALSE,TRUE,TRUE,TRUE,TRUE,TRUE,TRUE,TRUE,TRUE,FALSE,55,64,Neither agree nor disagree,Strongly disagree,Neither agree nor disagree,No,No,1 - Not at all,1- Very unlike me,2,3,1- Very unlike me,3,5- Very like me,2,1- Very unlike me,1- Very unlike me,1- Very unlike me,2,1- Very unlike me,NA,NA,NA,NA,NA,NA,NA,NA,Texas,6 - 10 years in prison,Strongly oppose,2,1,1,1,Democrat,Republican,arson
Female,White/Caucasian,"50,000 – 59,999",2-year College Degree,Republican,NA,Strong Republican,NA,73,No,Yes,Yes,TRUE,TRUE,TRUE,TRUE,TRUE,TRUE,FALSE,FALSE,TRUE,FALSE,4,94,Neither agree nor disagree,Neither agree nor disagree,Neither agree nor disagree,No,No,1 - Not at all,1- Very unlike me,2,1- Very unlike me,1- Very unlike me,1- Very unlike me,1- Very unlike me,1- Very unlike me,1- Very unlike me,1- Very unlike me,1- Very unlike me,1- Very unlike me,1- Very unlike me,Florida,Strongly oppose,Unjustified,Yes,NA,NA,NA,NA,NA,NA,NA,1,2,1,1,Democrat,Republican,NA
Female,White/Caucasian,"70,000 – 79,999",4-year College Degree,Republican,NA,Not a strong Republican,NA,29,No,No,Yes,TRUE,TRUE,TRUE,TRUE,TRUE,TRUE,TRUE,TRUE,TRUE,TRUE,80,81,Somewhat agree,Somewhat agree,Somewhat agree,No,No,3,3,3,4,3,3,4,2,3,3,4,3,4,NA,NA,NA,NA,NA,NA,NA,NA,Texas,1 - 3 days in jail,Support,2,2,1,1,Democrat,Republican,assault with a deadly weapon
Male,White/Caucasian,"100,000 or more",Less than High School,Democrat,NA,NA,Not a strong Democrat,Under 18,NA,NA,NA,NA,NA,NA,NA,NA,NA,NA,NA,NA,NA,,,NA,NA,NA,NA,NA,NA,NA,NA,NA,NA,NA,NA,NA,NA,NA,NA,NA,NA,NA,NA,NA,NA,NA,NA,NA,NA,NA,NA,NA,2,1,1,2,NA,NA,NA
Male,White/Caucasian,"100,000 or more",2-year College Degree,Republican,NA,Not a strong Republican,NA,40,No,Yes,Yes,FALSE,TRUE,TRUE,TRUE,TRUE,FALSE,FALSE,TRUE,FALSE,TRUE,33,90,Somewhat agree,Strongly disagree,Neither agree nor disagree,No,No,1 - Not at all,3,3,2,2,1- Very unlike me,4,1- Very unlike me,1- Very unlike me,1- Very unlike me,1- Very unlike me,3,1- Very unlike me,NA,NA,NA,NA,Oregon,Support,Unjustified,Yes,NA,NA,NA,1,1,2,1,Democrat,Republican,NA
NA,NA,NA,NA,NA,NA,NA,NA,NA,NA,NA,NA,NA,NA,NA,NA,NA,NA,NA,NA,NA,NA,,,NA,NA,NA,NA,NA,NA,NA,NA,NA,NA,NA,NA,NA,NA,NA,NA,NA,NA,NA,NA,NA,NA,NA,NA,NA,NA,NA,NA,NA,2,1,2,4,NA,NA,NA
Male,White/Caucasian,"100,000 or more",Masters Degree,Republican,NA,Strong Republican,NA,52,No,Yes,Yes,TRUE,TRUE,TRUE,TRUE,TRUE,TRUE,FALSE,FALSE,FALSE,FALSE,14,85,Neither agree nor disagree,Strongly disagree,Neither agree nor disagree,No,No,1 - Not at all,4,1- Very unlike me,1- Very unlike me,1- Very unlike me,1- Very unlike me,1- Very unlike me,1- Very unlike me,1- Very unlike me,1- Very unlike me,1- Very unlike me,1- Very unlike me,1- Very unlike me,Florida,Strongly oppose,Unjustified,Yes,NA,NA,NA,NA,NA,NA,NA,1,1,1,1,Democrat,Republican,NA
NA,NA,NA,NA,NA,NA,NA,NA,NA,NA,NA,NA,NA,NA,NA,NA,NA,NA,NA,NA,NA,NA,,,NA,NA,NA,NA,NA,NA,NA,NA,NA,NA,NA,NA,NA,NA,NA,NA,NA,NA,NA,NA,NA,NA,NA,NA,NA,NA,NA,NA,NA,1,1,2,4,NA,NA,NA
Female,White/Caucasian,"Less than 30,000",Some College,Democrat,NA,NA,Not a strong Democrat,43,No,No,Yes,FALSE,TRUE,FALSE,TRUE,TRUE,FALSE,FALSE,TRUE,TRUE,FALSE,76,36,Neither agree nor disagree,Neither agree nor disagree,Neither agree nor disagree,No,No,1 - Not at all,1- Very unlike me,3,3,2,2,3,2,1- Very unlike me,2,2,2,1- Very unlike me,NA,NA,NA,NA,NA,NA,NA,NA,Alaska,6 - 10 years in prison,Oppose,2,1,2,1,Republican,Democrat,arson
Female,White/Caucasian,"30,000 – 39,999",4-year College Degree,Democrat,NA,NA,Not a strong Democrat,26,No,No,Yes,FALSE,TRUE,TRUE,TRUE,TRUE,TRUE,FALSE,FALSE,FALSE,TRUE,90,70,Neither agree nor disagree,Strongly disagree,Neither agree nor disagree,No,No,1 - Not at all,1- Very unlike me,3,3,2,1- Very unlike me,3,1- Very unlike me,1- Very unlike me,1- Very unlike me,1- Very unlike me,1- Very unlike me,2,NA,NA,NA,NA,Oregon,Strongly oppose,Unjustified,Yes,NA,NA,NA,1,1,2,1,Republican,Democrat,NA
Male,White/Caucasian,"100,000 or more",4-year College Degree,Independent,Neither,NA,NA,NA,NA,NA,NA,NA,NA,NA,NA,NA,NA,NA,NA,NA,NA,,,NA,NA,NA,NA,NA,NA,NA,NA,NA,NA,NA,NA,NA,NA,NA,NA,NA,NA,NA,NA,NA,NA,NA,NA,NA,NA,NA,NA,NA,1,1,2,2,NA,NA,NA
Female,White/Caucasian,"30,000 – 39,999",4-year College Degree,Democrat,NA,NA,Strong Democrat,56,No,No,Yes,FALSE,TRUE,TRUE,TRUE,TRUE,FALSE,FALSE,TRUE,FALSE,FALSE,84,39,Neither agree nor disagree,Strongly disagree,Neither agree nor disagree,No,No,1 - Not at all,1- Very unlike me,2,2,1- Very unlike me,1- Very unlike me,1- Very unlike me,2,1- Very unlike me,1- Very unlike me,1- Very unlike me,1- Very unlike me,1- Very unlike me,NA,NA,NA,NA,NA,NA,NA,NA,Washington,More than 20 years in prison,Strongly oppose,2,2,2,1,Republican,Democrat,murder
Female,White/Caucasian,"100,000 or more",Some College,Republican,NA,Not a strong Republican,NA,64,No,No,Yes,FALSE,TRUE,TRUE,TRUE,TRUE,TRUE,TRUE,FALSE,TRUE,TRUE,19,17,Somewhat agree,Neither agree nor disagree,Neither agree nor disagree,No,No,1 - Not at all,1- Very unlike me,2,1- Very unlike me,1- Very unlike me,1- Very unlike me,1- Very unlike me,1- Very unlike me,1- Very unlike me,1- Very unlike me,1- Very unlike me,1- Very unlike me,1- Very unlike me,NA,NA,NA,NA,NA,NA,NA,NA,Oregon,1 - 3 days in jail,Neither support nor oppose,2,1,1,1,Democrat,Republican,vandalism
Female,White/Caucasian,"100,000 or more",Masters Degree,Democrat,NA,NA,Strong Democrat,32,NA,NA,NA,TRUE,TRUE,TRUE,TRUE,TRUE,TRUE,FALSE,TRUE,FALSE,FALSE,84,98,Strongly agree,Somewhat agree,Strongly agree,No,Yes,5 - A great deal,5- Very like me,3,5- Very like me,5- Very like me,1- Very unlike me,4,4,5- Very like me,5- Very like me,1- Very unlike me,4,4,NA,NA,NA,NA,NA,NA,NA,NA,Washington,2 - 3 months in jail,Support,2,1,1,1,Republican,Democrat,murder
Male,White/Caucasian,"50,000 – 59,999",Some College,Republican,NA,Strong Republican,NA,85,NA,NA,NA,FALSE,TRUE,TRUE,TRUE,TRUE,FALSE,FALSE,FALSE,FALSE,FALSE,40,71,Somewhat agree,Neither agree nor disagree,Neither agree nor disagree,Yes,Yes,3,1- Very unlike me,2,2,1- Very unlike me,1- Very unlike me,2,1- Very unlike me,1- Very unlike me,1- Very unlike me,1- Very unlike me,1- Very unlike me,1- Very unlike me,NA,NA,NA,NA,NA,NA,NA,NA,Oregon,4 - 30 days in jail,Oppose,2,1,1,1,Democrat,Republican,assault
Male,White/Caucasian,"50,000 – 59,999",Some College,Republican,NA,Not a strong Republican,NA,68,No,No,Yes,FALSE,FALSE,TRUE,TRUE,FALSE,TRUE,TRUE,FALSE,TRUE,TRUE,40,63,Somewhat agree,Strongly disagree,Neither agree nor disagree,No,No,1 - Not at all,1- Very unlike me,3,3,1- Very unlike me,1- Very unlike me,3,2,1- Very unlike me,2,1- Very unlike me,3,3,NA,NA,NA,NA,NA,NA,NA,NA,California,2 - 5 years in prison,Oppose,2,2,1,1,Democrat,Republican,arson
Male,White/Caucasian,"100,000 or more",Doctoral Degree,Democrat,NA,NA,Strong Democrat,35,No,No,No,TRUE,TRUE,TRUE,TRUE,TRUE,FALSE,FALSE,TRUE,FALSE,FALSE,96,87,Strongly agree,Somewhat agree,Strongly disagree,Yes,No,1 - Not at all,1- Very unlike me,1- Very unlike me,5- Very like me,4,2,5- Very like me,1- Very unlike me,1- Very unlike me,5- Very like me,2,1- Very unlike me,1- Very unlike me,NA,NA,NA,NA,NA,NA,NA,NA,Oregon,7 months to 1 year in jail,Oppose,2,1,2,1,Republican,Democrat,vandalism
Male,White/Caucasian,"100,000 or more",Masters Degree,Republican,NA,Not a strong Republican,NA,70,No,No,Yes,TRUE,TRUE,TRUE,TRUE,TRUE,FALSE,TRUE,FALSE,FALSE,FALSE,60,70,Neither agree nor disagree,Strongly disagree,Strongly disagree,No,No,1 - Not at all,3,3,1- Very unlike me,3,2,1- Very unlike me,1- Very unlike me,1- Very unlike me,2,1- Very unlike me,1- Very unlike me,1- Very unlike me,NA,NA,NA,NA,NA,NA,NA,NA,Oregon,2 - 5 years in prison,Strongly oppose,2,1,1,1,Democrat,Republican,arson
Female,White/Caucasian,"70,000 – 79,999",4-year College Degree,Democrat,NA,NA,Not a strong Democrat,28,Yes,Yes,Yes,TRUE,TRUE,FALSE,TRUE,TRUE,TRUE,FALSE,TRUE,TRUE,FALSE,84,49,Somewhat agree,Neither agree nor disagree,Somewhat agree,No,No,2,2,1- Very unlike me,3,3,4,4,2,1- Very unlike me,1- Very unlike me,2,2,1- Very unlike me,NA,NA,NA,NA,California,Support,Unjustified,Yes,NA,NA,NA,1,1,2,1,Republican,Democrat,NA
Male,White/Caucasian,"40,000 – 49,999",Some College,Republican,NA,Strong Republican,NA,61,No,No,Yes,FALSE,TRUE,TRUE,TRUE,FALSE,FALSE,TRUE,TRUE,TRUE,TRUE,30,91,Neither agree nor disagree,Neither agree nor disagree,Neither agree nor disagree,Yes,Yes,1 - Not at all,4,2,1- Very unlike me,3,1- Very unlike me,3,3,2,1- Very unlike me,1- Very unlike me,2,1- Very unlike me,NA,NA,NA,NA,NA,NA,NA,NA,Oregon,Community service,Neither support nor oppose,2,2,1,1,Democrat,Republican,vandalism
Male,White/Caucasian,"60,000 – 69,999",4-year College Degree,Democrat,NA,NA,Strong Democrat,34,Yes,Yes,Yes,TRUE,TRUE,TRUE,TRUE,TRUE,FALSE,FALSE,FALSE,FALSE,FALSE,85,0,Somewhat disagree,Somewhat agree,Neither agree nor disagree,No,No,1 - Not at all,1- Very unlike me,3,3,2,3,3,1- Very unlike me,4,2,2,3,1- Very unlike me,NA,NA,NA,NA,Oregon,Oppose,Unjustified,Yes,NA,NA,NA,1,2,2,1,Republican,Democrat,NA
Male,White/Caucasian,"40,000 – 49,999",High School / GED,Democrat,NA,NA,Strong Democrat,54,NA,NA,NA,NA,NA,NA,NA,NA,NA,NA,NA,NA,NA,,,NA,NA,NA,NA,NA,NA,NA,NA,NA,NA,NA,NA,NA,NA,NA,NA,NA,NA,NA,NA,NA,NA,NA,NA,NA,NA,NA,NA,NA,2,1,1,2,NA,NA,NA
Female,White/Caucasian,"Less than 30,000",Some College,Republican,NA,Strong Republican,NA,69,No,No,Yes,TRUE,TRUE,TRUE,TRUE,TRUE,TRUE,TRUE,FALSE,FALSE,FALSE,0,100,Neither agree nor disagree,Somewhat disagree,Neither agree nor disagree,No,No,1 - Not at all,1- Very unlike me,2,2,1- Very unlike me,2,1- Very unlike me,1- Very unlike me,1- Very unlike me,2,1- Very unlike me,1- Very unlike me,1- Very unlike me,NA,NA,NA,NA,NA,NA,NA,NA,Oregon,Community service,Strongly support,2,2,1,1,Democrat,Republican,vandalism
Male,White/Caucasian,"Less than 30,000",Some College,Republican,NA,Not a strong Republican,NA,67,No,Yes,Yes,FALSE,TRUE,TRUE,TRUE,TRUE,FALSE,FALSE,TRUE,FALSE,FALSE,38,71,Neither agree nor disagree,Somewhat disagree,Neither agree nor disagree,No,No,1 - Not at all,2,2,4,1- Very unlike me,2,3,1- Very unlike me,1- Very unlike me,1- Very unlike me,1- Very unlike me,2,1- Very unlike me,NA,NA,NA,NA,NA,NA,NA,NA,Washington,4 - 30 days in jail,Oppose,2,2,2,1,Democrat,Republican,assault with a deadly weapon
Male,White/Caucasian,"80,000 – 89,999",2-year College Degree,Democrat,NA,NA,Not a strong Democrat,78,No,No,Yes,FALSE,FALSE,TRUE,TRUE,TRUE,FALSE,TRUE,TRUE,FALSE,FALSE,19,66,Somewhat disagree,Strongly disagree,Strongly disagree,No,No,1 - Not at all,4,3,2,4,2,2,3,2,2,1- Very unlike me,1- Very unlike me,1- Very unlike me,NA,NA,NA,NA,Oregon,Neither support nor oppose,Unjustified,Yes,NA,NA,NA,1,1,2,1,Republican,Democrat,NA
Female,White/Caucasian,"Less than 30,000",2-year College Degree,Independent,Neither,NA,NA,NA,NA,NA,NA,NA,NA,NA,NA,NA,NA,NA,NA,NA,NA,,,NA,NA,NA,NA,NA,NA,NA,NA,NA,NA,NA,NA,NA,NA,NA,NA,NA,NA,NA,NA,NA,NA,NA,NA,NA,NA,NA,NA,NA,1,2,1,2,NA,NA,NA
Female,White/Caucasian,"70,000 – 79,999",4-year College Degree,Democrat,NA,NA,Strong Democrat,32,No,No,Yes,FALSE,TRUE,TRUE,TRUE,TRUE,FALSE,TRUE,TRUE,TRUE,TRUE,65,77,Somewhat agree,Neither agree nor disagree,Neither agree nor disagree,No,No,1 - Not at all,1- Very unlike me,3,3,1- Very unlike me,2,3,3,1- Very unlike me,1- Very unlike me,3,1- Very unlike me,3,NA,NA,NA,NA,NA,NA,NA,NA,Oregon,7 months to 1 year in jail,Support,2,1,2,1,Republican,Democrat,protesting without a permit
Female,White/Caucasian,"Less than 30,000",Less than High School,Republican,NA,Strong Republican,NA,53,No,No,No,FALSE,FALSE,TRUE,FALSE,TRUE,TRUE,FALSE,TRUE,FALSE,TRUE,0,73,Strongly agree,Neither agree nor disagree,Neither agree nor disagree,No,No,1 - Not at all,1- Very unlike me,5- Very like me,3,4,1- Very unlike me,2,3,2,4,1- Very unlike me,4,3,NA,NA,NA,NA,Oregon,Strongly oppose,Unjustified,Yes,NA,NA,NA,1,2,2,1,Democrat,Republican,NA
Female,White/Caucasian,"70,000 – 79,999","Professional Degree (JD, MD)",Democrat,NA,NA,Not a strong Democrat,34,NA,NA,NA,TRUE,TRUE,TRUE,TRUE,TRUE,TRUE,TRUE,TRUE,FALSE,FALSE,79,81,Somewhat agree,Somewhat agree,Somewhat agree,No,No,4,4,4,4,4,4,4,4,4,4,4,4,4,NA,NA,NA,NA,NA,NA,NA,NA,Florida,4 - 6 months in jail,Support,2,1,1,1,Republican,Democrat,arson
Female,White/Caucasian,"40,000 – 49,999",4-year College Degree,Republican,NA,Strong Republican,NA,51,No,Yes,Yes,FALSE,TRUE,TRUE,TRUE,TRUE,TRUE,FALSE,TRUE,TRUE,FALSE,0,100,Strongly agree,Strongly agree,Somewhat disagree,No,No,1 - Not at all,2,3,4,2,2,5- Very like me,3,2,2,2,4,2,Florida,Strongly oppose,Unjustified,Yes,NA,NA,NA,NA,NA,NA,NA,1,1,1,1,Democrat,Republican,NA
Male,White/Caucasian,"Less than 30,000",High School / GED,Democrat,NA,NA,Strong Democrat,56,No,Yes,Yes,FALSE,TRUE,TRUE,TRUE,TRUE,FALSE,FALSE,TRUE,FALSE,FALSE,90,10,Strongly agree,Somewhat disagree,Neither agree nor disagree,No,No,1 - Not at all,1- Very unlike me,1- Very unlike me,1- Very unlike me,1- Very unlike me,1- Very unlike me,1- Very unlike me,1- Very unlike me,1- Very unlike me,1- Very unlike me,1- Very unlike me,1- Very unlike me,1- Very unlike me,NA,NA,NA,NA,Oregon,Neither support nor oppose,Unjustified,No,NA,NA,NA,1,2,2,1,Republican,Democrat,NA
Female,White/Caucasian,"60,000 – 69,999",4-year College Degree,Republican,NA,Strong Republican,NA,25,No,No,Yes,TRUE,FALSE,FALSE,TRUE,FALSE,FALSE,TRUE,TRUE,TRUE,TRUE,11,80,Neither agree nor disagree,Somewhat agree,Neither agree nor disagree,Yes,No,4,3,3,4,2,3,3,4,1- Very unlike me,3,3,2,2,Kentucky,Support,Justified,No,NA,NA,NA,NA,NA,NA,NA,1,1,1,4,Democrat,Republican,NA
Female,White/Caucasian,"40,000 – 49,999",Some College,Democrat,NA,NA,Strong Democrat,57,Yes,Yes,Yes,TRUE,TRUE,TRUE,TRUE,TRUE,FALSE,FALSE,TRUE,FALSE,FALSE,92,80,Strongly disagree,Strongly disagree,Strongly disagree,No,No,1 - Not at all,2,3,2,1- Very unlike me,2,1- Very unlike me,1- Very unlike me,1- Very unlike me,2,1- Very unlike me,1- Very unlike me,1- Very unlike me,NA,NA,NA,NA,NA,NA,NA,NA,Oregon,Community service,Oppose,2,1,2,1,Republican,Democrat,assault
Male,White/Caucasian,"60,000 – 69,999",4-year College Degree,Republican,NA,Strong Republican,NA,74,No,No,Yes,TRUE,FALSE,TRUE,TRUE,TRUE,FALSE,FALSE,FALSE,FALSE,TRUE,18,92,Neither agree nor disagree,Somewhat agree,Somewhat agree,No,No,2,3,3,2,1- Very unlike me,1- Very unlike me,3,1- Very unlike me,1- Very unlike me,1- Very unlike me,1- Very unlike me,1- Very unlike me,1- Very unlike me,NA,NA,NA,NA,NA,NA,NA,NA,Oregon,4 - 30 days in jail,Strongly oppose,2,2,1,1,Democrat,Republican,assault
Male,White/Caucasian,"70,000 – 79,999",Masters Degree,Democrat,NA,NA,Strong Democrat,32,NA,NA,NA,TRUE,TRUE,TRUE,TRUE,TRUE,TRUE,TRUE,TRUE,TRUE,TRUE,87,73,Strongly agree,Strongly agree,Somewhat agree,Yes,Yes,5 - A great deal,4,2,5- Very like me,4,4,5- Very like me,5- Very like me,4,4,3,4,3,NA,NA,NA,NA,Washington,Support,Justified,Yes,NA,NA,NA,1,2,2,1,Republican,Democrat,NA
Female,White/Caucasian,"80,000 – 89,999",Some College,Republican,NA,Strong Republican,NA,37,No,No,Yes,TRUE,TRUE,TRUE,TRUE,TRUE,FALSE,FALSE,TRUE,FALSE,FALSE,46,100,Somewhat agree,Strongly disagree,Neither agree nor disagree,No,No,1 - Not at all,1- Very unlike me,1- Very unlike me,1- Very unlike me,1- Very unlike me,1- Very unlike me,1- Very unlike me,1- Very unlike me,1- Very unlike me,1- Very unlike me,1- Very unlike me,1- Very unlike me,1- Very unlike me,Florida,Strongly oppose,Unjustified,Yes,NA,NA,NA,NA,NA,NA,NA,1,1,1,1,Democrat,Republican,NA
Male,White/Caucasian,"100,000 or more",4-year College Degree,Republican,NA,Strong Republican,NA,34,Yes,Yes,Yes,TRUE,TRUE,TRUE,TRUE,TRUE,FALSE,TRUE,TRUE,FALSE,TRUE,92,83,Strongly agree,Somewhat disagree,Strongly agree,Yes,Yes,4,4,4,4,4,5- Very like me,5- Very like me,4,4,5- Very like me,5- Very like me,4,4,South Carolina,Strongly support,Justified,Yes,NA,NA,NA,NA,NA,NA,NA,1,1,1,1,Democrat,Republican,NA
Female,White/Caucasian,"70,000 – 79,999",Some College,Other,Democratic Party,NA,NA,19,Yes,No,Yes,FALSE,TRUE,TRUE,TRUE,TRUE,FALSE,FALSE,TRUE,FALSE,FALSE,68,23,Somewhat agree,Neither agree nor disagree,Neither agree nor disagree,No,Yes,2,3,4,4,4,3,1- Very unlike me,1- Very unlike me,1- Very unlike me,3,1- Very unlike me,1- Very unlike me,1- Very unlike me,NA,NA,NA,NA,NA,NA,NA,NA,California,1 - 3 days in jail,Oppose,2,2,1,1,Republican,Democrat,assault
Male,White/Caucasian,"100,000 or more",Masters Degree,Democrat,NA,NA,Strong Democrat,35,NA,NA,NA,FALSE,TRUE,TRUE,TRUE,FALSE,FALSE,TRUE,TRUE,FALSE,TRUE,87,25,Neither agree nor disagree,Somewhat agree,Somewhat disagree,No,Yes,4,4,1- Very unlike me,3,4,2,4,4,3,4,2,3,3,NA,NA,NA,NA,NA,NA,NA,NA,California,4 - 6 months in jail,Oppose,2,1,2,1,Republican,Democrat,assault
Female,White/Caucasian,"Less than 30,000",High School / GED,Republican,NA,Strong Republican,NA,64,No,No,Yes,TRUE,TRUE,TRUE,TRUE,TRUE,FALSE,FALSE,FALSE,FALSE,FALSE,0,100,Neither agree nor disagree,Neither agree nor disagree,NA,No,No,1 - Not at all,1- Very unlike me,3,3,2,3,4,1- Very unlike me,1- Very unlike me,1- Very unlike me,1- Very unlike me,5- Very like me,1- Very unlike me,NA,NA,NA,NA,Arizona,Strongly oppose,Unjustified,Yes,NA,NA,NA,1,2,2,1,Democrat,Republican,NA
Male,White/Caucasian,"100,000 or more",4-year College Degree,Democrat,NA,NA,Not a strong Democrat,35,No,Yes,Yes,TRUE,TRUE,FALSE,TRUE,TRUE,TRUE,FALSE,FALSE,FALSE,TRUE,100,5,Strongly agree,Strongly disagree,Somewhat disagree,No,No,1 - Not at all,1- Very unlike me,2,4,1- Very unlike me,5- Very like me,4,1- Very unlike me,1- Very unlike me,1- Very unlike me,1- Very unlike me,1- Very unlike me,1- Very unlike me,NA,NA,NA,NA,Idaho,Strongly support,Unjustified,Yes,NA,NA,NA,1,1,2,1,Republican,Democrat,NA
Female,White/Caucasian,"Less than 30,000",Some College,Democrat,NA,NA,Not a strong Democrat,41,No,No,No,FALSE,TRUE,TRUE,TRUE,TRUE,TRUE,FALSE,FALSE,FALSE,FALSE,65,40,Neither agree nor disagree,Somewhat disagree,Neither agree nor disagree,No,No,1 - Not at all,5- Very like me,4,2,1- Very unlike me,4,2,3,2,4,2,1- Very unlike me,2,Florida,Strongly oppose,Unjustified,Yes,NA,NA,NA,NA,NA,NA,NA,1,2,1,1,Republican,Democrat,NA
Female,White/Caucasian,"30,000 – 39,999",Less than High School,Democrat,NA,NA,Not a strong Democrat,49,No,No,No,FALSE,TRUE,TRUE,FALSE,FALSE,TRUE,FALSE,TRUE,TRUE,TRUE,85,29,Strongly disagree,Strongly disagree,Neither agree nor disagree,No,No,1 - Not at all,3,2,5- Very like me,4,1- Very unlike me,3,3,1- Very unlike me,3,3,1- Very unlike me,3,NA,NA,NA,NA,Oregon,Support,Unjustified,Yes,NA,NA,NA,1,1,2,1,Republican,Democrat,NA
Female,White/Caucasian,"Less than 30,000",High School / GED,Democrat,NA,NA,Not a strong Democrat,54,NA,NA,NA,NA,NA,NA,NA,NA,NA,NA,NA,NA,NA,,,NA,NA,NA,NA,NA,NA,NA,NA,NA,NA,NA,NA,NA,NA,NA,NA,NA,NA,NA,NA,NA,NA,NA,NA,NA,NA,NA,NA,NA,1,2,2,2,NA,NA,NA
Female,White/Caucasian,"Less than 30,000",Some College,Republican,NA,Not a strong Republican,NA,69,No,No,Yes,FALSE,TRUE,TRUE,FALSE,TRUE,TRUE,TRUE,TRUE,FALSE,TRUE,9,87,Neither agree nor disagree,Somewhat agree,Somewhat agree,Yes,No,1 - Not at all,2,4,4,1- Very unlike me,2,4,1- Very unlike me,1- Very unlike me,1- Very unlike me,1- Very unlike me,4,4,Florida,Strongly oppose,Unjustified,Yes,NA,NA,NA,NA,NA,NA,NA,1,1,1,1,Democrat,Republican,NA
Female,White/Caucasian,"40,000 – 49,999",High School / GED,Republican,NA,Not a strong Republican,NA,58,No,No,No,FALSE,FALSE,TRUE,TRUE,TRUE,TRUE,FALSE,FALSE,FALSE,TRUE,50,50,Neither agree nor disagree,Strongly disagree,Neither agree nor disagree,No,No,1 - Not at all,1- Very unlike me,1- Very unlike me,1- Very unlike me,2,2,1- Very unlike me,2,1- Very unlike me,2,1- Very unlike me,1- Very unlike me,1- Very unlike me,NA,NA,NA,NA,NA,NA,NA,NA,California,Community service,Strongly oppose,2,1,2,1,Democrat,Republican,vandalism
Female,White/Caucasian,"80,000 – 89,999",Some College,Democrat,NA,NA,Strong Democrat,35,NA,NA,NA,FALSE,TRUE,TRUE,TRUE,TRUE,TRUE,FALSE,TRUE,TRUE,FALSE,100,33,Neither agree nor disagree,Strongly disagree,Strongly disagree,No,No,3,3,2,5- Very like me,2,1- Very unlike me,3,4,3,2,2,2,2,NA,NA,NA,NA,California,Strongly oppose,Unjustified,Yes,NA,NA,NA,1,2,2,1,Republican,Democrat,NA
Male,White/Caucasian,"80,000 – 89,999",Some College,Republican,NA,Strong Republican,NA,83,No,No,Yes,TRUE,TRUE,TRUE,TRUE,FALSE,FALSE,FALSE,FALSE,FALSE,FALSE,30,93,Somewhat agree,Neither agree nor disagree,Neither agree nor disagree,No,No,1 - Not at all,1- Very unlike me,3,1- Very unlike me,1- Very unlike me,1- Very unlike me,1- Very unlike me,1- Very unlike me,1- Very unlike me,1- Very unlike me,1- Very unlike me,1- Very unlike me,1- Very unlike me,NA,NA,NA,NA,Oregon,Strongly oppose,Unjustified,Yes,NA,NA,NA,1,2,2,1,Democrat,Republican,NA
NA,NA,NA,NA,NA,NA,NA,NA,NA,NA,NA,NA,NA,NA,NA,NA,NA,NA,NA,NA,NA,NA,,,NA,NA,NA,NA,NA,NA,NA,NA,NA,NA,NA,NA,NA,NA,NA,NA,NA,NA,NA,NA,NA,NA,NA,NA,NA,NA,NA,NA,NA,2,1,1,4,NA,NA,NA
Female,White/Caucasian,"100,000 or more",4-year College Degree,Republican,NA,Strong Republican,NA,31,No,No,No,FALSE,TRUE,TRUE,TRUE,TRUE,FALSE,FALSE,FALSE,FALSE,FALSE,0,90,Neither agree nor disagree,Somewhat disagree,Neither agree nor disagree,No,No,1 - Not at all,2,3,2,3,2,3,2,1- Very unlike me,2,2,3,2,NA,NA,NA,NA,NA,NA,NA,NA,Oregon,6 - 10 years in prison,Strongly oppose,2,1,2,1,Democrat,Republican,assault
Male,White/Caucasian,"Less than 30,000",Some College,Democrat,NA,NA,Strong Democrat,40,NA,NA,NA,NA,NA,NA,NA,NA,NA,NA,NA,NA,NA,,,NA,NA,NA,NA,NA,NA,NA,NA,NA,NA,NA,NA,NA,NA,NA,NA,NA,NA,NA,NA,NA,NA,NA,NA,NA,NA,NA,NA,NA,1,2,1,2,NA,NA,NA
Female,White/Caucasian,"100,000 or more","Professional Degree (JD, MD)",Democrat,NA,NA,Strong Democrat,38,No,Yes,Yes,TRUE,FALSE,TRUE,TRUE,FALSE,FALSE,FALSE,FALSE,FALSE,FALSE,88,35,Neither agree nor disagree,Somewhat disagree,Somewhat disagree,No,No,2,1- Very unlike me,1- Very unlike me,2,2,2,1- Very unlike me,3,1- Very unlike me,1- Very unlike me,1- Very unlike me,1- Very unlike me,1- Very unlike me,NA,NA,NA,NA,NA,NA,NA,NA,Washington,4 - 30 days in jail,Neither support nor oppose,2,1,2,1,Republican,Democrat,vandalism
Female,White/Caucasian,"100,000 or more",4-year College Degree,Democrat,NA,NA,Strong Democrat,30,NA,NA,NA,FALSE,TRUE,TRUE,TRUE,FALSE,FALSE,FALSE,TRUE,TRUE,TRUE,95,42,Strongly agree,Strongly agree,Somewhat agree,Yes,Yes,1 - Not at all,1- Very unlike me,3,4,4,2,5- Very like me,2,4,3,5- Very like me,5- Very like me,5- Very like me,NA,NA,NA,NA,NA,NA,NA,NA,Florida,11 - 15 years in prison,Strongly support,2,1,2,1,Republican,Democrat,vandalism
Male,White/Caucasian,"100,000 or more",4-year College Degree,Republican,NA,Strong Republican,NA,45,NA,NA,NA,FALSE,FALSE,TRUE,TRUE,TRUE,TRUE,TRUE,FALSE,FALSE,TRUE,81,75,Somewhat agree,Neither agree nor disagree,Strongly agree,No,Yes,4,5- Very like me,5- Very like me,3,4,3,5- Very like me,4,5- Very like me,4,4,5- Very like me,3,NA,NA,NA,NA,NA,NA,NA,NA,Florida,4 - 30 days in jail,Support,2,1,1,1,Democrat,Republican,assault
Female,White/Caucasian,"30,000 – 39,999",Some College,Democrat,NA,NA,Not a strong Democrat,46,NA,NA,NA,TRUE,TRUE,TRUE,TRUE,TRUE,FALSE,FALSE,TRUE,FALSE,FALSE,72,61,Neither agree nor disagree,Neither agree nor disagree,Neither agree nor disagree,No,No,1 - Not at all,1- Very unlike me,1- Very unlike me,1- Very unlike me,1- Very unlike me,1- Very unlike me,1- Very unlike me,1- Very unlike me,1- Very unlike me,1- Very unlike me,1- Very unlike me,1- Very unlike me,1- Very unlike me,NA,NA,NA,NA,NA,NA,NA,NA,Oregon,11 - 15 years in prison,Strongly oppose,2,1,1,1,Republican,Democrat,assault with a deadly weapon
Male,White/Caucasian,"70,000 – 79,999",4-year College Degree,Republican,NA,Not a strong Republican,NA,18,NA,NA,NA,NA,NA,NA,NA,NA,NA,NA,NA,NA,NA,,,NA,NA,NA,NA,NA,NA,NA,NA,NA,NA,NA,NA,NA,NA,NA,NA,NA,NA,NA,NA,NA,NA,NA,NA,NA,NA,NA,NA,NA,1,2,1,2,NA,NA,NA
Female,White/Caucasian,"Less than 30,000",Some College,Republican,NA,Not a strong Republican,NA,54,NA,NA,NA,FALSE,TRUE,TRUE,TRUE,TRUE,TRUE,FALSE,TRUE,TRUE,TRUE,18,60,Neither agree nor disagree,Somewhat agree,Neither agree nor disagree,Yes,No,1 - Not at all,5- Very like me,2,4,5- Very like me,4,3,4,4,3,2,4,4,NA,NA,NA,NA,NA,NA,NA,NA,Washington,2 - 5 years in prison,Oppose,2,2,2,1,Democrat,Republican,assault with a deadly weapon
Male,White/Caucasian,"100,000 or more",Masters Degree,Democrat,NA,NA,Strong Democrat,42,Yes,Yes,Yes,TRUE,TRUE,TRUE,TRUE,TRUE,FALSE,FALSE,TRUE,FALSE,TRUE,25,67,Strongly agree,Somewhat disagree,Strongly disagree,No,No,1 - Not at all,1- Very unlike me,1- Very unlike me,5- Very like me,1- Very unlike me,1- Very unlike me,1- Very unlike me,1- Very unlike me,1- Very unlike me,1- Very unlike me,1- Very unlike me,1- Very unlike me,1- Very unlike me,NA,NA,NA,NA,NA,NA,NA,NA,California,Community service,Strongly support,2,2,1,1,Republican,Democrat,assault
Male,White/Caucasian,"100,000 or more",Masters Degree,Democrat,NA,NA,Strong Democrat,35,Yes,Yes,Yes,TRUE,TRUE,TRUE,TRUE,FALSE,FALSE,FALSE,FALSE,FALSE,FALSE,95,89,Somewhat disagree,Strongly disagree,Strongly disagree,No,No,4,5- Very like me,5- Very like me,4,2,2,4,2,1- Very unlike me,2,1- Very unlike me,2,1- Very unlike me,NA,NA,NA,NA,NA,NA,NA,NA,Florida,2 - 5 years in prison,Strongly support,2,2,2,1,Republican,Democrat,arson
Male,White/Caucasian,"100,000 or more",Masters Degree,Democrat,NA,NA,Strong Democrat,40,NA,NA,NA,FALSE,TRUE,TRUE,TRUE,TRUE,FALSE,TRUE,FALSE,FALSE,FALSE,0,21,Somewhat agree,Somewhat agree,Neither agree nor disagree,No,Yes,5 - A great deal,2,2,4,3,3,4,4,3,3,2,3,3,NA,NA,NA,NA,Oregon,Neither support nor oppose,Unjustified,No,NA,NA,NA,1,1,2,1,Republican,Democrat,NA
Male,White/Caucasian,"Less than 30,000",High School / GED,Republican,NA,Not a strong Republican,NA,34,No,No,No,TRUE,TRUE,TRUE,TRUE,TRUE,FALSE,TRUE,TRUE,FALSE,FALSE,9,76,Somewhat agree,Neither agree nor disagree,Somewhat disagree,No,No,1 - Not at all,3,2,3,1- Very unlike me,2,2,2,2,3,2,3,2,NA,NA,NA,NA,Oregon,Strongly oppose,Unjustified,Yes,NA,NA,NA,1,1,2,1,Democrat,Republican,NA
Male,White/Caucasian,"100,000 or more",Some College,Republican,NA,Strong Republican,NA,68,No,No,Yes,FALSE,FALSE,TRUE,TRUE,TRUE,TRUE,FALSE,TRUE,TRUE,TRUE,95,95,Somewhat agree,Neither agree nor disagree,Neither agree nor disagree,No,No,1 - Not at all,2,3,3,1- Very unlike me,1- Very unlike me,2,2,1- Very unlike me,2,1- Very unlike me,2,1- Very unlike me,Florida,Strongly oppose,Unjustified,Yes,NA,NA,NA,NA,NA,NA,NA,1,1,1,1,Democrat,Republican,NA
Male,White/Caucasian,"100,000 or more",4-year College Degree,Republican,NA,Not a strong Republican,NA,70,No,No,Yes,FALSE,TRUE,TRUE,TRUE,TRUE,TRUE,FALSE,TRUE,FALSE,FALSE,30,40,Neither agree nor disagree,Somewhat disagree,Somewhat disagree,No,No,1 - Not at all,1- Very unlike me,3,1- Very unlike me,1- Very unlike me,3,3,3,2,2,2,2,2,Florida,Oppose,Unjustified,Yes,NA,NA,NA,NA,NA,NA,NA,1,1,1,1,Democrat,Republican,NA
Male,White/Caucasian,"100,000 or more",Doctoral Degree,Republican,NA,Strong Republican,NA,36,Yes,No,Yes,TRUE,FALSE,FALSE,TRUE,TRUE,TRUE,FALSE,TRUE,FALSE,FALSE,31,100,Neither agree nor disagree,Somewhat agree,Somewhat agree,No,No,3,3,4,3,4,5- Very like me,5- Very like me,1- Very unlike me,1- Very unlike me,5- Very like me,1- Very unlike me,2,1- Very unlike me,NA,NA,NA,NA,New Mexico,Strongly oppose,Justified,Yes,NA,NA,NA,1,2,2,1,Democrat,Republican,NA
Female,White/Caucasian,"90,000 – 99,999",High School / GED,Republican,NA,Strong Republican,NA,67,No,No,Yes,TRUE,TRUE,TRUE,TRUE,TRUE,FALSE,FALSE,FALSE,FALSE,FALSE,20,90,Neither agree nor disagree,Neither agree nor disagree,Neither agree nor disagree,No,No,1 - Not at all,1- Very unlike me,3,1- Very unlike me,1- Very unlike me,1- Very unlike me,1- Very unlike me,1- Very unlike me,1- Very unlike me,1- Very unlike me,1- Very unlike me,1- Very unlike me,1- Very unlike me,Florida,Strongly oppose,Unjustified,Yes,NA,NA,NA,NA,NA,NA,NA,1,1,1,1,Democrat,Republican,NA
Male,White/Caucasian,"100,000 or more",High School / GED,Democrat,NA,NA,Strong Democrat,35,NA,NA,NA,FALSE,TRUE,FALSE,FALSE,TRUE,TRUE,FALSE,TRUE,TRUE,TRUE,87,100,Strongly agree,Somewhat agree,Neither agree nor disagree,Yes,Yes,5 - A great deal,5- Very like me,5- Very like me,5- Very like me,4,5- Very like me,3,3,1- Very unlike me,5- Very like me,5- Very like me,5- Very like me,4,NA,NA,NA,NA,NA,NA,NA,NA,California,11 - 15 years in prison,Strongly support,2,1,1,1,Republican,Democrat,arson
Female,White/Caucasian,"30,000 – 39,999",High School / GED,Democrat,NA,NA,Not a strong Democrat,61,No,No,Yes,TRUE,TRUE,TRUE,TRUE,TRUE,FALSE,FALSE,TRUE,FALSE,FALSE,52,53,Neither agree nor disagree,Strongly disagree,Strongly disagree,No,No,1 - Not at all,1- Very unlike me,3,1- Very unlike me,2,1- Very unlike me,2,3,1- Very unlike me,1- Very unlike me,1- Very unlike me,1- Very unlike me,2,Florida,Strongly oppose,Unjustified,Yes,NA,NA,NA,NA,NA,NA,NA,1,1,1,1,Republican,Democrat,NA
Female,White/Caucasian,"100,000 or more",4-year College Degree,Independent,Democratic Party,NA,NA,58,No,No,Yes,FALSE,TRUE,TRUE,TRUE,TRUE,FALSE,FALSE,FALSE,TRUE,FALSE,93,14,Neither agree nor disagree,Somewhat disagree,Neither agree nor disagree,No,No,1 - Not at all,1- Very unlike me,2,4,1- Very unlike me,1- Very unlike me,2,1- Very unlike me,1- Very unlike me,1- Very unlike me,1- Very unlike me,1- Very unlike me,1- Very unlike me,NA,NA,NA,NA,Oregon,Neither support nor oppose,Unjustified,Yes,NA,NA,NA,1,1,2,1,Republican,Democrat,NA
Male,White/Caucasian,"70,000 – 79,999",Some College,Democrat,NA,NA,Not a strong Democrat,78,NA,NA,NA,FALSE,FALSE,TRUE,FALSE,TRUE,FALSE,FALSE,TRUE,FALSE,FALSE,49,50,Strongly agree,Strongly disagree,Neither agree nor disagree,No,No,1 - Not at all,1- Very unlike me,3,4,1- Very unlike me,1- Very unlike me,1- Very unlike me,1- Very unlike me,1- Very unlike me,1- Very unlike me,1- Very unlike me,1- Very unlike me,1- Very unlike me,NA,NA,NA,NA,NA,NA,NA,NA,Washington,Community service,Neither support nor oppose,2,1,2,1,Republican,Democrat,protesting without a permit
NA,NA,NA,NA,NA,NA,NA,NA,NA,NA,NA,NA,NA,NA,NA,NA,NA,NA,NA,NA,NA,NA,,,NA,NA,NA,NA,NA,NA,NA,NA,NA,NA,NA,NA,NA,NA,NA,NA,NA,NA,NA,NA,NA,NA,NA,NA,NA,NA,NA,NA,NA,2,1,2,4,NA,NA,NA
Male,White/Caucasian,"100,000 or more",Masters Degree,Independent,Democratic Party,NA,NA,35,No,No,Yes,TRUE,TRUE,TRUE,FALSE,FALSE,TRUE,FALSE,TRUE,FALSE,TRUE,8,0,Somewhat agree,Somewhat agree,NA,Yes,Yes,4,3,3,3,3,3,3,3,3,3,3,3,3,Florida,Support,Justified,Yes,NA,NA,NA,NA,NA,NA,NA,1,2,1,1,Republican,Democrat,NA
Female,White/Caucasian,"Less than 30,000",High School / GED,Independent,Democratic Party,NA,NA,47,NA,NA,NA,NA,NA,NA,NA,NA,NA,NA,NA,NA,NA,,,NA,NA,NA,NA,NA,NA,NA,NA,NA,NA,NA,NA,NA,NA,NA,NA,NA,NA,NA,NA,NA,NA,NA,NA,NA,NA,NA,NA,NA,2,2,1,2,NA,NA,NA
Male,White/Caucasian,"100,000 or more",4-year College Degree,Republican,NA,Strong Republican,NA,45,NA,NA,NA,TRUE,FALSE,FALSE,TRUE,TRUE,TRUE,FALSE,FALSE,FALSE,FALSE,86,100,Strongly agree,Somewhat disagree,Strongly disagree,No,No,3,2,2,2,2,5- Very like me,3,1- Very unlike me,1- Very unlike me,1- Very unlike me,1- Very unlike me,1- Very unlike me,1- Very unlike me,NA,NA,NA,NA,NA,NA,NA,NA,Texas,7 months to 1 year in jail,Strongly oppose,2,2,1,1,Democrat,Republican,assault with a deadly weapon
Male,White/Caucasian,"100,000 or more","Professional Degree (JD, MD)",Republican,NA,Not a strong Republican,NA,47,NA,NA,NA,NA,NA,NA,NA,NA,NA,NA,NA,NA,NA,,,NA,NA,NA,NA,NA,NA,NA,NA,NA,NA,NA,NA,NA,NA,NA,NA,NA,NA,NA,NA,NA,NA,NA,NA,NA,NA,NA,NA,NA,1,1,1,2,NA,NA,NA
Female,White/Caucasian,"Less than 30,000",High School / GED,Republican,NA,Strong Republican,NA,36,NA,NA,NA,TRUE,TRUE,TRUE,TRUE,TRUE,FALSE,FALSE,FALSE,TRUE,FALSE,9,83,Neither agree nor disagree,Strongly agree,Strongly agree,No,No,3,2,3,3,3,3,3,3,2,3,2,2,2,NA,NA,NA,NA,California,Neither support nor oppose,Justified,Yes,NA,NA,NA,1,1,2,1,Democrat,Republican,NA
Male,White/Caucasian,"100,000 or more",4-year College Degree,Democrat,NA,NA,Strong Democrat,73,No,Yes,Yes,FALSE,TRUE,TRUE,FALSE,TRUE,FALSE,FALSE,FALSE,FALSE,FALSE,100,12,Strongly disagree,Neither agree nor disagree,Neither agree nor disagree,No,No,1 - Not at all,2,2,1- Very unlike me,1- Very unlike me,1- Very unlike me,1- Very unlike me,1- Very unlike me,1- Very unlike me,1- Very unlike me,1- Very unlike me,1- Very unlike me,1- Very unlike me,Georgia,Strongly oppose,Unjustified,Yes,NA,NA,NA,NA,NA,NA,NA,1,1,1,1,Republican,Democrat,NA
Female,White/Caucasian,"50,000 – 59,999",High School / GED,Democrat,NA,NA,Not a strong Democrat,40,No,No,Yes,FALSE,TRUE,TRUE,FALSE,TRUE,FALSE,FALSE,FALSE,TRUE,TRUE,11,24,Strongly disagree,Strongly disagree,Strongly disagree,No,No,1 - Not at all,1- Very unlike me,1- Very unlike me,3,1- Very unlike me,1- Very unlike me,4,2,1- Very unlike me,1- Very unlike me,1- Very unlike me,3,1- Very unlike me,Georgia,Strongly oppose,Unjustified,Yes,NA,NA,NA,NA,NA,NA,NA,1,2,1,1,Republican,Democrat,NA
Male,White/Caucasian,"40,000 – 49,999",4-year College Degree,Democrat,NA,NA,Not a strong Democrat,83,No,Yes,Yes,TRUE,TRUE,TRUE,TRUE,TRUE,TRUE,FALSE,FALSE,FALSE,TRUE,72,42,Neither agree nor disagree,Strongly disagree,Strongly disagree,No,No,1 - Not at all,1- Very unlike me,2,3,1- Very unlike me,1- Very unlike me,1- Very unlike me,2,1- Very unlike me,1- Very unlike me,1- Very unlike me,1- Very unlike me,1- Very unlike me,NA,NA,NA,NA,NA,NA,NA,NA,California,2 - 5 years in prison,Oppose,2,2,2,1,Republican,Democrat,assault with a deadly weapon
Male,White/Caucasian,"100,000 or more",4-year College Degree,Republican,NA,Strong Republican,NA,54,No,No,Yes,TRUE,TRUE,TRUE,TRUE,TRUE,FALSE,FALSE,FALSE,FALSE,FALSE,76,85,Neither agree nor disagree,Strongly disagree,Strongly disagree,No,No,3,1- Very unlike me,1- Very unlike me,1- Very unlike me,1- Very unlike me,1- Very unlike me,1- Very unlike me,1- Very unlike me,1- Very unlike me,1- Very unlike me,1- Very unlike me,1- Very unlike me,1- Very unlike me,Florida,Strongly oppose,Unjustified,Yes,NA,NA,NA,NA,NA,NA,NA,1,2,1,1,Democrat,Republican,NA
Female,White/Caucasian,"30,000 – 39,999",4-year College Degree,Democrat,NA,NA,Strong Democrat,26,No,No,Yes,FALSE,TRUE,TRUE,TRUE,TRUE,TRUE,FALSE,TRUE,TRUE,FALSE,100,10,Somewhat disagree,Strongly disagree,Somewhat disagree,No,No,1 - Not at all,1- Very unlike me,1- Very unlike me,4,2,2,4,2,1- Very unlike me,1- Very unlike me,1- Very unlike me,3,1- Very unlike me,NA,NA,NA,NA,NA,NA,NA,NA,Oregon,More than 20 years in prison,Strongly oppose,2,2,1,1,Republican,Democrat,murder
Female,White/Caucasian,"50,000 – 59,999",2-year College Degree,Republican,NA,Strong Republican,NA,63,No,No,Yes,FALSE,TRUE,TRUE,TRUE,FALSE,FALSE,FALSE,FALSE,TRUE,TRUE,0,75,Neither agree nor disagree,Strongly agree,Neither agree nor disagree,Yes,Yes,4,3,4,4,4,4,4,3,1- Very unlike me,4,3,2,4,NA,NA,NA,NA,Oregon,Oppose,Justified,Yes,NA,NA,NA,1,2,2,1,Democrat,Republican,NA
Male,White/Caucasian,"30,000 – 39,999",Doctoral Degree,Republican,NA,Strong Republican,NA,75,No,No,Yes,TRUE,FALSE,TRUE,TRUE,TRUE,FALSE,FALSE,FALSE,FALSE,FALSE,18,65,Neither agree nor disagree,Strongly disagree,Neither agree nor disagree,No,No,1 - Not at all,3,4,4,1- Very unlike me,2,2,1- Very unlike me,1- Very unlike me,3,1- Very unlike me,1- Very unlike me,1- Very unlike me,NA,NA,NA,NA,NA,NA,NA,NA,Oregon,2 - 5 years in prison,Oppose,2,2,2,1,Democrat,Republican,assault with a deadly weapon
Female,White/Caucasian,"Less than 30,000",2-year College Degree,Democrat,NA,NA,Strong Democrat,41,No,No,Yes,FALSE,TRUE,TRUE,TRUE,TRUE,TRUE,TRUE,TRUE,TRUE,TRUE,81,7,Neither agree nor disagree,Strongly disagree,Somewhat disagree,No,Yes,2,1- Very unlike me,4,2,3,1- Very unlike me,2,2,1- Very unlike me,3,3,2,1- Very unlike me,NA,NA,NA,NA,NA,NA,NA,NA,Oregon,Community service,Strongly support,2,1,2,1,Republican,Democrat,protesting without a permit
Male,White/Caucasian,"100,000 or more","Professional Degree (JD, MD)",Democrat,NA,NA,Strong Democrat,72,No,Yes,Yes,FALSE,TRUE,TRUE,FALSE,TRUE,TRUE,TRUE,TRUE,TRUE,TRUE,100,0,Neither agree nor disagree,Somewhat disagree,Neither agree nor disagree,No,Yes,1 - Not at all,1- Very unlike me,5- Very like me,1- Very unlike me,1- Very unlike me,4,1- Very unlike me,3,1- Very unlike me,1- Very unlike me,3,1- Very unlike me,1- Very unlike me,NA,NA,NA,NA,NA,NA,NA,NA,Washington,More than 20 years in prison,Strongly oppose,2,2,1,1,Republican,Democrat,murder
Male,White/Caucasian,"90,000 – 99,999","Professional Degree (JD, MD)",Republican,NA,Strong Republican,NA,25,Yes,No,Yes,FALSE,FALSE,FALSE,TRUE,FALSE,TRUE,TRUE,TRUE,TRUE,TRUE,86,100,Neither agree nor disagree,Strongly agree,Neither agree nor disagree,Yes,No,5 - A great deal,5- Very like me,4,3,3,5- Very like me,4,4,3,4,4,5- Very like me,4,NA,NA,NA,NA,NA,NA,NA,NA,Florida,4 - 30 days in jail,Strongly support,2,2,1,1,Democrat,Republican,assault
Male,White/Caucasian,"100,000 or more",4-year College Degree,Democrat,NA,NA,Strong Democrat,35,Yes,No,Yes,TRUE,TRUE,TRUE,TRUE,TRUE,FALSE,FALSE,FALSE,FALSE,TRUE,30,81,Strongly agree,Somewhat agree,Strongly agree,Yes,No,4,3,4,1- Very unlike me,4,2,5- Very like me,1- Very unlike me,3,3,3,4,2,NA,NA,NA,NA,Arizona,Strongly support,Justified,No,NA,NA,NA,1,1,2,1,Republican,Democrat,NA
Male,White/Caucasian,"100,000 or more",Masters Degree,Democrat,NA,NA,Strong Democrat,52,NA,NA,NA,NA,NA,NA,NA,NA,NA,NA,NA,NA,NA,,,NA,NA,NA,NA,NA,NA,NA,NA,NA,NA,NA,NA,NA,NA,NA,NA,NA,NA,NA,NA,NA,NA,NA,NA,NA,NA,NA,NA,NA,1,2,1,2,NA,NA,NA
Male,White/Caucasian,"90,000 – 99,999",High School / GED,Democrat,NA,NA,Strong Democrat,49,No,No,Yes,FALSE,TRUE,TRUE,TRUE,TRUE,FALSE,FALSE,TRUE,FALSE,FALSE,70,9,Neither agree nor disagree,Strongly disagree,Neither agree nor disagree,No,No,1 - Not at all,1- Very unlike me,2,1- Very unlike me,1- Very unlike me,1- Very unlike me,1- Very unlike me,1- Very unlike me,1- Very unlike me,1- Very unlike me,1- Very unlike me,1- Very unlike me,1- Very unlike me,NA,NA,NA,NA,Oregon,Neither support nor oppose,Unjustified,Yes,NA,NA,NA,1,1,2,1,Republican,Democrat,NA
Female,White/Caucasian,"90,000 – 99,999",Some College,Democrat,NA,NA,Strong Democrat,59,No,Yes,Yes,FALSE,TRUE,TRUE,FALSE,TRUE,TRUE,FALSE,TRUE,TRUE,FALSE,81,20,Strongly agree,Strongly disagree,Neither agree nor disagree,No,No,1 - Not at all,2,3,2,1- Very unlike me,3,2,3,1- Very unlike me,2,1- Very unlike me,3,2,NA,NA,NA,NA,NA,NA,NA,NA,Oregon,2 - 3 months in jail,Strongly oppose,2,2,1,1,Republican,Democrat,assault
Male,White/Caucasian,"100,000 or more",Masters Degree,Republican,NA,Strong Republican,NA,39,No,No,Yes,TRUE,FALSE,FALSE,FALSE,TRUE,TRUE,TRUE,TRUE,TRUE,FALSE,0,68,Strongly agree,Strongly agree,Strongly agree,Yes,No,5 - A great deal,1- Very unlike me,3,5- Very like me,5- Very like me,5- Very like me,5- Very like me,1- Very unlike me,1- Very unlike me,1- Very unlike me,3,5- Very like me,3,NA,NA,NA,NA,NA,NA,NA,NA,Texas,4 - 30 days in jail,Strongly oppose,2,2,2,1,Democrat,Republican,protesting without a permit
Male,White/Caucasian,"100,000 or more",Masters Degree,Democrat,NA,NA,Strong Democrat,38,Yes,No,Yes,FALSE,TRUE,TRUE,TRUE,TRUE,TRUE,FALSE,TRUE,TRUE,FALSE,83,9,Somewhat agree,Strongly agree,Somewhat agree,No,Yes,3,4,4,4,3,4,4,3,4,3,3,3,4,NA,NA,NA,NA,NA,NA,NA,NA,Oregon,2 - 3 months in jail,NA,2,2,2,1,Republican,Democrat,vandalism
Female,White/Caucasian,"30,000 – 39,999",2-year College Degree,Republican,NA,Strong Republican,NA,48,NA,NA,NA,TRUE,TRUE,TRUE,TRUE,TRUE,FALSE,FALSE,TRUE,FALSE,FALSE,26,100,Neither agree nor disagree,Neither agree nor disagree,Neither agree nor disagree,No,No,1 - Not at all,1- Very unlike me,3,3,1- Very unlike me,3,2,3,1- Very unlike me,1- Very unlike me,1- Very unlike me,2,1- Very unlike me,NA,NA,NA,NA,NA,NA,NA,NA,Texas,7 months to 1 year in jail,Oppose,2,1,2,1,Democrat,Republican,assault
Female,White/Caucasian,"Less than 30,000",2-year College Degree,Republican,NA,Strong Republican,NA,72,No,No,Yes,TRUE,TRUE,TRUE,TRUE,TRUE,FALSE,FALSE,FALSE,FALSE,TRUE,20,98,Strongly disagree,Somewhat agree,Strongly agree,No,No,1 - Not at all,1- Very unlike me,1- Very unlike me,5- Very like me,1- Very unlike me,1- Very unlike me,1- Very unlike me,1- Very unlike me,1- Very unlike me,1- Very unlike me,1- Very unlike me,5- Very like me,1- Very unlike me,NA,NA,NA,NA,Oregon,Neither support nor oppose,Unjustified,Yes,NA,NA,NA,1,1,2,1,Democrat,Republican,NA
Male,White/Caucasian,"40,000 – 49,999",2-year College Degree,Democrat,NA,NA,Strong Democrat,34,NA,NA,NA,FALSE,FALSE,TRUE,TRUE,TRUE,TRUE,FALSE,TRUE,TRUE,TRUE,90,0,Neither agree nor disagree,Somewhat agree,Neither agree nor disagree,No,No,1 - Not at all,1- Very unlike me,3,4,2,3,5- Very like me,3,1- Very unlike me,2,2,5- Very like me,1- Very unlike me,NA,NA,NA,NA,Oregon,Neither support nor oppose,Unjustified,Yes,NA,NA,NA,1,2,2,1,Republican,Democrat,NA
Female,White/Caucasian,"100,000 or more",Some College,Republican,NA,Strong Republican,NA,38,No,No,Yes,FALSE,FALSE,TRUE,TRUE,TRUE,FALSE,FALSE,FALSE,FALSE,FALSE,0,100,Somewhat agree,Somewhat disagree,Neither agree nor disagree,No,No,1 - Not at all,3,2,3,3,2,4,3,1- Very unlike me,2,2,2,3,NA,NA,NA,NA,Oregon,Strongly oppose,Unjustified,No,NA,NA,NA,1,2,2,1,Democrat,Republican,NA
Female,White/Caucasian,"30,000 – 39,999",Some College,Democrat,NA,NA,Strong Democrat,33,No,No,Yes,FALSE,FALSE,TRUE,FALSE,TRUE,TRUE,FALSE,TRUE,TRUE,TRUE,90,20,Neither agree nor disagree,Somewhat disagree,Neither agree nor disagree,No,No,1 - Not at all,1- Very unlike me,3,2,1- Very unlike me,2,1- Very unlike me,1- Very unlike me,1- Very unlike me,1- Very unlike me,2,3,2,Florida,Strongly oppose,Unjustified,Yes,NA,NA,NA,NA,NA,NA,NA,1,2,1,1,Republican,Democrat,NA
Male,White/Caucasian,"Less than 30,000",Some College,Democrat,NA,NA,Strong Democrat,47,No,No,No,FALSE,FALSE,FALSE,FALSE,FALSE,TRUE,TRUE,TRUE,TRUE,TRUE,95,12,Neither agree nor disagree,Somewhat disagree,Somewhat disagree,No,Yes,1 - Not at all,1- Very unlike me,5- Very like me,2,1- Very unlike me,3,2,4,3,5- Very like me,4,2,3,Florida,Neither support nor oppose,Unjustified,Yes,NA,NA,NA,NA,NA,NA,NA,1,1,1,1,Republican,Democrat,NA
Male,White/Caucasian,"30,000 – 39,999",Some College,Republican,NA,Strong Republican,NA,60,NA,NA,NA,FALSE,TRUE,TRUE,FALSE,TRUE,TRUE,FALSE,TRUE,TRUE,TRUE,31,92,Somewhat agree,Neither agree nor disagree,Neither agree nor disagree,No,No,1 - Not at all,5- Very like me,3,4,4,4,3,2,2,3,3,3,4,Florida,Oppose,Unjustified,Yes,NA,NA,NA,NA,NA,NA,NA,1,1,1,1,Democrat,Republican,NA
Female,White/Caucasian,"100,000 or more",High School / GED,Republican,NA,Not a strong Republican,NA,18,NA,NA,NA,NA,NA,NA,NA,NA,NA,NA,NA,NA,NA,,,NA,NA,NA,NA,NA,NA,NA,NA,NA,NA,NA,NA,NA,NA,NA,NA,NA,NA,NA,NA,NA,NA,NA,NA,NA,NA,NA,NA,NA,2,2,1,2,NA,NA,NA
Female,White/Caucasian,"Less than 30,000",Some College,Republican,NA,Not a strong Republican,NA,60,No,No,Yes,TRUE,TRUE,TRUE,TRUE,TRUE,TRUE,FALSE,TRUE,TRUE,FALSE,24,32,Neither agree nor disagree,Somewhat disagree,Neither agree nor disagree,No,No,1 - Not at all,1- Very unlike me,2,4,1- Very unlike me,2,4,1- Very unlike me,1- Very unlike me,1- Very unlike me,1- Very unlike me,3,2,NA,NA,NA,NA,Oregon,Strongly oppose,Unjustified,Yes,NA,NA,NA,1,2,2,1,Democrat,Republican,NA
Male,White/Caucasian,"70,000 – 79,999",Some College,Republican,NA,Strong Republican,NA,69,No,No,No,FALSE,TRUE,TRUE,FALSE,TRUE,TRUE,FALSE,TRUE,FALSE,FALSE,25,76,Neither agree nor disagree,Neither agree nor disagree,Neither agree nor disagree,Yes,No,1 - Not at all,2,4,3,2,2,2,4,1- Very unlike me,2,4,3,3,NA,NA,NA,NA,NA,NA,NA,NA,Alaska,Community service,Neither support nor oppose,2,2,1,1,Democrat,Republican,protesting without a permit
Male,White/Caucasian,"100,000 or more",4-year College Degree,Democrat,NA,NA,Not a strong Democrat,45,No,Yes,Yes,FALSE,FALSE,TRUE,TRUE,TRUE,TRUE,FALSE,TRUE,FALSE,FALSE,92,39,Neither agree nor disagree,Strongly disagree,Strongly disagree,No,No,1 - Not at all,2,2,1- Very unlike me,1- Very unlike me,2,2,1- Very unlike me,1- Very unlike me,1- Very unlike me,1- Very unlike me,1- Very unlike me,1- Very unlike me,Florida,Strongly oppose,Unjustified,Yes,NA,NA,NA,NA,NA,NA,NA,1,1,1,1,Republican,Democrat,NA
Male,White/Caucasian,"100,000 or more",Masters Degree,Democrat,NA,NA,Strong Democrat,37,NA,NA,NA,TRUE,TRUE,FALSE,TRUE,TRUE,TRUE,TRUE,TRUE,TRUE,TRUE,9,68,Strongly agree,Somewhat agree,Neither agree nor disagree,Yes,No,5 - A great deal,5- Very like me,4,5- Very like me,4,5- Very like me,5- Very like me,4,5- Very like me,4,5- Very like me,4,5- Very like me,NA,NA,NA,NA,NA,NA,NA,NA,California,4 - 30 days in jail,Strongly support,2,2,1,1,Republican,Democrat,vandalism
Female,White/Caucasian,"60,000 – 69,999",Some College,Democrat,NA,NA,Not a strong Democrat,19,No,No,No,TRUE,TRUE,TRUE,TRUE,TRUE,TRUE,TRUE,FALSE,TRUE,FALSE,81,15,Neither agree nor disagree,Strongly disagree,Strongly disagree,No,No,1 - Not at all,1- Very unlike me,3,3,1- Very unlike me,1- Very unlike me,3,2,1- Very unlike me,1- Very unlike me,1- Very unlike me,3,1- Very unlike me,NA,NA,NA,NA,NA,NA,NA,NA,Oregon,4 - 30 days in jail,Support,2,2,1,1,Republican,Democrat,vandalism
Female,White/Caucasian,"30,000 – 39,999",Some College,Democrat,NA,NA,Not a strong Democrat,60,No,No,No,FALSE,TRUE,TRUE,TRUE,TRUE,FALSE,TRUE,FALSE,FALSE,TRUE,67,32,Neither agree nor disagree,Neither agree nor disagree,Neither agree nor disagree,No,No,1 - Not at all,2,2,2,4,3,5- Very like me,2,2,1- Very unlike me,2,4,2,NA,NA,NA,NA,NA,NA,NA,NA,Alaska,2 - 5 years in prison,Neither support nor oppose,2,1,1,1,Republican,Democrat,assault with a deadly weapon
Male,White/Caucasian,"90,000 – 99,999",4-year College Degree,Republican,NA,Not a strong Republican,NA,43,No,No,Yes,TRUE,TRUE,TRUE,TRUE,TRUE,TRUE,FALSE,FALSE,FALSE,TRUE,31,75,Neither agree nor disagree,Neither agree nor disagree,Somewhat disagree,No,No,1 - Not at all,1- Very unlike me,3,1- Very unlike me,1- Very unlike me,2,2,2,1- Very unlike me,4,1- Very unlike me,2,1- Very unlike me,NA,NA,NA,NA,NA,NA,NA,NA,Alaska,7 months to 1 year in jail,Oppose,2,2,1,1,Democrat,Republican,arson
Male,White/Caucasian,"70,000 – 79,999",High School / GED,Independent,Neither,NA,NA,NA,NA,NA,NA,NA,NA,NA,NA,NA,NA,NA,NA,NA,NA,,,NA,NA,NA,NA,NA,NA,NA,NA,NA,NA,NA,NA,NA,NA,NA,NA,NA,NA,NA,NA,NA,NA,NA,NA,NA,NA,NA,NA,NA,2,2,1,2,NA,NA,NA
Male,White/Caucasian,"100,000 or more","Professional Degree (JD, MD)",Republican,NA,Strong Republican,NA,40,No,Yes,Yes,TRUE,TRUE,FALSE,FALSE,FALSE,FALSE,FALSE,TRUE,FALSE,TRUE,34,100,Neither agree nor disagree,Neither agree nor disagree,Somewhat agree,No,No,5 - A great deal,1- Very unlike me,1- Very unlike me,1- Very unlike me,5- Very like me,5- Very like me,1- Very unlike me,5- Very like me,1- Very unlike me,1- Very unlike me,1- Very unlike me,5- Very like me,5- Very like me,NA,NA,NA,NA,Arizona,Neither support nor oppose,Justified,Yes,NA,NA,NA,1,2,2,1,Democrat,Republican,NA
Male,White/Caucasian,"30,000 – 39,999",High School / GED,Republican,NA,Not a strong Republican,NA,49,No,No,Yes,FALSE,TRUE,TRUE,TRUE,TRUE,FALSE,TRUE,FALSE,TRUE,TRUE,60,60,Somewhat agree,Somewhat disagree,Neither agree nor disagree,No,No,1 - Not at all,1- Very unlike me,3,5- Very like me,3,1- Very unlike me,4,3,3,1- Very unlike me,1- Very unlike me,4,3,NA,NA,NA,NA,Oregon,Strongly oppose,Unjustified,Yes,NA,NA,NA,1,1,2,1,Democrat,Republican,NA
Male,White/Caucasian,"90,000 – 99,999",Doctoral Degree,Republican,NA,Strong Republican,NA,35,Yes,Yes,Yes,TRUE,TRUE,FALSE,FALSE,TRUE,TRUE,FALSE,FALSE,FALSE,TRUE,68,83,Strongly disagree,Strongly agree,Strongly agree,No,Yes,1 - Not at all,1- Very unlike me,1- Very unlike me,1- Very unlike me,1- Very unlike me,5- Very like me,5- Very like me,1- Very unlike me,1- Very unlike me,1- Very unlike me,1- Very unlike me,1- Very unlike me,1- Very unlike me,Georgia,Strongly support,Justified,Yes,NA,NA,NA,NA,NA,NA,NA,1,1,1,1,Democrat,Republican,NA
Male,White/Caucasian,"70,000 – 79,999",4-year College Degree,Republican,NA,Not a strong Republican,NA,68,No,No,No,TRUE,TRUE,TRUE,TRUE,TRUE,TRUE,TRUE,TRUE,TRUE,TRUE,80,90,Neither agree nor disagree,Strongly disagree,Neither agree nor disagree,No,No,1 - Not at all,2,2,4,2,2,3,2,1- Very unlike me,1- Very unlike me,1- Very unlike me,3,1- Very unlike me,NA,NA,NA,NA,Oregon,Oppose,Unjustified,Yes,NA,NA,NA,1,2,2,1,Democrat,Republican,NA
Female,White/Caucasian,"30,000 – 39,999",Some College,Democrat,NA,NA,Not a strong Democrat,38,No,No,Yes,FALSE,TRUE,TRUE,TRUE,TRUE,TRUE,FALSE,TRUE,TRUE,TRUE,40,7,Somewhat agree,Somewhat disagree,Somewhat disagree,No,No,1 - Not at all,3,2,3,1- Very unlike me,1- Very unlike me,3,2,1- Very unlike me,1- Very unlike me,2,3,1- Very unlike me,Florida,Strongly oppose,Unjustified,Yes,NA,NA,NA,NA,NA,NA,NA,1,1,1,1,Republican,Democrat,NA
Male,White/Caucasian,"100,000 or more",4-year College Degree,Democrat,NA,NA,Strong Democrat,25,Yes,No,Yes,TRUE,FALSE,TRUE,TRUE,TRUE,TRUE,FALSE,TRUE,TRUE,TRUE,100,38,Neither agree nor disagree,Strongly disagree,Somewhat disagree,No,No,1 - Not at all,5- Very like me,3,4,5- Very like me,2,3,3,1- Very unlike me,2,5- Very like me,5- Very like me,5- Very like me,NA,NA,NA,NA,NA,NA,NA,NA,Oregon,2 - 5 years in prison,Strongly oppose,2,1,2,1,Republican,Democrat,murder
Female,White/Caucasian,"100,000 or more",Masters Degree,Democrat,NA,NA,Strong Democrat,38,NA,NA,NA,TRUE,TRUE,TRUE,FALSE,TRUE,TRUE,TRUE,FALSE,TRUE,FALSE,36,45,Somewhat agree,Somewhat agree,Neither agree nor disagree,Yes,No,3,4,2,3,4,4,3,4,3,4,3,4,3,NA,NA,NA,NA,NA,NA,NA,NA,Louisiana,2 - 5 years in prison,Support,2,2,2,1,Republican,Democrat,murder
Female,White/Caucasian,"100,000 or more",2-year College Degree,Democrat,NA,NA,Strong Democrat,71,NA,NA,NA,FALSE,TRUE,TRUE,FALSE,TRUE,FALSE,FALSE,FALSE,FALSE,FALSE,92,30,Somewhat agree,Somewhat agree,Somewhat agree,No,No,1 - Not at all,1- Very unlike me,3,3,4,4,3,1- Very unlike me,1- Very unlike me,1- Very unlike me,1- Very unlike me,1- Very unlike me,1- Very unlike me,NA,NA,NA,NA,NA,NA,NA,NA,Alaska,6 - 10 years in prison,Oppose,2,2,2,1,Republican,Democrat,assault with a deadly weapon
Male,White/Caucasian,"100,000 or more",Masters Degree,Democrat,NA,NA,Strong Democrat,35,Yes,Yes,Yes,FALSE,FALSE,FALSE,TRUE,TRUE,TRUE,TRUE,FALSE,TRUE,TRUE,100,67,Strongly agree,Somewhat agree,Somewhat agree,Yes,No,5 - A great deal,5- Very like me,5- Very like me,5- Very like me,5- Very like me,4,4,5- Very like me,4,5- Very like me,4,5- Very like me,5- Very like me,Texas,Support,Justified,Yes,NA,NA,NA,NA,NA,NA,NA,1,1,1,1,Republican,Democrat,NA
Female,White/Caucasian,"100,000 or more",4-year College Degree,Democrat,NA,NA,Not a strong Democrat,35,NA,NA,NA,FALSE,TRUE,FALSE,TRUE,TRUE,TRUE,FALSE,FALSE,TRUE,TRUE,80,30,Neither agree nor disagree,Strongly disagree,Neither agree nor disagree,No,No,1 - Not at all,3,2,3,4,2,2,2,1- Very unlike me,3,2,1- Very unlike me,2,NA,NA,NA,NA,NA,NA,NA,NA,Alaska,4 - 6 months in jail,Oppose,2,1,1,1,Republican,Democrat,vandalism
Male,White/Caucasian,"Less than 30,000",4-year College Degree,Democrat,NA,NA,Strong Democrat,71,No,No,Yes,TRUE,TRUE,TRUE,TRUE,TRUE,FALSE,FALSE,TRUE,FALSE,TRUE,87,11,Neither agree nor disagree,Somewhat disagree,Somewhat agree,No,No,1 - Not at all,3,2,1- Very unlike me,5- Very like me,1- Very unlike me,3,5- Very like me,1- Very unlike me,1- Very unlike me,5- Very like me,1- Very unlike me,3,NA,NA,NA,NA,NA,NA,NA,NA,Oregon,6 - 10 years in prison,Oppose,2,2,2,1,Republican,Democrat,murder
Male,White/Caucasian,"100,000 or more",4-year College Degree,Republican,NA,Not a strong Republican,NA,77,NA,NA,NA,NA,NA,NA,NA,NA,NA,NA,NA,NA,NA,,,NA,NA,NA,NA,NA,NA,NA,NA,NA,NA,NA,NA,NA,NA,NA,NA,NA,NA,NA,NA,NA,NA,NA,NA,NA,NA,NA,NA,NA,1,1,1,2,NA,NA,NA
Female,White/Caucasian,"80,000 – 89,999",4-year College Degree,Republican,NA,Not a strong Republican,NA,40,No,No,Yes,FALSE,FALSE,TRUE,FALSE,TRUE,FALSE,FALSE,TRUE,TRUE,TRUE,49,60,Neither agree nor disagree,Neither agree nor disagree,Neither agree nor disagree,No,No,1 - Not at all,3,3,2,2,3,2,3,1- Very unlike me,3,1- Very unlike me,1- Very unlike me,1- Very unlike me,NA,NA,NA,NA,Oregon,Strongly support,Unjustified,Yes,NA,NA,NA,1,1,2,1,Democrat,Republican,NA
Female,White/Caucasian,"100,000 or more",High School / GED,Democrat,NA,NA,Not a strong Democrat,53,No,No,Yes,TRUE,TRUE,TRUE,TRUE,TRUE,TRUE,FALSE,TRUE,TRUE,FALSE,82,20,Strongly disagree,Neither agree nor disagree,Strongly agree,No,No,3,1- Very unlike me,3,5- Very like me,1- Very unlike me,1- Very unlike me,4,2,1- Very unlike me,1- Very unlike me,1- Very unlike me,2,1- Very unlike me,NA,NA,NA,NA,NA,NA,NA,NA,Washington,2 - 5 years in prison,Neither support nor oppose,2,1,2,1,Republican,Democrat,assault with a deadly weapon
Female,White/Caucasian,"100,000 or more",Masters Degree,Republican,NA,Strong Republican,NA,67,NA,NA,NA,FALSE,TRUE,TRUE,TRUE,TRUE,FALSE,FALSE,TRUE,FALSE,FALSE,0,76,Somewhat disagree,Neither agree nor disagree,Neither agree nor disagree,No,No,1 - Not at all,1- Very unlike me,3,1- Very unlike me,1- Very unlike me,1- Very unlike me,1- Very unlike me,1- Very unlike me,1- Very unlike me,1- Very unlike me,1- Very unlike me,1- Very unlike me,1- Very unlike me,NA,NA,NA,NA,NA,NA,NA,NA,Oregon,Community service,Strongly oppose,2,2,2,1,Democrat,Republican,assault with a deadly weapon
Female,White/Caucasian,"Less than 30,000",2-year College Degree,Republican,NA,Not a strong Republican,NA,37,Yes,No,No,FALSE,TRUE,TRUE,FALSE,FALSE,FALSE,TRUE,TRUE,TRUE,FALSE,100,89,Strongly agree,Strongly disagree,Somewhat disagree,No,Yes,4,5- Very like me,5- Very like me,3,2,5- Very like me,3,3,2,5- Very like me,4,3,2,NA,NA,NA,NA,NA,NA,NA,NA,California,4 - 30 days in jail,Oppose,2,2,1,4,Democrat,Republican,assault with a deadly weapon
Male,White/Caucasian,"30,000 – 39,999",High School / GED,Republican,NA,Strong Republican,NA,19,Yes,No,Yes,TRUE,TRUE,TRUE,TRUE,TRUE,TRUE,FALSE,TRUE,TRUE,FALSE,14,100,Neither agree nor disagree,Somewhat agree,Somewhat disagree,No,No,1 - Not at all,2,1- Very unlike me,1- Very unlike me,1- Very unlike me,1- Very unlike me,1- Very unlike me,1- Very unlike me,1- Very unlike me,4,1- Very unlike me,1- Very unlike me,1- Very unlike me,NA,NA,NA,NA,NA,NA,NA,NA,Oregon,2 - 5 years in prison,Neither support nor oppose,2,2,1,1,Democrat,Republican,murder
Female,White/Caucasian,"40,000 – 49,999",Some College,Republican,NA,Strong Republican,NA,81,NA,NA,NA,TRUE,TRUE,TRUE,TRUE,TRUE,FALSE,FALSE,FALSE,FALSE,FALSE,9,100,Strongly agree,Somewhat disagree,Neither agree nor disagree,No,No,1 - Not at all,1- Very unlike me,2,1- Very unlike me,1- Very unlike me,1- Very unlike me,2,1- Very unlike me,1- Very unlike me,1- Very unlike me,1- Very unlike me,1- Very unlike me,1- Very unlike me,NA,NA,NA,NA,NA,NA,NA,NA,Alaska,4 - 30 days in jail,Neither support nor oppose,2,2,1,1,Democrat,Republican,protesting without a permit
Female,White/Caucasian,"Less than 30,000",4-year College Degree,Democrat,NA,NA,Not a strong Democrat,66,No,Yes,Yes,TRUE,TRUE,TRUE,FALSE,TRUE,FALSE,TRUE,TRUE,FALSE,TRUE,95,20,Strongly agree,Neither agree nor disagree,Strongly disagree,No,No,1 - Not at all,3,3,2,1- Very unlike me,3,2,3,2,2,3,3,2,NA,NA,NA,NA,Oregon,Strongly oppose,Unjustified,Yes,NA,NA,NA,1,2,2,1,Republican,Democrat,NA
Male,White/Caucasian,"70,000 – 79,999",4-year College Degree,Republican,NA,Strong Republican,NA,39,No,No,Yes,TRUE,TRUE,TRUE,TRUE,FALSE,FALSE,FALSE,FALSE,FALSE,FALSE,10,75,Somewhat agree,Somewhat disagree,Neither agree nor disagree,No,No,3,1- Very unlike me,3,2,1- Very unlike me,1- Very unlike me,1- Very unlike me,1- Very unlike me,1- Very unlike me,1- Very unlike me,1- Very unlike me,1- Very unlike me,1- Very unlike me,Alabama,Oppose,Justified,Yes,NA,NA,NA,NA,NA,NA,NA,1,2,1,1,Democrat,Republican,NA
Female,White/Caucasian,"100,000 or more",4-year College Degree,Republican,NA,Not a strong Republican,NA,47,No,No,Yes,FALSE,TRUE,TRUE,TRUE,TRUE,TRUE,FALSE,FALSE,TRUE,FALSE,31,31,Neither agree nor disagree,Somewhat agree,Neither agree nor disagree,No,No,1 - Not at all,1- Very unlike me,3,1- Very unlike me,4,3,3,2,1- Very unlike me,3,1- Very unlike me,1- Very unlike me,1- Very unlike me,NA,NA,NA,NA,NA,NA,NA,NA,Oregon,More than 20 years in prison,Strongly oppose,2,2,2,1,Democrat,Republican,murder
Female,White/Caucasian,"50,000 – 59,999",4-year College Degree,Democrat,NA,NA,Strong Democrat,28,Yes,Yes,Yes,FALSE,TRUE,FALSE,TRUE,TRUE,TRUE,TRUE,TRUE,TRUE,FALSE,72,75,Somewhat agree,Strongly agree,Neither agree nor disagree,Yes,Yes,4,4,4,3,4,4,3,4,4,3,4,5- Very like me,3,NA,NA,NA,NA,NA,NA,NA,NA,California,4 - 30 days in jail,Support,2,2,2,1,Republican,Democrat,vandalism
Male,White/Caucasian,"100,000 or more",Masters Degree,Republican,NA,Strong Republican,NA,36,NA,NA,NA,TRUE,TRUE,TRUE,TRUE,TRUE,FALSE,TRUE,TRUE,TRUE,FALSE,92,87,Strongly agree,Strongly agree,NA,Yes,Yes,1 - Not at all,5- Very like me,5- Very like me,5- Very like me,2,1- Very unlike me,1- Very unlike me,1- Very unlike me,5- Very like me,1- Very unlike me,1- Very unlike me,5- Very like me,1- Very unlike me,NA,NA,NA,NA,Washington,Strongly support,Justified,Yes,NA,NA,NA,1,1,2,1,Democrat,Republican,NA
Male,White/Caucasian,"100,000 or more",High School / GED,Democrat,NA,NA,Strong Democrat,63,No,No,Yes,FALSE,TRUE,TRUE,TRUE,TRUE,FALSE,TRUE,FALSE,FALSE,FALSE,100,0,Neither agree nor disagree,Strongly disagree,Neither agree nor disagree,No,Yes,3,1- Very unlike me,3,3,1- Very unlike me,1- Very unlike me,1- Very unlike me,1- Very unlike me,1- Very unlike me,3,2,1- Very unlike me,1- Very unlike me,NA,NA,NA,NA,NA,NA,NA,NA,Oregon,More than 20 years in prison,Strongly oppose,2,2,1,1,Republican,Democrat,assault with a deadly weapon
Female,White/Caucasian,"Less than 30,000",Some College,Democrat,NA,NA,Not a strong Democrat,32,NA,NA,NA,NA,NA,NA,NA,NA,NA,NA,NA,NA,NA,,,NA,NA,NA,NA,NA,NA,NA,NA,NA,NA,NA,NA,NA,NA,NA,NA,NA,NA,NA,NA,NA,NA,NA,NA,NA,NA,NA,NA,NA,2,1,2,2,NA,NA,NA
Male,White/Caucasian,"60,000 – 69,999",Some College,Democrat,NA,NA,Strong Democrat,72,No,Yes,Yes,FALSE,TRUE,TRUE,TRUE,TRUE,TRUE,FALSE,TRUE,FALSE,FALSE,87,19,Neither agree nor disagree,Strongly disagree,Strongly disagree,No,No,1 - Not at all,1- Very unlike me,3,1- Very unlike me,1- Very unlike me,1- Very unlike me,1- Very unlike me,1- Very unlike me,1- Very unlike me,1- Very unlike me,1- Very unlike me,1- Very unlike me,1- Very unlike me,NA,NA,NA,NA,NA,NA,NA,NA,Oregon,2 - 5 years in prison,Oppose,2,2,2,1,Republican,Democrat,arson
Male,White/Caucasian,"90,000 – 99,999",Masters Degree,Democrat,NA,NA,Strong Democrat,42,Yes,No,Yes,TRUE,TRUE,TRUE,TRUE,TRUE,FALSE,FALSE,TRUE,TRUE,FALSE,98,24,Neither agree nor disagree,Somewhat disagree,Somewhat agree,No,No,1 - Not at all,4,3,5- Very like me,2,4,3,1- Very unlike me,1- Very unlike me,4,2,4,1- Very unlike me,NA,NA,NA,NA,NA,NA,NA,NA,Oregon,4 - 30 days in jail,Oppose,2,2,1,1,Republican,Democrat,assault
Female,White/Caucasian,"100,000 or more",4-year College Degree,Democrat,NA,NA,Not a strong Democrat,30,NA,NA,NA,TRUE,TRUE,TRUE,TRUE,TRUE,TRUE,TRUE,FALSE,FALSE,FALSE,98,50,Somewhat disagree,Strongly disagree,Somewhat disagree,No,No,1 - Not at all,2,3,2,2,3,2,1- Very unlike me,1- Very unlike me,2,1- Very unlike me,1- Very unlike me,1- Very unlike me,NA,NA,NA,NA,Oregon,Strongly oppose,Unjustified,Yes,NA,NA,NA,1,2,2,1,Republican,Democrat,NA
Male,White/Caucasian,"100,000 or more","Professional Degree (JD, MD)",Republican,NA,Strong Republican,NA,50,NA,NA,NA,NA,NA,NA,NA,NA,NA,NA,NA,NA,NA,,,NA,NA,NA,NA,NA,NA,NA,NA,NA,NA,NA,NA,NA,NA,NA,NA,NA,NA,NA,NA,NA,NA,NA,NA,NA,NA,NA,NA,NA,2,2,2,2,NA,NA,NA
Male,White/Caucasian,"80,000 – 89,999",4-year College Degree,Republican,NA,Not a strong Republican,NA,84,No,No,Yes,TRUE,TRUE,TRUE,TRUE,TRUE,FALSE,FALSE,FALSE,FALSE,TRUE,49,52,Neither agree nor disagree,Strongly disagree,Neither agree nor disagree,No,No,1 - Not at all,1- Very unlike me,3,1- Very unlike me,1- Very unlike me,1- Very unlike me,3,1- Very unlike me,1- Very unlike me,2,1- Very unlike me,1- Very unlike me,1- Very unlike me,NA,NA,NA,NA,NA,NA,NA,NA,California,Community service,Neither support nor oppose,2,2,2,1,Democrat,Republican,protesting without a permit
Male,White/Caucasian,"50,000 – 59,999","Professional Degree (JD, MD)",Republican,NA,Not a strong Republican,NA,72,No,No,Yes,FALSE,TRUE,TRUE,TRUE,TRUE,FALSE,FALSE,FALSE,FALSE,FALSE,0,9,Neither agree nor disagree,Strongly disagree,Neither agree nor disagree,No,No,1 - Not at all,3,3,1- Very unlike me,3,1- Very unlike me,1- Very unlike me,1- Very unlike me,1- Very unlike me,1- Very unlike me,1- Very unlike me,1- Very unlike me,1- Very unlike me,Florida,Strongly oppose,Unjustified,Yes,NA,NA,NA,NA,NA,NA,NA,1,1,1,1,Democrat,Republican,NA
Female,White/Caucasian,"100,000 or more",4-year College Degree,Republican,NA,Strong Republican,NA,70,No,No,Yes,FALSE,TRUE,TRUE,FALSE,TRUE,TRUE,FALSE,TRUE,FALSE,FALSE,4,92,Neither agree nor disagree,Strongly disagree,Neither agree nor disagree,No,No,1 - Not at all,1- Very unlike me,3,1- Very unlike me,1- Very unlike me,3,3,3,1- Very unlike me,2,1- Very unlike me,1- Very unlike me,1- Very unlike me,NA,NA,NA,NA,Oregon,Strongly oppose,Unjustified,Yes,NA,NA,NA,1,1,2,1,Democrat,Republican,NA
Male,White/Caucasian,"60,000 – 69,999",Masters Degree,NA,NA,NA,NA,NA,NA,NA,NA,NA,NA,NA,NA,NA,NA,NA,NA,NA,NA,,,NA,NA,NA,NA,NA,NA,NA,NA,NA,NA,NA,NA,NA,NA,NA,NA,NA,NA,NA,NA,NA,NA,NA,NA,NA,NA,NA,NA,NA,2,2,2,,NA,NA,NA
Male,White/Caucasian,"50,000 – 59,999",4-year College Degree,Republican,NA,Strong Republican,NA,65,No,No,Yes,FALSE,TRUE,TRUE,TRUE,TRUE,TRUE,FALSE,FALSE,TRUE,FALSE,36,90,Neither agree nor disagree,Neither agree nor disagree,Neither agree nor disagree,No,No,1 - Not at all,1- Very unlike me,3,3,1- Very unlike me,1- Very unlike me,3,3,1- Very unlike me,1- Very unlike me,1- Very unlike me,2,1- Very unlike me,NA,NA,NA,NA,NA,NA,NA,NA,Oregon,2 - 5 years in prison,Oppose,2,2,1,1,Democrat,Republican,assault with a deadly weapon
Male,White/Caucasian,"Less than 30,000",Some College,Independent,Neither,NA,NA,NA,NA,NA,NA,NA,NA,NA,NA,NA,NA,NA,NA,NA,NA,,,NA,NA,NA,NA,NA,NA,NA,NA,NA,NA,NA,NA,NA,NA,NA,NA,NA,NA,NA,NA,NA,NA,NA,NA,NA,NA,NA,NA,NA,2,2,1,2,NA,NA,NA
Male,White/Caucasian,"90,000 – 99,999",Masters Degree,Republican,NA,Strong Republican,NA,61,No,Yes,Yes,FALSE,FALSE,TRUE,TRUE,TRUE,FALSE,TRUE,FALSE,FALSE,TRUE,20,75,Somewhat agree,Strongly disagree,Somewhat disagree,No,No,1 - Not at all,3,3,2,2,2,2,2,2,2,2,2,1- Very unlike me,NA,NA,NA,NA,NA,NA,NA,NA,Washington,7 months to 1 year in jail,Neither support nor oppose,2,1,1,1,Democrat,Republican,assault with a deadly weapon
Male,White/Caucasian,"90,000 – 99,999",4-year College Degree,Democrat,NA,NA,Strong Democrat,40,No,No,Yes,FALSE,TRUE,FALSE,TRUE,FALSE,TRUE,TRUE,TRUE,TRUE,TRUE,99,25,Strongly agree,Somewhat disagree,Strongly disagree,No,No,1 - Not at all,2,1- Very unlike me,1- Very unlike me,1- Very unlike me,2,1- Very unlike me,2,2,1- Very unlike me,1- Very unlike me,5- Very like me,4,NA,NA,NA,NA,Oregon,Neither support nor oppose,Unjustified,Yes,NA,NA,NA,1,1,2,1,Republican,Democrat,NA
Male,White/Caucasian,"100,000 or more",4-year College Degree,Democrat,NA,NA,Strong Democrat,61,No,Yes,Yes,FALSE,FALSE,TRUE,FALSE,TRUE,TRUE,TRUE,TRUE,TRUE,TRUE,92,1,Strongly agree,Strongly disagree,Somewhat agree,No,Yes,1 - Not at all,1- Very unlike me,4,4,1- Very unlike me,1- Very unlike me,2,3,1- Very unlike me,1- Very unlike me,2,2,2,NA,NA,NA,NA,NA,NA,NA,NA,Washington,4 - 30 days in jail,Oppose,2,1,2,1,Republican,Democrat,vandalism
Female,White/Caucasian,"Less than 30,000",High School / GED,Republican,NA,Strong Republican,NA,81,NA,NA,NA,FALSE,TRUE,TRUE,TRUE,TRUE,TRUE,TRUE,TRUE,TRUE,FALSE,13,99,Somewhat agree,Somewhat agree,Neither agree nor disagree,No,No,1 - Not at all,3,3,2,1- Very unlike me,1- Very unlike me,2,1- Very unlike me,1- Very unlike me,1- Very unlike me,1- Very unlike me,1- Very unlike me,1- Very unlike me,NA,NA,NA,NA,NA,NA,NA,NA,NA,2 - 5 years in prison,Neither support nor oppose,2,2,1,1,Democrat,Republican,assault with a deadly weapon
Female,White/Caucasian,"40,000 – 49,999",Some College,Democrat,NA,NA,Strong Democrat,27,No,No,Yes,FALSE,FALSE,TRUE,TRUE,TRUE,FALSE,FALSE,TRUE,FALSE,FALSE,73,21,Strongly agree,Somewhat disagree,Somewhat agree,No,No,1 - Not at all,1- Very unlike me,2,3,3,2,1- Very unlike me,1- Very unlike me,1- Very unlike me,1- Very unlike me,1- Very unlike me,1- Very unlike me,1- Very unlike me,NA,NA,NA,NA,Oregon,Strongly oppose,Unjustified,Yes,NA,NA,NA,1,2,2,1,Republican,Democrat,NA
Female,White/Caucasian,"Less than 30,000",Some College,Democrat,NA,NA,Strong Democrat,47,No,No,Yes,FALSE,TRUE,TRUE,TRUE,TRUE,FALSE,FALSE,TRUE,FALSE,FALSE,100,0,Neither agree nor disagree,Strongly disagree,Neither agree nor disagree,No,No,1 - Not at all,3,2,5- Very like me,2,2,4,1- Very unlike me,1- Very unlike me,1- Very unlike me,1- Very unlike me,3,2,NA,NA,NA,NA,NA,NA,NA,NA,Alaska,7 months to 1 year in jail,Strongly oppose,2,2,1,1,Republican,Democrat,assault with a deadly weapon
Female,White/Caucasian,"30,000 – 39,999",4-year College Degree,Democrat,NA,NA,Strong Democrat,73,No,No,No,FALSE,TRUE,TRUE,TRUE,TRUE,TRUE,TRUE,TRUE,TRUE,TRUE,100,0,Somewhat agree,Somewhat agree,Somewhat disagree,No,Yes,1 - Not at all,1- Very unlike me,4,5- Very like me,1- Very unlike me,2,3,3,1- Very unlike me,1- Very unlike me,1- Very unlike me,3,1- Very unlike me,NA,NA,NA,NA,NA,NA,NA,NA,Oregon,2 - 3 months in jail,Oppose,2,2,2,1,Republican,Democrat,arson
Male,White/Caucasian,"100,000 or more",Doctoral Degree,Democrat,NA,NA,Strong Democrat,32,Yes,No,Yes,FALSE,TRUE,TRUE,TRUE,TRUE,FALSE,TRUE,TRUE,TRUE,FALSE,75,35,Neither agree nor disagree,Strongly disagree,Neither agree nor disagree,No,No,1 - Not at all,4,3,1- Very unlike me,5- Very like me,3,2,1- Very unlike me,1- Very unlike me,2,1- Very unlike me,1- Very unlike me,1- Very unlike me,NA,NA,NA,NA,NA,NA,NA,NA,Oregon,11 - 15 years in prison,Strongly oppose,2,2,2,1,Republican,Democrat,murder
Female,White/Caucasian,"100,000 or more",Masters Degree,NA,NA,NA,NA,NA,NA,NA,NA,NA,NA,NA,NA,NA,NA,NA,NA,NA,NA,,,NA,NA,NA,NA,NA,NA,NA,NA,NA,NA,NA,NA,NA,NA,NA,NA,NA,NA,NA,NA,NA,NA,NA,NA,NA,NA,NA,NA,NA,1,1,2,,NA,NA,NA
Male,White/Caucasian,"Less than 30,000",Some College,Republican,NA,Strong Republican,NA,69,No,Yes,Yes,FALSE,TRUE,TRUE,FALSE,TRUE,FALSE,FALSE,TRUE,TRUE,FALSE,0,71,Strongly agree,Strongly disagree,Somewhat agree,Yes,Yes,2,5- Very like me,2,4,5- Very like me,3,2,3,3,2,4,3,2,Florida,Strongly oppose,Unjustified,Yes,NA,NA,NA,NA,NA,NA,NA,1,2,1,1,Democrat,Republican,NA
Male,White/Caucasian,"100,000 or more",4-year College Degree,Republican,NA,Not a strong Republican,NA,72,No,No,Yes,FALSE,FALSE,TRUE,FALSE,TRUE,TRUE,TRUE,TRUE,FALSE,FALSE,30,72,Neither agree nor disagree,Somewhat disagree,Neither agree nor disagree,Yes,Yes,2,4,3,1- Very unlike me,3,4,2,4,3,4,4,2,3,Florida,Strongly oppose,Unjustified,Yes,NA,NA,NA,NA,NA,NA,NA,1,2,1,1,Democrat,Republican,NA
Male,White/Caucasian,"Less than 30,000",Masters Degree,Republican,NA,Not a strong Republican,NA,75,No,No,Yes,FALSE,FALSE,TRUE,FALSE,TRUE,TRUE,FALSE,TRUE,TRUE,TRUE,71,91,Neither agree nor disagree,Somewhat disagree,Neither agree nor disagree,Yes,Yes,1 - Not at all,3,3,4,4,2,3,4,2,3,2,4,3,NA,NA,NA,NA,Oregon,Oppose,Unjustified,Yes,NA,NA,NA,1,2,2,1,Democrat,Republican,NA
Female,White/Caucasian,"Less than 30,000",Some College,Democrat,NA,NA,Not a strong Democrat,66,NA,NA,NA,TRUE,FALSE,TRUE,TRUE,TRUE,TRUE,TRUE,TRUE,TRUE,TRUE,38,39,Neither agree nor disagree,Neither agree nor disagree,Neither agree nor disagree,No,No,1 - Not at all,1- Very unlike me,2,2,1- Very unlike me,1- Very unlike me,2,1- Very unlike me,1- Very unlike me,1- Very unlike me,1- Very unlike me,1- Very unlike me,1- Very unlike me,Florida,Strongly oppose,Unjustified,Yes,NA,NA,NA,NA,NA,NA,NA,1,1,1,1,Republican,Democrat,NA
Male,White/Caucasian,"100,000 or more",Some College,Republican,NA,Strong Republican,NA,43,No,No,Yes,FALSE,TRUE,TRUE,TRUE,TRUE,FALSE,FALSE,TRUE,FALSE,TRUE,10,70,Somewhat agree,Strongly disagree,Somewhat disagree,No,No,1 - Not at all,3,2,1- Very unlike me,2,1- Very unlike me,1- Very unlike me,1- Very unlike me,1- Very unlike me,1- Very unlike me,1- Very unlike me,1- Very unlike me,1- Very unlike me,NA,NA,NA,NA,Oregon,Support,Unjustified,Yes,NA,NA,NA,1,2,2,1,Democrat,Republican,NA
Female,Other,"40,000 – 49,999",4-year College Degree,Republican,NA,Not a strong Republican,NA,77,No,No,Yes,TRUE,FALSE,TRUE,TRUE,TRUE,FALSE,FALSE,TRUE,FALSE,TRUE,35,86,Neither agree nor disagree,Strongly disagree,Neither agree nor disagree,No,No,1 - Not at all,2,3,1- Very unlike me,3,2,1- Very unlike me,1- Very unlike me,1- Very unlike me,1- Very unlike me,1- Very unlike me,2,1- Very unlike me,NA,NA,NA,NA,Oregon,Support,Unjustified,Yes,NA,NA,NA,1,2,2,1,Democrat,Republican,NA
Male,White/Caucasian,"Less than 30,000",High School / GED,Republican,NA,Strong Republican,NA,68,No,No,Yes,TRUE,TRUE,TRUE,TRUE,TRUE,TRUE,FALSE,FALSE,FALSE,TRUE,62,81,Strongly agree,Strongly disagree,Neither agree nor disagree,No,No,1 - Not at all,3,5- Very like me,1- Very unlike me,1- Very unlike me,3,1- Very unlike me,1- Very unlike me,1- Very unlike me,2,1- Very unlike me,5- Very like me,1- Very unlike me,NA,NA,NA,NA,NA,NA,NA,NA,California,More than 20 years in prison,Oppose,2,2,2,1,Democrat,Republican,murder
Male,White/Caucasian,"Less than 30,000",High School / GED,Republican,NA,Strong Republican,NA,31,No,No,Yes,TRUE,TRUE,TRUE,TRUE,TRUE,FALSE,FALSE,FALSE,FALSE,FALSE,0,100,Neither agree nor disagree,Strongly agree,Strongly agree,No,No,3,3,4,4,2,1- Very unlike me,3,1- Very unlike me,2,3,2,2,1- Very unlike me,NA,NA,NA,NA,Arizona,Strongly support,Unjustified,Yes,NA,NA,NA,1,1,2,1,Democrat,Republican,NA
Female,White/Caucasian,"30,000 – 39,999",High School / GED,Democrat,NA,NA,Strong Democrat,49,No,No,Yes,FALSE,TRUE,TRUE,TRUE,TRUE,FALSE,FALSE,TRUE,FALSE,FALSE,89,35,Neither agree nor disagree,Strongly disagree,Neither agree nor disagree,No,No,1 - Not at all,1- Very unlike me,1- Very unlike me,1- Very unlike me,1- Very unlike me,1- Very unlike me,2,1- Very unlike me,1- Very unlike me,1- Very unlike me,1- Very unlike me,1- Very unlike me,1- Very unlike me,NA,NA,NA,NA,Oregon,Strongly oppose,Unjustified,Yes,NA,NA,NA,1,1,2,1,Republican,Democrat,NA
Male,White/Caucasian,"100,000 or more",Masters Degree,Democrat,NA,NA,Strong Democrat,36,NA,NA,NA,FALSE,FALSE,FALSE,FALSE,FALSE,FALSE,TRUE,TRUE,TRUE,TRUE,100,28,Strongly agree,Strongly agree,Strongly agree,Yes,Yes,5 - A great deal,5- Very like me,5- Very like me,5- Very like me,5- Very like me,4,5- Very like me,5- Very like me,5- Very like me,5- Very like me,4,5- Very like me,5- Very like me,Alabama,Strongly support,Justified,Yes,NA,NA,NA,NA,NA,NA,NA,1,2,1,1,Republican,Democrat,NA
Male,White/Caucasian,"70,000 – 79,999",4-year College Degree,Republican,NA,Strong Republican,NA,33,NA,NA,NA,NA,NA,NA,NA,NA,NA,NA,NA,NA,NA,,,NA,NA,NA,NA,NA,NA,NA,NA,NA,NA,NA,NA,NA,NA,NA,NA,NA,NA,NA,NA,NA,NA,NA,NA,NA,NA,NA,NA,NA,1,1,1,2,NA,NA,NA
Male,White/Caucasian,"100,000 or more",Masters Degree,Democrat,NA,NA,Strong Democrat,41,NA,NA,NA,TRUE,FALSE,TRUE,TRUE,TRUE,FALSE,FALSE,TRUE,FALSE,TRUE,74,89,Somewhat agree,Strongly agree,Somewhat agree,Yes,Yes,1 - Not at all,3,2,4,1- Very unlike me,2,4,2,4,3,2,3,4,NA,NA,NA,NA,NA,NA,NA,NA,Alaska,7 months to 1 year in jail,Strongly support,2,1,2,1,Republican,Democrat,protesting without a permit
Male,White/Caucasian,"60,000 – 69,999",High School / GED,Republican,NA,Strong Republican,NA,21,NA,NA,NA,NA,NA,NA,NA,NA,NA,NA,NA,NA,NA,,,NA,NA,NA,NA,NA,NA,NA,NA,NA,NA,NA,NA,NA,NA,NA,NA,NA,NA,NA,NA,NA,NA,NA,NA,NA,NA,NA,NA,NA,1,1,1,2,NA,NA,NA
Male,White/Caucasian,"40,000 – 49,999",Some College,Democrat,NA,NA,Strong Democrat,42,No,No,No,FALSE,TRUE,TRUE,TRUE,TRUE,TRUE,FALSE,FALSE,TRUE,TRUE,100,0,Strongly agree,Somewhat disagree,Strongly agree,No,No,1 - Not at all,3,3,4,1- Very unlike me,1- Very unlike me,4,1- Very unlike me,1- Very unlike me,1- Very unlike me,1- Very unlike me,1- Very unlike me,1- Very unlike me,Florida,Neither support nor oppose,Justified,No,NA,NA,NA,NA,NA,NA,NA,1,1,1,1,Republican,Democrat,NA
Male,White/Caucasian,"100,000 or more",Masters Degree,Democrat,NA,NA,Strong Democrat,37,NA,NA,NA,FALSE,TRUE,TRUE,TRUE,FALSE,TRUE,TRUE,FALSE,FALSE,FALSE,82,81,Strongly agree,Strongly agree,Somewhat agree,No,No,4,5- Very like me,5- Very like me,4,3,4,5- Very like me,4,4,5- Very like me,5- Very like me,4,5- Very like me,NA,NA,NA,NA,NA,NA,NA,NA,Louisiana,Community service,Support,2,2,2,1,Republican,Democrat,assault
Male,White/Caucasian,"Less than 30,000",Less than High School,Republican,NA,Not a strong Republican,NA,19,NA,NA,NA,NA,NA,NA,NA,NA,NA,NA,NA,NA,NA,,,NA,NA,NA,NA,NA,NA,NA,NA,NA,NA,NA,NA,NA,NA,NA,NA,NA,NA,NA,NA,NA,NA,NA,NA,NA,NA,NA,NA,NA,2,2,1,2,NA,NA,NA
Male,White/Caucasian,"100,000 or more",4-year College Degree,Democrat,NA,NA,Not a strong Democrat,62,NA,NA,NA,NA,NA,NA,NA,NA,NA,NA,NA,NA,NA,,,NA,NA,NA,NA,NA,NA,NA,NA,NA,NA,NA,NA,NA,NA,NA,NA,NA,NA,NA,NA,NA,NA,NA,NA,NA,NA,NA,NA,NA,2,1,2,2,NA,NA,NA
Male,White/Caucasian,"100,000 or more","Professional Degree (JD, MD)",Democrat,NA,NA,Strong Democrat,55,No,Yes,Yes,FALSE,FALSE,TRUE,FALSE,TRUE,TRUE,FALSE,FALSE,TRUE,TRUE,72,51,Neither agree nor disagree,Neither agree nor disagree,Neither agree nor disagree,No,No,1 - Not at all,4,3,1- Very unlike me,1- Very unlike me,4,3,4,1- Very unlike me,4,2,1- Very unlike me,1- Very unlike me,NA,NA,NA,NA,Oregon,Oppose,Unjustified,Yes,NA,NA,NA,1,1,2,1,Republican,Democrat,NA
Male,White/Caucasian,"100,000 or more","Professional Degree (JD, MD)",Democrat,NA,NA,Strong Democrat,35,Yes,Yes,Yes,TRUE,TRUE,TRUE,TRUE,TRUE,TRUE,FALSE,FALSE,FALSE,FALSE,100,88,Somewhat disagree,Somewhat disagree,Somewhat disagree,No,No,1 - Not at all,1- Very unlike me,2,4,2,1- Very unlike me,2,1- Very unlike me,1- Very unlike me,2,1- Very unlike me,2,2,NA,NA,NA,NA,NA,NA,NA,NA,Oregon,Community service,Strongly support,2,1,1,1,Republican,Democrat,protesting without a permit
Male,White/Caucasian,"100,000 or more",Masters Degree,Democrat,NA,NA,Strong Democrat,38,Yes,Yes,Yes,TRUE,TRUE,TRUE,TRUE,TRUE,TRUE,FALSE,TRUE,TRUE,TRUE,100,84,Strongly disagree,Somewhat disagree,Strongly agree,No,No,2,2,2,3,2,3,3,2,1- Very unlike me,3,3,2,2,NA,NA,NA,NA,NA,NA,NA,NA,California,Community service,Strongly oppose,2,2,2,1,Republican,Democrat,assault
Male,White/Caucasian,"40,000 – 49,999",Some College,Republican,NA,Strong Republican,NA,70,No,No,No,FALSE,TRUE,TRUE,TRUE,TRUE,TRUE,FALSE,TRUE,FALSE,FALSE,0,71,Neither agree nor disagree,Strongly agree,Neither agree nor disagree,Yes,No,1 - Not at all,1- Very unlike me,1- Very unlike me,1- Very unlike me,1- Very unlike me,1- Very unlike me,1- Very unlike me,1- Very unlike me,1- Very unlike me,1- Very unlike me,2,1- Very unlike me,3,NA,NA,NA,NA,NA,NA,NA,NA,Washington,2 - 5 years in prison,Neither support nor oppose,2,2,2,1,Democrat,Republican,assault with a deadly weapon
Male,White/Caucasian,"60,000 – 69,999",High School / GED,Republican,NA,Strong Republican,NA,37,No,No,No,TRUE,FALSE,FALSE,FALSE,TRUE,FALSE,FALSE,FALSE,FALSE,FALSE,70,64,Somewhat agree,Somewhat agree,Neither agree nor disagree,No,No,3,2,3,3,3,3,3,3,3,3,3,3,3,NA,NA,NA,NA,NA,NA,NA,NA,Oregon,2 - 3 months in jail,Neither support nor oppose,2,2,2,1,Democrat,Republican,arson
Female,White/Caucasian,"80,000 – 89,999",4-year College Degree,Republican,NA,Not a strong Republican,NA,28,No,No,Yes,FALSE,TRUE,FALSE,TRUE,TRUE,TRUE,FALSE,FALSE,TRUE,TRUE,35,62,Neither agree nor disagree,Somewhat disagree,Neither agree nor disagree,No,No,1 - Not at all,1- Very unlike me,3,4,1- Very unlike me,3,3,1- Very unlike me,1- Very unlike me,1- Very unlike me,1- Very unlike me,3,2,NA,NA,NA,NA,NA,NA,NA,NA,Oregon,4 - 30 days in jail,Neither support nor oppose,2,1,1,1,Democrat,Republican,assault
Female,White/Caucasian,"Less than 30,000",High School / GED,Republican,NA,Not a strong Republican,NA,19,No,No,Yes,FALSE,TRUE,FALSE,TRUE,TRUE,FALSE,TRUE,TRUE,FALSE,TRUE,9,100,Somewhat agree,Strongly disagree,Strongly disagree,No,No,1 - Not at all,3,2,1- Very unlike me,5- Very like me,2,1- Very unlike me,2,3,5- Very like me,3,5- Very like me,3,Kentucky,Neither support nor oppose,Unjustified,Yes,NA,NA,NA,NA,NA,NA,NA,1,1,1,1,Democrat,Republican,NA
Male,White/Caucasian,"70,000 – 79,999",4-year College Degree,Republican,NA,Not a strong Republican,NA,82,NA,NA,NA,FALSE,FALSE,TRUE,TRUE,FALSE,TRUE,TRUE,FALSE,FALSE,TRUE,45,56,Somewhat agree,Neither agree nor disagree,Neither agree nor disagree,No,No,4,3,4,3,1- Very unlike me,3,3,3,3,2,3,4,4,NA,NA,NA,NA,Washington,Oppose,Unjustified,Yes,NA,NA,NA,1,1,2,1,Democrat,Republican,NA
Male,White/Caucasian,"100,000 or more",Masters Degree,Democrat,NA,NA,Strong Democrat,36,Yes,Yes,Yes,TRUE,TRUE,FALSE,TRUE,TRUE,TRUE,TRUE,FALSE,TRUE,TRUE,100,100,Strongly agree,Strongly agree,Strongly agree,Yes,Yes,5 - A great deal,1- Very unlike me,5- Very like me,5- Very like me,5- Very like me,5- Very like me,5- Very like me,5- Very like me,5- Very like me,5- Very like me,5- Very like me,5- Very like me,5- Very like me,NA,NA,NA,NA,NA,NA,NA,NA,California,7 months to 1 year in jail,Strongly support,2,1,1,1,Republican,Democrat,assault
Female,White/Caucasian,"Less than 30,000",Some College,Republican,NA,Strong Republican,NA,36,NA,NA,NA,FALSE,FALSE,TRUE,FALSE,FALSE,TRUE,TRUE,TRUE,TRUE,TRUE,19,88,Somewhat agree,Somewhat agree,Somewhat agree,No,No,5 - A great deal,2,3,4,4,3,4,5- Very like me,5- Very like me,5- Very like me,5- Very like me,5- Very like me,4,NA,NA,NA,NA,NA,NA,NA,NA,Oregon,6 - 10 years in prison,Neither support nor oppose,2,1,2,1,Democrat,Republican,arson
Male,White/Caucasian,"70,000 – 79,999",Masters Degree,Democrat,NA,NA,Strong Democrat,38,Yes,Yes,Yes,TRUE,TRUE,TRUE,TRUE,TRUE,TRUE,TRUE,FALSE,FALSE,FALSE,100,100,Strongly disagree,Strongly disagree,Strongly disagree,No,No,1 - Not at all,1- Very unlike me,2,2,2,3,2,2,1- Very unlike me,1- Very unlike me,1- Very unlike me,1- Very unlike me,1- Very unlike me,NA,NA,NA,NA,NA,NA,NA,NA,Texas,2 - 5 years in prison,Support,2,2,1,1,Republican,Democrat,arson
Male,White/Caucasian,"100,000 or more",Masters Degree,Democrat,NA,NA,Strong Democrat,42,No,No,Yes,TRUE,FALSE,TRUE,TRUE,TRUE,TRUE,TRUE,FALSE,FALSE,TRUE,100,5,Neither agree nor disagree,Somewhat agree,Neither agree nor disagree,No,No,1 - Not at all,2,4,4,1- Very unlike me,1- Very unlike me,3,2,2,1- Very unlike me,1- Very unlike me,4,4,Florida,Support,Justified,Yes,NA,NA,NA,NA,NA,NA,NA,1,1,1,1,Republican,Democrat,NA
Male,White/Caucasian,"70,000 – 79,999",High School / GED,Republican,NA,Strong Republican,NA,53,Yes,Yes,Yes,TRUE,TRUE,TRUE,FALSE,TRUE,FALSE,FALSE,TRUE,TRUE,TRUE,6,64,Neither agree nor disagree,Somewhat agree,Strongly agree,Yes,Yes,1 - Not at all,3,5- Very like me,1- Very unlike me,1- Very unlike me,1- Very unlike me,4,4,1- Very unlike me,1- Very unlike me,2,1- Very unlike me,1- Very unlike me,NA,NA,NA,NA,NA,NA,NA,NA,Oregon,More than 20 years in prison,Strongly oppose,2,2,1,1,Democrat,Republican,murder
Male,White/Caucasian,"50,000 – 59,999",Some College,Republican,NA,Strong Republican,NA,52,No,No,Yes,FALSE,TRUE,TRUE,TRUE,TRUE,FALSE,TRUE,FALSE,FALSE,TRUE,75,77,Neither agree nor disagree,Strongly agree,Neither agree nor disagree,No,No,3,3,3,3,3,3,3,3,2,2,2,2,2,Florida,Strongly oppose,Unjustified,Yes,NA,NA,NA,NA,NA,NA,NA,1,2,1,1,Democrat,Republican,NA
Male,White/Caucasian,"Less than 30,000",2-year College Degree,Republican,NA,Strong Republican,NA,67,NA,NA,NA,NA,NA,NA,NA,NA,NA,NA,NA,NA,NA,,,NA,NA,NA,NA,NA,NA,NA,NA,NA,NA,NA,NA,NA,NA,NA,NA,NA,NA,NA,NA,NA,NA,NA,NA,NA,NA,NA,NA,NA,1,1,1,2,NA,NA,NA
Male,White/Caucasian,"100,000 or more",Masters Degree,Democrat,NA,NA,Strong Democrat,42,NA,NA,NA,TRUE,TRUE,TRUE,TRUE,TRUE,TRUE,TRUE,FALSE,FALSE,FALSE,99,76,Neither agree nor disagree,Strongly disagree,Neither agree nor disagree,No,No,3,1- Very unlike me,1- Very unlike me,3,1- Very unlike me,1- Very unlike me,3,3,1- Very unlike me,3,1- Very unlike me,1- Very unlike me,1- Very unlike me,NA,NA,NA,NA,NA,NA,NA,NA,Oregon,Community service,Neither support nor oppose,2,2,1,1,Republican,Democrat,arson
Female,White/Caucasian,"30,000 – 39,999",Some College,Republican,NA,Strong Republican,NA,38,No,No,Yes,TRUE,TRUE,FALSE,TRUE,FALSE,TRUE,FALSE,FALSE,FALSE,TRUE,0,100,Somewhat agree,Somewhat agree,Neither agree nor disagree,No,No,1 - Not at all,1- Very unlike me,1- Very unlike me,1- Very unlike me,1- Very unlike me,1- Very unlike me,1- Very unlike me,1- Very unlike me,3,1- Very unlike me,1- Very unlike me,1- Very unlike me,1- Very unlike me,NA,NA,NA,NA,NA,NA,NA,NA,Washington,2 - 3 months in jail,Oppose,2,1,2,1,Democrat,Republican,assault
Male,White/Caucasian,"100,000 or more",4-year College Degree,Democrat,NA,NA,Strong Democrat,40,Yes,Yes,Yes,TRUE,TRUE,TRUE,FALSE,TRUE,TRUE,FALSE,FALSE,FALSE,FALSE,84,59,Somewhat disagree,Somewhat disagree,Somewhat disagree,No,No,1 - Not at all,2,1- Very unlike me,2,1- Very unlike me,1- Very unlike me,2,2,1- Very unlike me,1- Very unlike me,1- Very unlike me,1- Very unlike me,1- Very unlike me,NA,NA,NA,NA,NA,NA,NA,NA,California,4 - 6 months in jail,Oppose,2,1,1,1,Republican,Democrat,arson
Male,White/Caucasian,"70,000 – 79,999",4-year College Degree,Republican,NA,Strong Republican,NA,70,NA,NA,NA,FALSE,TRUE,TRUE,TRUE,TRUE,FALSE,FALSE,FALSE,FALSE,FALSE,14,81,Somewhat agree,Strongly disagree,Neither agree nor disagree,No,No,1 - Not at all,1- Very unlike me,3,1- Very unlike me,1- Very unlike me,1- Very unlike me,1- Very unlike me,1- Very unlike me,1- Very unlike me,1- Very unlike me,1- Very unlike me,1- Very unlike me,1- Very unlike me,NA,NA,NA,NA,Oregon,Strongly oppose,Unjustified,Yes,NA,NA,NA,1,1,2,1,Democrat,Republican,NA
Female,White/Caucasian,"50,000 – 59,999",4-year College Degree,Republican,NA,Strong Republican,NA,57,No,No,Yes,FALSE,TRUE,FALSE,TRUE,TRUE,TRUE,TRUE,FALSE,TRUE,TRUE,34,76,Neither agree nor disagree,Strongly disagree,Neither agree nor disagree,No,No,1 - Not at all,2,3,4,1- Very unlike me,2,3,2,1- Very unlike me,1- Very unlike me,1- Very unlike me,1- Very unlike me,1- Very unlike me,NA,NA,NA,NA,NA,NA,NA,NA,California,7 months to 1 year in jail,Oppose,2,2,2,1,Democrat,Republican,arson
Male,White/Caucasian,"Less than 30,000",Some College,Republican,NA,Not a strong Republican,NA,72,No,No,Yes,TRUE,TRUE,TRUE,FALSE,TRUE,FALSE,FALSE,FALSE,FALSE,FALSE,61,60,Neither agree nor disagree,Neither agree nor disagree,Neither agree nor disagree,No,No,1 - Not at all,1- Very unlike me,1- Very unlike me,2,1- Very unlike me,1- Very unlike me,2,1- Very unlike me,1- Very unlike me,1- Very unlike me,1- Very unlike me,1- Very unlike me,1- Very unlike me,NA,NA,NA,NA,NA,NA,NA,NA,Florida,4 - 30 days in jail,Neither support nor oppose,2,1,1,1,Democrat,Republican,protesting without a permit
Male,White/Caucasian,"100,000 or more",Masters Degree,Democrat,NA,NA,Strong Democrat,35,Yes,No,Yes,TRUE,TRUE,TRUE,TRUE,TRUE,TRUE,FALSE,TRUE,TRUE,TRUE,100,8,Somewhat agree,Somewhat agree,Somewhat agree,No,No,1 - Not at all,1- Very unlike me,2,3,1- Very unlike me,2,1- Very unlike me,1- Very unlike me,1- Very unlike me,2,1- Very unlike me,1- Very unlike me,1- Very unlike me,Florida,Strongly oppose,Justified,Yes,NA,NA,NA,NA,NA,NA,NA,1,1,1,1,Republican,Democrat,NA
Female,White/Caucasian,"Less than 30,000",High School / GED,Republican,NA,Not a strong Republican,NA,34,No,No,No,FALSE,TRUE,FALSE,TRUE,FALSE,TRUE,TRUE,TRUE,TRUE,TRUE,40,60,Neither agree nor disagree,Neither agree nor disagree,Neither agree nor disagree,Yes,No,1 - Not at all,3,3,4,2,3,4,2,3,3,2,3,3,NA,NA,NA,NA,Washington,Neither support nor oppose,Unjustified,Yes,NA,NA,NA,1,2,2,1,Democrat,Republican,NA
Male,White/Caucasian,"100,000 or more","Professional Degree (JD, MD)",Democrat,NA,NA,Strong Democrat,41,Yes,Yes,Yes,TRUE,FALSE,FALSE,FALSE,FALSE,FALSE,FALSE,TRUE,FALSE,FALSE,50,81,Strongly disagree,Somewhat disagree,Strongly disagree,No,No,5 - A great deal,1- Very unlike me,1- Very unlike me,1- Very unlike me,1- Very unlike me,1- Very unlike me,1- Very unlike me,1- Very unlike me,1- Very unlike me,1- Very unlike me,1- Very unlike me,1- Very unlike me,1- Very unlike me,NA,NA,NA,NA,California,Support,Justified,Yes,NA,NA,NA,1,1,2,1,Republican,Democrat,NA
Male,White/Caucasian,"100,000 or more",Masters Degree,Republican,NA,Strong Republican,NA,40,Yes,Yes,Yes,FALSE,TRUE,TRUE,FALSE,TRUE,TRUE,TRUE,TRUE,TRUE,TRUE,100,100,Strongly agree,Strongly agree,Strongly agree,Yes,Yes,5 - A great deal,5- Very like me,5- Very like me,5- Very like me,5- Very like me,5- Very like me,5- Very like me,5- Very like me,1- Very unlike me,5- Very like me,1- Very unlike me,5- Very like me,5- Very like me,NA,NA,NA,NA,NA,NA,NA,NA,Texas,2 - 3 months in jail,NA,2,1,2,1,Democrat,Republican,arson
Female,White/Caucasian,"Less than 30,000",2-year College Degree,Republican,NA,Not a strong Republican,NA,71,No,No,Yes,TRUE,TRUE,TRUE,TRUE,TRUE,FALSE,TRUE,TRUE,FALSE,TRUE,33,84,Neither agree nor disagree,Neither agree nor disagree,Neither agree nor disagree,No,No,1 - Not at all,1- Very unlike me,3,3,2,1- Very unlike me,2,1- Very unlike me,1- Very unlike me,1- Very unlike me,1- Very unlike me,3,1- Very unlike me,NA,NA,NA,NA,NA,NA,NA,NA,Oregon,More than 20 years in prison,Oppose,2,2,2,1,Democrat,Republican,murder
Male,White/Caucasian,"50,000 – 59,999",High School / GED,Republican,NA,Not a strong Republican,NA,64,NA,NA,NA,FALSE,TRUE,TRUE,TRUE,TRUE,FALSE,FALSE,FALSE,FALSE,FALSE,30,81,Neither agree nor disagree,Somewhat disagree,Neither agree nor disagree,No,No,1 - Not at all,2,2,2,2,2,3,1- Very unlike me,1- Very unlike me,1- Very unlike me,1- Very unlike me,5- Very like me,1- Very unlike me,NA,NA,NA,NA,NA,NA,NA,NA,Washington,More than 20 years in prison,Strongly oppose,2,2,1,1,Democrat,Republican,assault with a deadly weapon
Male,White/Caucasian,"100,000 or more",Masters Degree,Democrat,NA,NA,Strong Democrat,45,NA,NA,NA,TRUE,TRUE,FALSE,FALSE,TRUE,TRUE,TRUE,FALSE,TRUE,TRUE,91,92,Somewhat agree,Somewhat agree,Strongly agree,Yes,No,4,4,4,4,4,4,3,3,4,4,3,3,3,NA,NA,NA,NA,California,Strongly support,Justified,Yes,NA,NA,NA,1,1,2,1,Republican,Democrat,NA
Male,White/Caucasian,"40,000 – 49,999",2-year College Degree,Republican,NA,Not a strong Republican,NA,55,NA,NA,NA,NA,NA,NA,NA,NA,NA,NA,NA,NA,NA,,,NA,NA,NA,NA,NA,NA,NA,NA,NA,NA,NA,NA,NA,NA,NA,NA,NA,NA,NA,NA,NA,NA,NA,NA,NA,NA,NA,NA,NA,1,2,2,2,NA,NA,NA
Female,White/Caucasian,"30,000 – 39,999",Some College,Democrat,NA,NA,Strong Democrat,20,No,No,Yes,TRUE,TRUE,TRUE,TRUE,TRUE,FALSE,TRUE,FALSE,TRUE,FALSE,85,38,Somewhat disagree,Strongly disagree,Strongly disagree,No,No,1 - Not at all,1- Very unlike me,1- Very unlike me,1- Very unlike me,1- Very unlike me,1- Very unlike me,1- Very unlike me,1- Very unlike me,1- Very unlike me,1- Very unlike me,1- Very unlike me,1- Very unlike me,1- Very unlike me,Florida,Strongly oppose,Unjustified,Yes,NA,NA,NA,NA,NA,NA,NA,1,2,1,1,Republican,Democrat,NA
Male,White/Caucasian,"100,000 or more",Doctoral Degree,Democrat,NA,NA,Strong Democrat,35,Yes,Yes,Yes,TRUE,TRUE,FALSE,TRUE,TRUE,TRUE,FALSE,TRUE,TRUE,FALSE,66,39,Strongly agree,Somewhat agree,Strongly disagree,No,No,5 - A great deal,2,1- Very unlike me,3,1- Very unlike me,5- Very like me,5- Very like me,1- Very unlike me,1- Very unlike me,1- Very unlike me,1- Very unlike me,1- Very unlike me,1- Very unlike me,South Carolina,Support,Justified,No,NA,NA,NA,NA,NA,NA,NA,1,1,1,1,Republican,Democrat,NA
Female,White/Caucasian,"Less than 30,000",High School / GED,Democrat,NA,NA,Not a strong Democrat,53,No,No,No,FALSE,FALSE,TRUE,TRUE,TRUE,FALSE,FALSE,TRUE,TRUE,FALSE,28,22,Somewhat disagree,Neither agree nor disagree,Neither agree nor disagree,No,No,1 - Not at all,1- Very unlike me,3,5- Very like me,2,2,4,1- Very unlike me,1- Very unlike me,1- Very unlike me,1- Very unlike me,3,2,NA,NA,NA,NA,NA,NA,NA,NA,Washington,2 - 5 years in prison,Oppose,2,1,1,1,Republican,Democrat,assault with a deadly weapon
Female,Other,"30,000 – 39,999",4-year College Degree,Republican,NA,Not a strong Republican,NA,49,NA,NA,NA,NA,NA,NA,NA,NA,NA,NA,NA,NA,NA,,,NA,NA,NA,NA,NA,NA,NA,NA,NA,NA,NA,NA,NA,NA,NA,NA,NA,NA,NA,NA,NA,NA,NA,NA,NA,NA,NA,NA,NA,1,1,1,2,NA,NA,NA
Male,White/Caucasian,"30,000 – 39,999",High School / GED,Independent,Neither,NA,NA,NA,NA,NA,NA,NA,NA,NA,NA,NA,NA,NA,NA,NA,NA,,,NA,NA,NA,NA,NA,NA,NA,NA,NA,NA,NA,NA,NA,NA,NA,NA,NA,NA,NA,NA,NA,NA,NA,NA,NA,NA,NA,NA,NA,1,2,2,2,NA,NA,NA
Female,White/Caucasian,"40,000 – 49,999",Masters Degree,Democrat,NA,NA,Strong Democrat,59,NA,NA,NA,FALSE,TRUE,TRUE,TRUE,TRUE,FALSE,FALSE,FALSE,FALSE,FALSE,100,10,Somewhat agree,Strongly disagree,Strongly disagree,No,No,1 - Not at all,2,3,3,1- Very unlike me,1- Very unlike me,2,1- Very unlike me,1- Very unlike me,1- Very unlike me,1- Very unlike me,1- Very unlike me,1- Very unlike me,Florida,Strongly oppose,Unjustified,Yes,NA,NA,NA,NA,NA,NA,NA,1,2,1,1,Republican,Democrat,NA
Male,White/Caucasian,"100,000 or more",Masters Degree,Democrat,NA,NA,Strong Democrat,40,No,No,Yes,TRUE,TRUE,TRUE,TRUE,FALSE,TRUE,TRUE,TRUE,TRUE,TRUE,92,92,Strongly agree,Somewhat agree,Strongly agree,No,No,5 - A great deal,2,3,3,5- Very like me,4,5- Very like me,3,2,4,4,3,3,NA,NA,NA,NA,California,Strongly support,Justified,Yes,NA,NA,NA,1,1,2,1,Republican,Democrat,NA
Male,White/Caucasian,"Less than 30,000",Some College,Democrat,NA,NA,Not a strong Democrat,67,No,No,Yes,FALSE,TRUE,TRUE,FALSE,TRUE,TRUE,TRUE,FALSE,TRUE,FALSE,81,51,Neither agree nor disagree,Neither agree nor disagree,Neither agree nor disagree,No,Yes,1 - Not at all,3,3,5- Very like me,3,3,4,3,2,3,4,3,3,NA,NA,NA,NA,NA,NA,NA,NA,California,7 months to 1 year in jail,Neither support nor oppose,2,2,1,1,Republican,Democrat,assault with a deadly weapon
Male,White/Caucasian,"70,000 – 79,999",Masters Degree,Democrat,NA,NA,Strong Democrat,32,NA,NA,NA,FALSE,FALSE,TRUE,FALSE,TRUE,FALSE,TRUE,TRUE,TRUE,FALSE,71,66,Strongly agree,Neither agree nor disagree,Strongly agree,Yes,Yes,2,2,2,1- Very unlike me,1- Very unlike me,3,2,5- Very like me,1- Very unlike me,1- Very unlike me,2,1- Very unlike me,4,Florida,Support,Justified,Yes,NA,NA,NA,NA,NA,NA,NA,1,2,1,1,Republican,Democrat,NA
Female,White/Caucasian,"30,000 – 39,999",High School / GED,Democrat,NA,NA,Strong Democrat,25,Yes,No,Yes,FALSE,TRUE,TRUE,FALSE,TRUE,FALSE,FALSE,FALSE,FALSE,TRUE,80,12,Neither agree nor disagree,Neither agree nor disagree,Neither agree nor disagree,No,No,1 - Not at all,3,4,4,3,4,2,2,1- Very unlike me,3,3,1- Very unlike me,2,Florida,Strongly oppose,Unjustified,Yes,NA,NA,NA,NA,NA,NA,NA,1,2,1,1,Republican,Democrat,NA
Male,White/Caucasian,"90,000 – 99,999",Some College,Democrat,NA,NA,Not a strong Democrat,36,No,No,Yes,FALSE,TRUE,TRUE,TRUE,TRUE,FALSE,FALSE,FALSE,TRUE,TRUE,90,35,Neither agree nor disagree,Strongly disagree,Neither agree nor disagree,No,No,1 - Not at all,1- Very unlike me,3,4,1- Very unlike me,1- Very unlike me,2,2,1- Very unlike me,1- Very unlike me,1- Very unlike me,2,1- Very unlike me,NA,NA,NA,NA,NA,NA,NA,NA,Oregon,16 - 20 years in prison,Strongly oppose,2,1,2,1,Republican,Democrat,murder
Female,White/Caucasian,"30,000 – 39,999",4-year College Degree,Republican,NA,Strong Republican,NA,39,No,No,Yes,FALSE,FALSE,FALSE,TRUE,TRUE,TRUE,TRUE,TRUE,TRUE,TRUE,8,73,Somewhat agree,Somewhat disagree,Somewhat disagree,No,No,1 - Not at all,3,3,3,2,4,4,2,1- Very unlike me,3,2,3,1- Very unlike me,NA,NA,NA,NA,NA,NA,NA,NA,Oregon,7 months to 1 year in jail,Oppose,2,2,2,1,Democrat,Republican,assault with a deadly weapon
Male,White/Caucasian,"100,000 or more",4-year College Degree,Republican,NA,Strong Republican,NA,30,Yes,Yes,Yes,FALSE,TRUE,TRUE,TRUE,TRUE,TRUE,TRUE,FALSE,TRUE,TRUE,93,76,Somewhat agree,Somewhat agree,Somewhat agree,No,Yes,4,4,3,4,4,4,4,4,3,4,5- Very like me,4,3,NA,NA,NA,NA,Nevada,Support,Justified,Yes,NA,NA,NA,1,1,2,1,Democrat,Republican,NA
Male,White/Caucasian,"100,000 or more",2-year College Degree,Democrat,NA,NA,Not a strong Democrat,63,NA,NA,NA,TRUE,TRUE,TRUE,TRUE,TRUE,FALSE,TRUE,TRUE,FALSE,FALSE,100,0,Strongly agree,Strongly agree,Strongly agree,No,No,1 - Not at all,2,3,4,1- Very unlike me,4,3,2,1- Very unlike me,2,1- Very unlike me,1- Very unlike me,4,Florida,Strongly oppose,Unjustified,Yes,NA,NA,NA,NA,NA,NA,NA,1,1,1,1,Republican,Democrat,NA
Male,White/Caucasian,"100,000 or more",4-year College Degree,NA,NA,NA,NA,NA,NA,NA,NA,NA,NA,NA,NA,NA,NA,NA,NA,NA,NA,,,NA,NA,NA,NA,NA,NA,NA,NA,NA,NA,NA,NA,NA,NA,NA,NA,NA,NA,NA,NA,NA,NA,NA,NA,NA,NA,NA,NA,NA,1,1,1,,NA,NA,NA
Male,White/Caucasian,"30,000 – 39,999",High School / GED,Democrat,NA,NA,Strong Democrat,52,NA,NA,NA,FALSE,TRUE,TRUE,TRUE,TRUE,FALSE,FALSE,FALSE,TRUE,TRUE,100,69,Strongly disagree,Strongly disagree,Strongly disagree,No,No,1 - Not at all,5- Very like me,3,1- Very unlike me,5- Very like me,1- Very unlike me,3,1- Very unlike me,1- Very unlike me,1- Very unlike me,1- Very unlike me,1- Very unlike me,1- Very unlike me,NA,NA,NA,NA,Oregon,Strongly support,Unjustified,Yes,NA,NA,NA,1,1,2,1,Republican,Democrat,NA
Male,White/Caucasian,"80,000 – 89,999",2-year College Degree,Republican,NA,Strong Republican,NA,31,NA,NA,NA,FALSE,TRUE,FALSE,FALSE,FALSE,FALSE,TRUE,FALSE,FALSE,TRUE,75,79,Somewhat agree,Neither agree nor disagree,Neither agree nor disagree,No,Yes,5 - A great deal,4,4,5- Very like me,4,4,5- Very like me,4,5- Very like me,4,5- Very like me,4,5- Very like me,Florida,Support,Unjustified,No,NA,NA,NA,NA,NA,NA,NA,1,1,1,1,Democrat,Republican,NA
Female,White/Caucasian,"Less than 30,000",Some College,Democrat,NA,NA,Not a strong Democrat,29,No,No,No,FALSE,TRUE,TRUE,FALSE,TRUE,TRUE,TRUE,TRUE,TRUE,TRUE,40,30,Somewhat agree,Strongly disagree,Strongly disagree,No,No,1 - Not at all,4,3,4,4,2,2,3,2,4,4,2,1- Very unlike me,NA,NA,NA,NA,NA,NA,NA,NA,Oregon,2 - 5 years in prison,Strongly oppose,2,2,1,1,Republican,Democrat,assault with a deadly weapon
Female,White/Caucasian,"100,000 or more",Masters Degree,Democrat,NA,NA,Strong Democrat,41,No,No,Yes,FALSE,FALSE,TRUE,FALSE,TRUE,FALSE,FALSE,FALSE,TRUE,FALSE,85,15,Neither agree nor disagree,Somewhat disagree,Neither agree nor disagree,No,No,1 - Not at all,1- Very unlike me,3,2,1- Very unlike me,2,2,1- Very unlike me,1- Very unlike me,2,2,4,2,NA,NA,NA,NA,NA,NA,NA,NA,Oregon,More than 20 years in prison,Strongly oppose,2,2,1,1,Republican,Democrat,murder
Male,White/Caucasian,"100,000 or more",Masters Degree,Democrat,NA,NA,Strong Democrat,33,NA,NA,NA,TRUE,TRUE,TRUE,TRUE,TRUE,FALSE,FALSE,TRUE,FALSE,FALSE,0,0,Strongly agree,Somewhat agree,Neither agree nor disagree,No,No,1 - Not at all,1- Very unlike me,1- Very unlike me,1- Very unlike me,1- Very unlike me,1- Very unlike me,4,1- Very unlike me,1- Very unlike me,2,2,2,3,Alabama,Support,Justified,Yes,NA,NA,NA,NA,NA,NA,NA,1,1,1,1,Republican,Democrat,NA
Male,White/Caucasian,"100,000 or more",Masters Degree,Democrat,NA,NA,Strong Democrat,37,Yes,Yes,Yes,TRUE,TRUE,FALSE,TRUE,TRUE,TRUE,FALSE,TRUE,TRUE,TRUE,71,77,Somewhat agree,Neither agree nor disagree,Strongly agree,Yes,Yes,4,5- Very like me,4,5- Very like me,5- Very like me,4,5- Very like me,5- Very like me,4,5- Very like me,4,5- Very like me,4,NA,NA,NA,NA,NA,NA,NA,NA,California,2 - 3 months in jail,Support,2,2,2,1,Republican,Democrat,vandalism
Female,White/Caucasian,"100,000 or more","Professional Degree (JD, MD)",Democrat,NA,NA,Strong Democrat,40,Yes,Yes,Yes,TRUE,TRUE,TRUE,TRUE,TRUE,TRUE,TRUE,TRUE,TRUE,TRUE,100,100,Strongly agree,Strongly disagree,Strongly disagree,Yes,Yes,5 - A great deal,5- Very like me,5- Very like me,5- Very like me,5- Very like me,5- Very like me,5- Very like me,1- Very unlike me,1- Very unlike me,5- Very like me,1- Very unlike me,5- Very like me,5- Very like me,NA,NA,NA,NA,NA,NA,NA,NA,California,2 - 3 months in jail,Strongly support,2,2,2,1,Republican,Democrat,protesting without a permit
Male,White/Caucasian,"100,000 or more",Masters Degree,Democrat,NA,NA,Not a strong Democrat,45,Yes,Yes,Yes,FALSE,FALSE,TRUE,TRUE,FALSE,TRUE,FALSE,TRUE,FALSE,TRUE,76,82,Somewhat agree,Neither agree nor disagree,Neither agree nor disagree,No,No,3,4,2,3,2,2,3,4,2,3,2,3,4,NA,NA,NA,NA,Oregon,Neither support nor oppose,Unjustified,Yes,NA,NA,NA,1,1,2,1,Republican,Democrat,NA
Male,Other,"Less than 30,000",Some College,NA,NA,NA,NA,NA,NA,NA,NA,NA,NA,NA,NA,NA,NA,NA,NA,NA,NA,,,NA,NA,NA,NA,NA,NA,NA,NA,NA,NA,NA,NA,NA,NA,NA,NA,NA,NA,NA,NA,NA,NA,NA,NA,NA,NA,NA,NA,NA,1,2,2,,NA,NA,NA
Male,White/Caucasian,"100,000 or more",Doctoral Degree,Democrat,NA,NA,Not a strong Democrat,38,No,No,Yes,TRUE,FALSE,FALSE,TRUE,FALSE,TRUE,FALSE,FALSE,FALSE,FALSE,93,43,Neither agree nor disagree,Strongly agree,Neither agree nor disagree,No,No,2,1- Very unlike me,4,2,1- Very unlike me,4,2,2,1- Very unlike me,1- Very unlike me,2,1- Very unlike me,2,NA,NA,NA,NA,NA,NA,NA,NA,California,2 - 3 months in jail,Strongly oppose,2,2,2,1,Republican,Democrat,assault
Male,White/Caucasian,"60,000 – 69,999",2-year College Degree,Republican,NA,Not a strong Republican,NA,74,No,No,Yes,FALSE,TRUE,TRUE,TRUE,TRUE,FALSE,TRUE,TRUE,TRUE,TRUE,20,70,Neither agree nor disagree,Neither agree nor disagree,Neither agree nor disagree,No,No,1 - Not at all,3,2,3,3,3,4,2,3,2,2,3,3,Florida,Oppose,Unjustified,Yes,NA,NA,NA,NA,NA,NA,NA,1,2,1,1,Democrat,Republican,NA
Male,White/Caucasian,"50,000 – 59,999",Some College,Independent,Democratic Party,NA,NA,20,No,No,Yes,FALSE,TRUE,TRUE,FALSE,TRUE,TRUE,FALSE,TRUE,FALSE,TRUE,53,20,Neither agree nor disagree,Somewhat disagree,Somewhat disagree,No,No,1 - Not at all,3,4,2,1- Very unlike me,2,2,2,1- Very unlike me,3,2,1- Very unlike me,1- Very unlike me,NA,NA,NA,NA,NA,NA,NA,NA,Oregon,11 - 15 years in prison,Strongly oppose,2,1,1,1,Republican,Democrat,assault with a deadly weapon
Female,White/Caucasian,"30,000 – 39,999",High School / GED,Republican,NA,Not a strong Republican,NA,34,NA,NA,NA,TRUE,TRUE,TRUE,TRUE,TRUE,FALSE,FALSE,TRUE,FALSE,FALSE,25,90,Neither agree nor disagree,Somewhat disagree,Neither agree nor disagree,No,No,1 - Not at all,1- Very unlike me,1- Very unlike me,1- Very unlike me,1- Very unlike me,1- Very unlike me,1- Very unlike me,1- Very unlike me,1- Very unlike me,1- Very unlike me,1- Very unlike me,1- Very unlike me,1- Very unlike me,NA,NA,NA,NA,Oregon,Strongly oppose,Unjustified,Yes,NA,NA,NA,1,1,2,1,Democrat,Republican,NA
Male,White/Caucasian,"100,000 or more",Doctoral Degree,Democrat,NA,NA,Strong Democrat,39,Yes,No,Yes,TRUE,TRUE,FALSE,TRUE,TRUE,FALSE,FALSE,TRUE,FALSE,FALSE,87,8,Somewhat agree,Neither agree nor disagree,Somewhat agree,No,No,1 - Not at all,2,1- Very unlike me,2,3,1- Very unlike me,1- Very unlike me,2,1- Very unlike me,2,1- Very unlike me,3,1- Very unlike me,NA,NA,NA,NA,NA,NA,NA,NA,Washington,2 - 5 years in prison,Strongly support,2,2,2,1,Republican,Democrat,murder
Female,White/Caucasian,"90,000 – 99,999",Less than High School,Democrat,NA,NA,Strong Democrat,18,No,No,No,FALSE,TRUE,FALSE,TRUE,TRUE,TRUE,FALSE,FALSE,FALSE,FALSE,60,30,Neither agree nor disagree,Strongly disagree,Strongly disagree,No,No,1 - Not at all,1- Very unlike me,1- Very unlike me,3,1- Very unlike me,1- Very unlike me,2,1- Very unlike me,1- Very unlike me,1- Very unlike me,1- Very unlike me,4,1- Very unlike me,NA,NA,NA,NA,Oregon,Strongly support,Unjustified,Yes,NA,NA,NA,1,1,2,1,Republican,Democrat,NA
Male,White/Caucasian,"70,000 – 79,999",Masters Degree,Democrat,NA,NA,Strong Democrat,34,NA,NA,NA,TRUE,TRUE,FALSE,TRUE,TRUE,FALSE,FALSE,FALSE,TRUE,FALSE,81,36,Somewhat agree,Somewhat agree,Somewhat agree,No,No,1 - Not at all,1- Very unlike me,3,3,3,1- Very unlike me,2,1- Very unlike me,1- Very unlike me,2,1- Very unlike me,2,2,NA,NA,NA,NA,NA,NA,NA,NA,California,4 - 30 days in jail,Support,2,2,1,1,Republican,Democrat,vandalism
Male,White/Caucasian,"40,000 – 49,999",High School / GED,Republican,NA,Not a strong Republican,NA,21,No,No,Yes,FALSE,TRUE,TRUE,TRUE,TRUE,FALSE,FALSE,TRUE,FALSE,FALSE,42,67,Neither agree nor disagree,Strongly disagree,Neither agree nor disagree,No,No,2,5- Very like me,4,5- Very like me,5- Very like me,3,4,5- Very like me,2,1- Very unlike me,4,5- Very like me,4,NA,NA,NA,NA,Washington,Neither support nor oppose,Unjustified,No,NA,NA,NA,1,2,2,1,Democrat,Republican,NA
Male,White/Caucasian,"50,000 – 59,999",Masters Degree,Republican,NA,Not a strong Republican,NA,42,No,No,Yes,FALSE,TRUE,TRUE,TRUE,TRUE,FALSE,FALSE,FALSE,FALSE,TRUE,60,58,Somewhat disagree,Strongly disagree,Strongly disagree,No,No,1 - Not at all,1- Very unlike me,2,2,1- Very unlike me,1- Very unlike me,3,1- Very unlike me,1- Very unlike me,1- Very unlike me,1- Very unlike me,2,1- Very unlike me,NA,NA,NA,NA,NA,NA,NA,NA,Oregon,1 - 3 days in jail,Oppose,2,2,1,1,Democrat,Republican,vandalism
Female,White/Caucasian,"40,000 – 49,999",4-year College Degree,Democrat,NA,NA,Strong Democrat,23,No,No,Yes,FALSE,TRUE,TRUE,TRUE,TRUE,TRUE,FALSE,FALSE,TRUE,FALSE,82,29,Somewhat disagree,Strongly disagree,Neither agree nor disagree,No,No,1 - Not at all,1- Very unlike me,2,3,4,2,3,4,2,1- Very unlike me,1- Very unlike me,2,3,NA,NA,NA,NA,Washington,Neither support nor oppose,Unjustified,Yes,NA,NA,NA,1,2,2,1,Republican,Democrat,NA
Female,White/Caucasian,"40,000 – 49,999",4-year College Degree,Democrat,NA,NA,Strong Democrat,28,Yes,Yes,Yes,FALSE,TRUE,TRUE,TRUE,TRUE,FALSE,FALSE,TRUE,FALSE,FALSE,93,15,Neither agree nor disagree,Strongly disagree,Neither agree nor disagree,No,No,1 - Not at all,1- Very unlike me,4,3,1- Very unlike me,1- Very unlike me,3,1- Very unlike me,1- Very unlike me,2,2,4,1- Very unlike me,Florida,Oppose,Unjustified,Yes,NA,NA,NA,NA,NA,NA,NA,1,2,1,1,Republican,Democrat,NA
Male,White/Caucasian,"30,000 – 39,999",Some College,Republican,NA,Not a strong Republican,NA,75,NA,NA,NA,TRUE,TRUE,TRUE,TRUE,TRUE,FALSE,FALSE,TRUE,FALSE,FALSE,30,82,Neither agree nor disagree,Neither agree nor disagree,Somewhat agree,No,No,1 - Not at all,3,3,1- Very unlike me,3,3,2,1- Very unlike me,1- Very unlike me,2,1- Very unlike me,1- Very unlike me,1- Very unlike me,NA,NA,NA,NA,Oregon,Strongly support,Unjustified,Yes,NA,NA,NA,1,1,2,1,Democrat,Republican,NA
Female,White/Caucasian,"40,000 – 49,999",High School / GED,Republican,NA,Not a strong Republican,NA,36,No,No,Yes,FALSE,FALSE,TRUE,TRUE,TRUE,TRUE,FALSE,TRUE,TRUE,TRUE,51,51,Neither agree nor disagree,Neither agree nor disagree,Neither agree nor disagree,No,No,1 - Not at all,2,3,3,3,2,3,1- Very unlike me,1- Very unlike me,2,1- Very unlike me,2,1- Very unlike me,NA,NA,NA,NA,NA,NA,NA,NA,Florida,2 - 5 years in prison,NA,2,2,2,1,Democrat,Republican,protesting without a permit
Female,White/Caucasian,"40,000 – 49,999",Some College,Republican,NA,Not a strong Republican,NA,20,No,No,Yes,FALSE,TRUE,TRUE,TRUE,FALSE,FALSE,FALSE,TRUE,TRUE,TRUE,16,94,Neither agree nor disagree,Strongly agree,Somewhat agree,No,No,1 - Not at all,3,3,1- Very unlike me,1- Very unlike me,3,2,3,1- Very unlike me,2,2,2,1- Very unlike me,NA,NA,NA,NA,NA,NA,NA,NA,Alaska,4 - 30 days in jail,Support,2,1,1,1,Democrat,Republican,vandalism
Male,White/Caucasian,"100,000 or more",Some College,Republican,NA,Not a strong Republican,NA,63,No,Yes,Yes,TRUE,FALSE,TRUE,FALSE,TRUE,FALSE,FALSE,TRUE,FALSE,FALSE,60,54,Neither agree nor disagree,Strongly disagree,Neither agree nor disagree,No,No,1 - Not at all,1- Very unlike me,2,3,1- Very unlike me,1- Very unlike me,2,2,1- Very unlike me,1- Very unlike me,1- Very unlike me,1- Very unlike me,1- Very unlike me,NA,NA,NA,NA,Oregon,Strongly oppose,Unjustified,Yes,NA,NA,NA,1,1,2,1,Democrat,Republican,NA
Male,White/Caucasian,"100,000 or more",Some College,Republican,NA,Strong Republican,NA,36,NA,NA,NA,FALSE,TRUE,TRUE,TRUE,TRUE,TRUE,FALSE,FALSE,FALSE,TRUE,22,84,Strongly agree,Somewhat disagree,Neither agree nor disagree,No,No,1 - Not at all,4,3,4,2,2,3,1- Very unlike me,1- Very unlike me,1- Very unlike me,2,1- Very unlike me,1- Very unlike me,NA,NA,NA,NA,NA,NA,NA,NA,Alaska,Community service,Support,2,1,2,1,Democrat,Republican,protesting without a permit
Male,White/Caucasian,"40,000 – 49,999",2-year College Degree,Democrat,NA,NA,Not a strong Democrat,74,No,No,No,FALSE,FALSE,TRUE,FALSE,TRUE,FALSE,FALSE,FALSE,FALSE,FALSE,29,71,Neither agree nor disagree,Somewhat disagree,Neither agree nor disagree,No,No,1 - Not at all,3,3,4,2,4,3,1- Very unlike me,4,2,4,2,1- Very unlike me,Florida,Strongly oppose,Unjustified,Yes,NA,NA,NA,NA,NA,NA,NA,1,2,1,1,Republican,Democrat,NA
Female,White/Caucasian,"Less than 30,000",High School / GED,Democrat,NA,NA,Strong Democrat,33,No,No,Yes,TRUE,TRUE,TRUE,TRUE,TRUE,TRUE,FALSE,FALSE,FALSE,FALSE,79,0,Neither agree nor disagree,Neither agree nor disagree,Neither agree nor disagree,No,No,1 - Not at all,1- Very unlike me,3,4,2,1- Very unlike me,3,2,1- Very unlike me,1- Very unlike me,1- Very unlike me,3,1- Very unlike me,NA,NA,NA,NA,NA,NA,NA,NA,Washington,Community service,Neither support nor oppose,2,2,1,1,Republican,Democrat,vandalism
Male,White/Caucasian,"40,000 – 49,999",Some College,Democrat,NA,NA,Not a strong Democrat,65,No,No,Yes,TRUE,TRUE,TRUE,FALSE,TRUE,TRUE,FALSE,TRUE,FALSE,TRUE,65,58,Somewhat disagree,Strongly disagree,Somewhat disagree,No,No,1 - Not at all,2,3,3,4,3,3,2,2,3,3,3,3,Florida,Oppose,Unjustified,Yes,NA,NA,NA,NA,NA,NA,NA,1,2,1,1,Republican,Democrat,NA
Female,White/Caucasian,"100,000 or more",4-year College Degree,Republican,NA,Strong Republican,NA,35,Yes,No,Yes,TRUE,TRUE,TRUE,TRUE,TRUE,TRUE,FALSE,TRUE,TRUE,TRUE,98,99,Strongly disagree,Strongly disagree,Strongly disagree,No,No,1 - Not at all,1- Very unlike me,1- Very unlike me,1- Very unlike me,1- Very unlike me,1- Very unlike me,3,1- Very unlike me,1- Very unlike me,1- Very unlike me,1- Very unlike me,1- Very unlike me,1- Very unlike me,NA,NA,NA,NA,NA,NA,NA,NA,Oregon,4 - 30 days in jail,Strongly support,2,2,1,1,Democrat,Republican,protesting without a permit
Male,White/Caucasian,"Less than 30,000",2-year College Degree,Republican,NA,Strong Republican,NA,65,No,Yes,Yes,FALSE,FALSE,TRUE,TRUE,TRUE,TRUE,FALSE,TRUE,TRUE,TRUE,0,54,Neither agree nor disagree,Strongly agree,Neither agree nor disagree,No,No,1 - Not at all,1- Very unlike me,1- Very unlike me,1- Very unlike me,1- Very unlike me,1- Very unlike me,3,1- Very unlike me,1- Very unlike me,1- Very unlike me,1- Very unlike me,1- Very unlike me,1- Very unlike me,NA,NA,NA,NA,NA,NA,NA,NA,California,11 - 15 years in prison,Oppose,2,2,1,1,Democrat,Republican,arson
Male,White/Caucasian,"40,000 – 49,999",High School / GED,Republican,NA,Strong Republican,NA,41,No,No,Yes,TRUE,FALSE,TRUE,FALSE,TRUE,FALSE,FALSE,TRUE,FALSE,TRUE,8,88,Neither agree nor disagree,Neither agree nor disagree,Neither agree nor disagree,No,No,1 - Not at all,4,3,3,2,3,2,1- Very unlike me,1- Very unlike me,2,2,2,1- Very unlike me,NA,NA,NA,NA,NA,NA,NA,NA,Alaska,Community service,Neither support nor oppose,2,2,2,1,Democrat,Republican,vandalism
Female,White/Caucasian,"40,000 – 49,999",High School / GED,Republican,NA,Strong Republican,NA,80,No,Yes,Yes,FALSE,TRUE,TRUE,TRUE,TRUE,FALSE,FALSE,TRUE,TRUE,TRUE,6,77,Neither agree nor disagree,Somewhat disagree,Neither agree nor disagree,Yes,No,1 - Not at all,1- Very unlike me,3,1- Very unlike me,1- Very unlike me,2,1- Very unlike me,2,1- Very unlike me,1- Very unlike me,2,2,1- Very unlike me,NA,NA,NA,NA,California,Neither support nor oppose,Unjustified,Yes,NA,NA,NA,1,1,2,1,Democrat,Republican,NA
Female,White/Caucasian,"80,000 – 89,999",4-year College Degree,Democrat,NA,NA,Not a strong Democrat,40,No,No,Yes,FALSE,TRUE,TRUE,TRUE,TRUE,TRUE,TRUE,TRUE,TRUE,TRUE,61,5,Somewhat agree,Neither agree nor disagree,Somewhat agree,No,Yes,2,4,5- Very like me,2,2,3,2,2,1- Very unlike me,2,2,5- Very like me,4,NA,NA,NA,NA,NA,NA,NA,NA,Washington,11 - 15 years in prison,Oppose,2,1,2,1,Republican,Democrat,murder
Male,White/Caucasian,"100,000 or more",2-year College Degree,Independent,Republican Party,NA,NA,56,No,Yes,Yes,FALSE,TRUE,TRUE,FALSE,TRUE,FALSE,FALSE,FALSE,TRUE,TRUE,14,78,Strongly agree,Somewhat disagree,Neither agree nor disagree,No,No,1 - Not at all,4,2,3,4,2,2,2,2,3,2,3,2,NA,NA,NA,NA,NA,NA,NA,NA,Oregon,Community service,Strongly oppose,2,2,1,1,Democrat,Republican,vandalism
Male,White/Caucasian,"90,000 – 99,999",4-year College Degree,Republican,NA,Strong Republican,NA,52,No,Yes,Yes,FALSE,FALSE,TRUE,FALSE,TRUE,FALSE,TRUE,FALSE,FALSE,TRUE,4,27,Strongly agree,Neither agree nor disagree,Neither agree nor disagree,No,No,5 - A great deal,2,4,4,2,3,3,2,2,2,2,4,3,NA,NA,NA,NA,NA,NA,NA,NA,Oregon,Community service,Strongly support,2,2,1,1,Democrat,Republican,assault
Female,Other,"50,000 – 59,999",Some College,Republican,NA,Not a strong Republican,NA,67,No,No,Yes,TRUE,TRUE,TRUE,TRUE,TRUE,FALSE,TRUE,TRUE,FALSE,TRUE,17,86,Neither agree nor disagree,Somewhat agree,Neither agree nor disagree,No,No,2,2,3,4,3,2,2,2,1- Very unlike me,2,1- Very unlike me,2,1- Very unlike me,NA,NA,NA,NA,NA,NA,NA,NA,Oregon,4 - 30 days in jail,Oppose,2,1,2,1,Democrat,Republican,assault
Female,White/Caucasian,"40,000 – 49,999",High School / GED,Republican,NA,Not a strong Republican,NA,37,NA,NA,NA,FALSE,FALSE,TRUE,TRUE,TRUE,TRUE,TRUE,FALSE,TRUE,FALSE,29,65,Strongly disagree,Neither agree nor disagree,Strongly disagree,No,No,1 - Not at all,1- Very unlike me,1- Very unlike me,1- Very unlike me,1- Very unlike me,1- Very unlike me,1- Very unlike me,1- Very unlike me,1- Very unlike me,1- Very unlike me,1- Very unlike me,1- Very unlike me,1- Very unlike me,NA,NA,NA,NA,NA,NA,NA,NA,Florida,7 months to 1 year in jail,Strongly support,2,1,2,1,Democrat,Republican,protesting without a permit
Male,White/Caucasian,"Less than 30,000",Some College,Republican,NA,Strong Republican,NA,69,No,No,Yes,FALSE,FALSE,TRUE,TRUE,TRUE,FALSE,FALSE,TRUE,FALSE,TRUE,5,91,Strongly agree,Strongly disagree,NA,No,No,1 - Not at all,1- Very unlike me,3,1- Very unlike me,3,3,1- Very unlike me,1- Very unlike me,1- Very unlike me,1- Very unlike me,1- Very unlike me,1- Very unlike me,1- Very unlike me,Florida,Strongly oppose,Unjustified,Yes,NA,NA,NA,NA,NA,NA,NA,1,1,1,1,Democrat,Republican,NA
Male,White/Caucasian,"100,000 or more",4-year College Degree,Democrat,NA,NA,Not a strong Democrat,30,No,No,Yes,TRUE,TRUE,TRUE,TRUE,TRUE,FALSE,FALSE,TRUE,FALSE,FALSE,77,73,Strongly disagree,Strongly disagree,Somewhat disagree,No,No,1 - Not at all,1- Very unlike me,3,3,1- Very unlike me,1- Very unlike me,2,2,1- Very unlike me,1- Very unlike me,1- Very unlike me,2,1- Very unlike me,NA,NA,NA,NA,NA,NA,NA,NA,California,Community service,Strongly oppose,2,1,2,1,Republican,Democrat,protesting without a permit
Male,White/Caucasian,"90,000 – 99,999",Some College,Republican,NA,Strong Republican,NA,38,NA,NA,NA,TRUE,TRUE,TRUE,TRUE,TRUE,TRUE,TRUE,TRUE,TRUE,TRUE,0,82,Strongly agree,Strongly agree,Somewhat agree,Yes,No,4,4,4,4,3,3,4,3,2,3,3,2,1- Very unlike me,Florida,Strongly oppose,Unjustified,Yes,NA,NA,NA,NA,NA,NA,NA,1,2,1,1,Democrat,Republican,NA
Female,White/Caucasian,"Less than 30,000",Some College,Democrat,NA,NA,Strong Democrat,42,NA,NA,NA,FALSE,TRUE,TRUE,TRUE,TRUE,FALSE,FALSE,FALSE,TRUE,FALSE,91,40,Somewhat agree,Somewhat disagree,Somewhat agree,No,No,1 - Not at all,1- Very unlike me,2,4,1- Very unlike me,1- Very unlike me,4,1- Very unlike me,1- Very unlike me,1- Very unlike me,1- Very unlike me,1- Very unlike me,1- Very unlike me,NA,NA,NA,NA,Oregon,Strongly support,Unjustified,Yes,NA,NA,NA,1,2,2,1,Republican,Democrat,NA
Female,White/Caucasian,"Less than 30,000",High School / GED,Republican,NA,Strong Republican,NA,20,No,No,Yes,FALSE,TRUE,TRUE,TRUE,FALSE,FALSE,FALSE,TRUE,FALSE,TRUE,66,63,Neither agree nor disagree,Neither agree nor disagree,Somewhat agree,No,No,1 - Not at all,4,3,3,2,3,3,3,1- Very unlike me,1- Very unlike me,1- Very unlike me,1- Very unlike me,1- Very unlike me,NA,NA,NA,NA,Washington,Neither support nor oppose,Unjustified,Yes,NA,NA,NA,1,1,2,1,Democrat,Republican,NA
Male,White/Caucasian,"70,000 – 79,999",Some College,Republican,NA,Not a strong Republican,NA,33,No,No,Yes,FALSE,TRUE,TRUE,FALSE,FALSE,FALSE,FALSE,TRUE,TRUE,FALSE,37,88,Neither agree nor disagree,Somewhat disagree,Neither agree nor disagree,No,No,3,3,3,3,2,2,2,1- Very unlike me,2,2,2,2,1- Very unlike me,NA,NA,NA,NA,NA,NA,NA,NA,Alaska,7 months to 1 year in jail,Oppose,2,2,2,1,Democrat,Republican,arson
Female,White/Caucasian,"70,000 – 79,999",Some College,Democrat,NA,NA,Not a strong Democrat,23,No,No,Yes,TRUE,TRUE,FALSE,TRUE,TRUE,FALSE,FALSE,FALSE,TRUE,FALSE,86,21,Somewhat disagree,Somewhat agree,Somewhat agree,No,No,1 - Not at all,2,3,2,4,3,3,1- Very unlike me,2,4,2,1- Very unlike me,2,NA,NA,NA,NA,NA,NA,NA,NA,Alaska,11 - 15 years in prison,Oppose,2,2,2,1,Republican,Democrat,murder
Female,White/Caucasian,"Less than 30,000",Some College,Independent,Neither,NA,NA,NA,NA,NA,NA,NA,NA,NA,NA,NA,NA,NA,NA,NA,NA,,,NA,NA,NA,NA,NA,NA,NA,NA,NA,NA,NA,NA,NA,NA,NA,NA,NA,NA,NA,NA,NA,NA,NA,NA,NA,NA,NA,NA,NA,1,1,1,2,NA,NA,NA
Female,White/Caucasian,"Less than 30,000",2-year College Degree,Republican,NA,Not a strong Republican,NA,30,NA,NA,NA,TRUE,TRUE,TRUE,TRUE,TRUE,FALSE,FALSE,FALSE,FALSE,FALSE,34,100,Neither agree nor disagree,Somewhat agree,Somewhat agree,No,Yes,2,1- Very unlike me,1- Very unlike me,1- Very unlike me,1- Very unlike me,1- Very unlike me,1- Very unlike me,1- Very unlike me,1- Very unlike me,1- Very unlike me,1- Very unlike me,3,2,NA,NA,NA,NA,NA,NA,NA,NA,Oregon,More than 20 years in prison,Strongly oppose,2,1,1,1,Democrat,Republican,murder
Male,White/Caucasian,"Less than 30,000",2-year College Degree,Independent,Republican Party,NA,NA,46,No,No,No,FALSE,TRUE,TRUE,TRUE,TRUE,TRUE,FALSE,FALSE,TRUE,TRUE,70,80,Strongly disagree,Strongly disagree,Somewhat agree,No,No,1 - Not at all,3,2,2,1- Very unlike me,1- Very unlike me,1- Very unlike me,1- Very unlike me,1- Very unlike me,3,1- Very unlike me,2,1- Very unlike me,NA,NA,NA,NA,Oregon,Support,Unjustified,No,NA,NA,NA,1,2,2,1,Democrat,Republican,NA
Female,White/Caucasian,"60,000 – 69,999",High School / GED,Independent,Republican Party,NA,NA,35,No,No,No,FALSE,TRUE,TRUE,TRUE,TRUE,FALSE,FALSE,TRUE,TRUE,TRUE,50,50,Neither agree nor disagree,Somewhat disagree,Neither agree nor disagree,No,No,1 - Not at all,1- Very unlike me,3,2,1- Very unlike me,2,3,1- Very unlike me,1- Very unlike me,1- Very unlike me,1- Very unlike me,3,2,NA,NA,NA,NA,Oregon,Neither support nor oppose,Unjustified,Yes,NA,NA,NA,1,2,2,1,Democrat,Republican,NA
Male,White/Caucasian,"30,000 – 39,999",High School / GED,Republican,NA,Strong Republican,NA,60,No,No,Yes,FALSE,TRUE,TRUE,TRUE,TRUE,TRUE,TRUE,TRUE,TRUE,TRUE,38,66,Neither agree nor disagree,Strongly disagree,Neither agree nor disagree,No,No,1 - Not at all,1- Very unlike me,3,1- Very unlike me,1- Very unlike me,1- Very unlike me,2,3,1- Very unlike me,1- Very unlike me,1- Very unlike me,3,4,NA,NA,NA,NA,NA,NA,NA,NA,Oregon,6 - 10 years in prison,Strongly oppose,2,1,1,1,Democrat,Republican,assault with a deadly weapon
Female,White/Caucasian,"30,000 – 39,999",High School / GED,Democrat,NA,NA,Strong Democrat,30,Yes,No,Yes,FALSE,FALSE,TRUE,TRUE,TRUE,FALSE,FALSE,TRUE,FALSE,FALSE,92,6,Somewhat agree,Neither agree nor disagree,Neither agree nor disagree,No,No,1 - Not at all,1- Very unlike me,2,1- Very unlike me,2,1- Very unlike me,3,1- Very unlike me,1- Very unlike me,1- Very unlike me,1- Very unlike me,1- Very unlike me,1- Very unlike me,NA,NA,NA,NA,NA,NA,NA,NA,Washington,11 - 15 years in prison,Strongly oppose,2,1,2,1,Republican,Democrat,assault with a deadly weapon
Male,White/Caucasian,"50,000 – 59,999",4-year College Degree,Republican,NA,Strong Republican,NA,77,No,No,Yes,TRUE,TRUE,TRUE,TRUE,TRUE,TRUE,FALSE,TRUE,TRUE,TRUE,20,64,Strongly disagree,Somewhat agree,Neither agree nor disagree,No,No,1 - Not at all,1- Very unlike me,3,5- Very like me,1- Very unlike me,2,1- Very unlike me,2,1- Very unlike me,2,1- Very unlike me,3,1- Very unlike me,NA,NA,NA,NA,NA,NA,NA,NA,Alaska,4 - 30 days in jail,Strongly oppose,2,1,1,1,Democrat,Republican,vandalism
Female,White/Caucasian,"100,000 or more",Masters Degree,Democrat,NA,NA,Strong Democrat,42,NA,NA,NA,FALSE,TRUE,TRUE,TRUE,TRUE,TRUE,TRUE,TRUE,FALSE,FALSE,77,28,Neither agree nor disagree,Somewhat disagree,Neither agree nor disagree,No,No,1 - Not at all,2,2,2,1- Very unlike me,1- Very unlike me,1- Very unlike me,1- Very unlike me,1- Very unlike me,1- Very unlike me,1- Very unlike me,2,1- Very unlike me,NA,NA,NA,NA,Oregon,Support,Unjustified,Yes,NA,NA,NA,1,2,2,1,Republican,Democrat,NA
Male,White/Caucasian,"60,000 – 69,999",4-year College Degree,NA,NA,NA,NA,NA,NA,NA,NA,NA,NA,NA,NA,NA,NA,NA,NA,NA,NA,,,NA,NA,NA,NA,NA,NA,NA,NA,NA,NA,NA,NA,NA,NA,NA,NA,NA,NA,NA,NA,NA,NA,NA,NA,NA,NA,NA,NA,NA,2,1,1,,NA,NA,NA
Female,White/Caucasian,"70,000 – 79,999",Some College,Democrat,NA,NA,Strong Democrat,58,NA,NA,NA,FALSE,TRUE,TRUE,TRUE,TRUE,TRUE,FALSE,TRUE,FALSE,TRUE,100,30,Somewhat agree,Strongly disagree,Neither agree nor disagree,No,Yes,1 - Not at all,2,2,4,1- Very unlike me,3,3,1- Very unlike me,1- Very unlike me,2,2,3,1- Very unlike me,NA,NA,NA,NA,NA,NA,NA,NA,Washington,4 - 6 months in jail,Strongly oppose,2,1,1,1,Republican,Democrat,protesting without a permit
Female,White/Caucasian,"80,000 – 89,999",4-year College Degree,Republican,NA,Strong Republican,NA,74,No,Yes,Yes,FALSE,FALSE,TRUE,TRUE,TRUE,TRUE,FALSE,FALSE,TRUE,FALSE,0,100,Neither agree nor disagree,Somewhat disagree,Neither agree nor disagree,No,No,1 - Not at all,5- Very like me,3,3,1- Very unlike me,1- Very unlike me,3,1- Very unlike me,1- Very unlike me,1- Very unlike me,1- Very unlike me,1- Very unlike me,1- Very unlike me,NA,NA,NA,NA,NA,NA,NA,NA,Oregon,Community service,Oppose,2,2,2,1,Democrat,Republican,vandalism
Male,White/Caucasian,"40,000 – 49,999",Some College,Republican,NA,Not a strong Republican,NA,81,No,No,Yes,FALSE,FALSE,TRUE,FALSE,TRUE,TRUE,TRUE,TRUE,TRUE,TRUE,51,81,Somewhat agree,Somewhat disagree,Neither agree nor disagree,No,No,4,2,3,3,1- Very unlike me,1- Very unlike me,3,4,3,2,5- Very like me,3,4,NA,NA,NA,NA,NA,NA,NA,NA,Oregon,4 - 30 days in jail,Oppose,2,2,2,1,Democrat,Republican,vandalism
Male,White/Caucasian,"100,000 or more",High School / GED,Republican,NA,Strong Republican,NA,35,NA,NA,NA,FALSE,FALSE,FALSE,FALSE,FALSE,TRUE,FALSE,FALSE,FALSE,FALSE,88,90,Neither agree nor disagree,Somewhat agree,Strongly agree,Yes,No,1 - Not at all,1- Very unlike me,1- Very unlike me,1- Very unlike me,1- Very unlike me,1- Very unlike me,1- Very unlike me,1- Very unlike me,3,3,2,2,2,NA,NA,NA,NA,Arizona,Neither support nor oppose,Justified,Yes,NA,NA,NA,1,2,2,1,Democrat,Republican,NA
Female,White/Caucasian,"50,000 – 59,999",Masters Degree,Independent,Neither,NA,NA,NA,NA,NA,NA,NA,NA,NA,NA,NA,NA,NA,NA,NA,NA,,,NA,NA,NA,NA,NA,NA,NA,NA,NA,NA,NA,NA,NA,NA,NA,NA,NA,NA,NA,NA,NA,NA,NA,NA,NA,NA,NA,NA,NA,1,2,2,2,NA,NA,NA
Female,White/Caucasian,"30,000 – 39,999",2-year College Degree,Democrat,NA,NA,Strong Democrat,24,NA,NA,NA,NA,NA,NA,NA,NA,NA,NA,NA,NA,NA,,,NA,NA,NA,NA,NA,NA,NA,NA,NA,NA,NA,NA,NA,NA,NA,NA,NA,NA,NA,NA,NA,NA,NA,NA,NA,NA,NA,NA,NA,2,1,2,2,NA,NA,NA
Male,White/Caucasian,"100,000 or more",High School / GED,Other,Republican Party,NA,NA,47,No,Yes,Yes,FALSE,TRUE,TRUE,TRUE,TRUE,TRUE,FALSE,TRUE,TRUE,TRUE,10,46,Strongly agree,Somewhat agree,Somewhat agree,No,No,1 - Not at all,1- Very unlike me,3,1- Very unlike me,2,2,2,1- Very unlike me,1- Very unlike me,1- Very unlike me,1- Very unlike me,3,1- Very unlike me,NA,NA,NA,NA,Oregon,Strongly support,Unjustified,Yes,NA,NA,NA,1,2,2,1,Democrat,Republican,NA
Female,White/Caucasian,"Less than 30,000",Some College,Independent,Republican Party,NA,NA,22,No,No,Yes,FALSE,TRUE,TRUE,TRUE,TRUE,TRUE,TRUE,TRUE,TRUE,FALSE,63,58,Neither agree nor disagree,Somewhat disagree,Somewhat disagree,No,No,1 - Not at all,2,3,4,1- Very unlike me,3,2,2,1- Very unlike me,3,2,2,1- Very unlike me,NA,NA,NA,NA,Oregon,Oppose,Unjustified,Yes,NA,NA,NA,1,1,2,1,Democrat,Republican,NA
Male,White/Caucasian,"60,000 – 69,999",2-year College Degree,Republican,NA,Not a strong Republican,NA,75,No,No,Yes,FALSE,TRUE,TRUE,TRUE,TRUE,TRUE,FALSE,TRUE,TRUE,TRUE,9,81,Somewhat disagree,Somewhat disagree,Somewhat disagree,Yes,No,3,2,3,2,1- Very unlike me,1- Very unlike me,2,3,1- Very unlike me,3,2,4,2,Florida,Strongly oppose,Unjustified,Yes,NA,NA,NA,NA,NA,NA,NA,1,2,1,1,Democrat,Republican,NA
Male,White/Caucasian,"100,000 or more",Masters Degree,Democrat,NA,NA,Strong Democrat,45,Yes,Yes,Yes,TRUE,FALSE,FALSE,FALSE,TRUE,FALSE,FALSE,FALSE,FALSE,FALSE,100,45,Strongly agree,Somewhat agree,Somewhat agree,No,No,5 - A great deal,1- Very unlike me,1- Very unlike me,4,4,4,5- Very like me,4,1- Very unlike me,5- Very like me,1- Very unlike me,5- Very like me,1- Very unlike me,NA,NA,NA,NA,NA,NA,NA,NA,California,1 - 3 days in jail,Strongly support,2,2,1,1,Republican,Democrat,arson
Male,White/Caucasian,"Less than 30,000",High School / GED,Republican,NA,Not a strong Republican,NA,21,NA,NA,NA,NA,NA,NA,NA,NA,NA,NA,NA,NA,NA,,,NA,NA,NA,NA,NA,NA,NA,NA,NA,NA,NA,NA,NA,NA,NA,NA,NA,NA,NA,NA,NA,NA,NA,NA,NA,NA,NA,NA,NA,2,2,2,2,NA,NA,NA
Male,White/Caucasian,"60,000 – 69,999",High School / GED,Democrat,NA,NA,Strong Democrat,68,No,No,Yes,FALSE,TRUE,TRUE,TRUE,TRUE,FALSE,FALSE,TRUE,FALSE,TRUE,81,59,Neither agree nor disagree,Strongly disagree,Neither agree nor disagree,No,No,1 - Not at all,3,3,4,4,2,3,1- Very unlike me,3,4,1- Very unlike me,3,1- Very unlike me,NA,NA,NA,NA,Oregon,Strongly oppose,Unjustified,Yes,NA,NA,NA,1,2,2,1,Republican,Democrat,NA
Male,White/Caucasian,"100,000 or more",Masters Degree,Democrat,NA,NA,Strong Democrat,35,No,No,Yes,TRUE,TRUE,TRUE,TRUE,TRUE,TRUE,FALSE,TRUE,FALSE,FALSE,79,79,Somewhat disagree,Strongly disagree,Neither agree nor disagree,No,No,5 - A great deal,5- Very like me,5- Very like me,5- Very like me,1- Very unlike me,1- Very unlike me,2,3,1- Very unlike me,3,1- Very unlike me,3,1- Very unlike me,NA,NA,NA,NA,NA,NA,NA,NA,Oregon,1 - 3 days in jail,Neither support nor oppose,2,1,1,1,Republican,Democrat,murder
Male,White/Caucasian,"50,000 – 59,999",Less than High School,Republican,NA,Strong Republican,NA,97,Yes,No,Yes,FALSE,FALSE,FALSE,FALSE,FALSE,TRUE,TRUE,TRUE,TRUE,TRUE,0,0,Strongly agree,Strongly agree,Strongly agree,Yes,Yes,5 - A great deal,5- Very like me,5- Very like me,5- Very like me,5- Very like me,5- Very like me,5- Very like me,5- Very like me,5- Very like me,5- Very like me,5- Very like me,5- Very like me,5- Very like me,NA,NA,NA,NA,California,Neither support nor oppose,Justified,No,NA,NA,NA,1,2,2,1,Democrat,Republican,NA
Male,White/Caucasian,"100,000 or more",4-year College Degree,NA,NA,NA,NA,NA,NA,NA,NA,NA,NA,NA,NA,NA,NA,NA,NA,NA,NA,,,NA,NA,NA,NA,NA,NA,NA,NA,NA,NA,NA,NA,NA,NA,NA,NA,NA,NA,NA,NA,NA,NA,NA,NA,NA,NA,NA,NA,NA,1,1,1,,NA,NA,NA
Male,White/Caucasian,"90,000 – 99,999",4-year College Degree,Democrat,NA,NA,Strong Democrat,30,Yes,Yes,Yes,TRUE,TRUE,TRUE,TRUE,TRUE,TRUE,FALSE,FALSE,TRUE,FALSE,71,44,Somewhat agree,Somewhat agree,Neither agree nor disagree,No,No,4,4,3,3,3,4,3,2,3,4,3,4,4,Georgia,Support,Justified,No,NA,NA,NA,NA,NA,NA,NA,1,1,1,1,Republican,Democrat,NA
Female,White/Caucasian,"Less than 30,000",Some College,Democrat,NA,NA,Not a strong Democrat,27,No,No,Yes,FALSE,TRUE,TRUE,TRUE,TRUE,TRUE,TRUE,TRUE,TRUE,FALSE,53,27,Neither agree nor disagree,Strongly disagree,Strongly disagree,No,No,3,2,1- Very unlike me,3,1- Very unlike me,1- Very unlike me,3,2,1- Very unlike me,3,1- Very unlike me,3,1- Very unlike me,NA,NA,NA,NA,New Mexico,Neither support nor oppose,Unjustified,Yes,NA,NA,NA,1,2,2,1,Republican,Democrat,NA
Male,White/Caucasian,"Less than 30,000",Some College,NA,NA,NA,NA,NA,NA,NA,NA,NA,NA,NA,NA,NA,NA,NA,NA,NA,NA,,,NA,NA,NA,NA,NA,NA,NA,NA,NA,NA,NA,NA,NA,NA,NA,NA,NA,NA,NA,NA,NA,NA,NA,NA,NA,NA,NA,NA,NA,1,1,1,,NA,NA,NA
Female,White/Caucasian,"Less than 30,000",Some College,Republican,NA,Strong Republican,NA,65,No,No,Yes,TRUE,TRUE,TRUE,TRUE,TRUE,FALSE,FALSE,FALSE,TRUE,TRUE,16,94,Neither agree nor disagree,Neither agree nor disagree,Neither agree nor disagree,Yes,Yes,1 - Not at all,1- Very unlike me,3,1- Very unlike me,1- Very unlike me,1- Very unlike me,2,2,1- Very unlike me,1- Very unlike me,2,2,1- Very unlike me,NA,NA,NA,NA,NA,NA,NA,NA,Oregon,1 - 3 days in jail,Neither support nor oppose,2,1,2,1,Democrat,Republican,vandalism
Male,White/Caucasian,"100,000 or more",Masters Degree,Democrat,NA,NA,Strong Democrat,37,No,Yes,Yes,TRUE,TRUE,TRUE,TRUE,TRUE,TRUE,TRUE,TRUE,FALSE,FALSE,0,71,Somewhat agree,Somewhat agree,Somewhat agree,No,No,4,4,4,4,5- Very like me,4,5- Very like me,5- Very like me,4,4,5- Very like me,4,4,NA,NA,NA,NA,Nevada,Support,Justified,Yes,NA,NA,NA,1,2,2,1,Republican,Democrat,NA
Female,White/Caucasian,"50,000 – 59,999",High School / GED,Republican,NA,Strong Republican,NA,65,NA,NA,NA,FALSE,TRUE,TRUE,TRUE,TRUE,FALSE,FALSE,FALSE,TRUE,FALSE,0,73,Somewhat agree,Neither agree nor disagree,Somewhat agree,No,No,1 - Not at all,2,1- Very unlike me,2,2,1- Very unlike me,2,1- Very unlike me,1- Very unlike me,1- Very unlike me,2,1- Very unlike me,1- Very unlike me,NA,NA,NA,NA,NA,NA,NA,NA,Oregon,1 - 3 days in jail,Neither support nor oppose,2,1,2,1,Democrat,Republican,protesting without a permit
Female,White/Caucasian,"100,000 or more",Masters Degree,Republican,NA,Strong Republican,NA,86,No,Yes,Yes,FALSE,FALSE,TRUE,TRUE,TRUE,TRUE,FALSE,TRUE,FALSE,FALSE,10,90,Strongly agree,Strongly disagree,Neither agree nor disagree,No,No,3,1- Very unlike me,3,2,1- Very unlike me,1- Very unlike me,1- Very unlike me,2,1- Very unlike me,1- Very unlike me,1- Very unlike me,1- Very unlike me,1- Very unlike me,NA,NA,NA,NA,NA,NA,NA,NA,California,Community service,Neither support nor oppose,2,2,1,1,Democrat,Republican,vandalism
Female,White/Caucasian,"70,000 – 79,999","Professional Degree (JD, MD)",Democrat,NA,NA,Not a strong Democrat,65,No,No,Yes,FALSE,TRUE,TRUE,FALSE,TRUE,TRUE,TRUE,TRUE,TRUE,TRUE,80,10,Somewhat agree,Somewhat disagree,Neither agree nor disagree,No,No,1 - Not at all,1- Very unlike me,3,2,1- Very unlike me,1- Very unlike me,2,2,1- Very unlike me,2,2,2,2,NA,NA,NA,NA,NA,NA,NA,NA,Oregon,4 - 6 months in jail,Strongly oppose,2,2,2,1,Republican,Democrat,assault with a deadly weapon
Female,White/Caucasian,"Less than 30,000",2-year College Degree,Republican,NA,Strong Republican,NA,39,No,No,Yes,TRUE,TRUE,TRUE,TRUE,TRUE,FALSE,FALSE,TRUE,TRUE,FALSE,0,100,Somewhat agree,Neither agree nor disagree,Somewhat agree,No,No,1 - Not at all,3,3,3,3,3,3,3,3,3,3,3,3,Florida,Strongly oppose,Unjustified,Yes,NA,NA,NA,NA,NA,NA,NA,1,1,1,1,Democrat,Republican,NA
Male,White/Caucasian,"Less than 30,000",Some College,Republican,NA,Not a strong Republican,NA,66,No,Yes,Yes,FALSE,FALSE,TRUE,TRUE,TRUE,FALSE,FALSE,FALSE,FALSE,FALSE,25,50,Strongly disagree,Strongly disagree,Strongly disagree,No,No,1 - Not at all,2,2,1- Very unlike me,3,1- Very unlike me,1- Very unlike me,1- Very unlike me,1- Very unlike me,1- Very unlike me,1- Very unlike me,1- Very unlike me,1- Very unlike me,NA,NA,NA,NA,NA,NA,NA,NA,California,Community service,Oppose,2,2,2,1,Democrat,Republican,protesting without a permit
Female,White/Caucasian,"50,000 – 59,999",2-year College Degree,Republican,NA,Strong Republican,NA,67,No,No,No,FALSE,TRUE,TRUE,TRUE,TRUE,TRUE,TRUE,TRUE,TRUE,TRUE,5,8,Neither agree nor disagree,Neither agree nor disagree,Neither agree nor disagree,No,No,1 - Not at all,2,3,3,2,4,3,2,4,1- Very unlike me,2,4,3,NA,NA,NA,NA,NA,NA,NA,NA,Oregon,4 - 6 months in jail,Oppose,2,2,1,1,Democrat,Republican,assault
Female,White/Caucasian,"100,000 or more",High School / GED,Democrat,NA,NA,Strong Democrat,50,No,No,Yes,FALSE,TRUE,TRUE,TRUE,TRUE,FALSE,FALSE,FALSE,FALSE,FALSE,84,29,Neither agree nor disagree,Neither agree nor disagree,Neither agree nor disagree,No,No,1 - Not at all,1- Very unlike me,3,2,1- Very unlike me,1- Very unlike me,2,1- Very unlike me,1- Very unlike me,2,1- Very unlike me,2,1- Very unlike me,NA,NA,NA,NA,NA,NA,NA,NA,Oregon,More than 20 years in prison,Strongly oppose,2,2,2,1,Republican,Democrat,murder
Male,White/Caucasian,"100,000 or more",Masters Degree,Republican,NA,Strong Republican,NA,40,NA,NA,NA,TRUE,TRUE,TRUE,TRUE,TRUE,TRUE,TRUE,TRUE,TRUE,TRUE,83,69,Neither agree nor disagree,Somewhat disagree,Neither agree nor disagree,No,No,4,3,2,3,4,2,4,3,2,3,1- Very unlike me,2,3,NA,NA,NA,NA,Oregon,Oppose,Unjustified,Yes,NA,NA,NA,1,1,2,1,Democrat,Republican,NA
Male,White/Caucasian,"100,000 or more",Masters Degree,Republican,NA,Strong Republican,NA,45,NA,NA,NA,TRUE,TRUE,TRUE,TRUE,TRUE,TRUE,TRUE,FALSE,TRUE,FALSE,100,99,Strongly agree,Strongly agree,Strongly agree,Yes,Yes,5 - A great deal,5- Very like me,5- Very like me,5- Very like me,5- Very like me,5- Very like me,5- Very like me,5- Very like me,5- Very like me,5- Very like me,5- Very like me,5- Very like me,5- Very like me,NA,NA,NA,NA,NA,NA,NA,NA,Florida,7 months to 1 year in jail,Strongly support,2,1,2,1,Democrat,Republican,assault with a deadly weapon
Male,White/Caucasian,"40,000 – 49,999",High School / GED,Democrat,NA,NA,Strong Democrat,40,No,No,Yes,FALSE,TRUE,TRUE,FALSE,TRUE,FALSE,FALSE,FALSE,TRUE,FALSE,100,20,Neither agree nor disagree,Neither agree nor disagree,Neither agree nor disagree,No,No,1 - Not at all,5- Very like me,2,4,4,2,3,1- Very unlike me,3,3,3,3,3,NA,NA,NA,NA,NA,NA,NA,NA,Oregon,Community service,Neither support nor oppose,2,1,2,1,Republican,Democrat,protesting without a permit
Male,White/Caucasian,"60,000 – 69,999",Masters Degree,Republican,NA,Strong Republican,NA,33,NA,NA,NA,TRUE,TRUE,FALSE,FALSE,FALSE,TRUE,FALSE,TRUE,TRUE,TRUE,82,100,Somewhat agree,Somewhat agree,Strongly agree,Yes,No,4,4,3,4,4,4,3,4,4,4,4,3,4,Florida,Support,Justified,Yes,NA,NA,NA,NA,NA,NA,NA,1,1,1,1,Democrat,Republican,NA
Male,White/Caucasian,"70,000 – 79,999",2-year College Degree,Republican,NA,Strong Republican,NA,52,NA,NA,NA,TRUE,TRUE,TRUE,TRUE,TRUE,FALSE,TRUE,TRUE,FALSE,TRUE,0,100,Strongly disagree,Strongly agree,Strongly agree,No,No,1 - Not at all,1- Very unlike me,1- Very unlike me,1- Very unlike me,3,3,4,1- Very unlike me,1- Very unlike me,1- Very unlike me,1- Very unlike me,4,1- Very unlike me,Georgia,Neither support nor oppose,Unjustified,Yes,NA,NA,NA,NA,NA,NA,NA,1,1,1,1,Democrat,Republican,NA
Female,White/Caucasian,"100,000 or more",4-year College Degree,Independent,Republican Party,NA,NA,42,No,No,Yes,TRUE,TRUE,TRUE,TRUE,TRUE,TRUE,FALSE,TRUE,TRUE,TRUE,30,78,Neither agree nor disagree,Strongly disagree,Neither agree nor disagree,No,No,1 - Not at all,1- Very unlike me,3,4,2,1- Very unlike me,3,2,1- Very unlike me,1- Very unlike me,1- Very unlike me,2,3,NA,NA,NA,NA,NA,NA,NA,NA,Texas,11 - 15 years in prison,Oppose,2,1,2,1,Democrat,Republican,assault with a deadly weapon
Male,White/Caucasian,"100,000 or more",4-year College Degree,Republican,NA,Not a strong Republican,NA,72,No,No,Yes,FALSE,TRUE,TRUE,TRUE,TRUE,TRUE,FALSE,FALSE,TRUE,FALSE,19,82,Strongly disagree,Strongly disagree,Strongly disagree,No,No,1 - Not at all,1- Very unlike me,4,3,1- Very unlike me,1- Very unlike me,3,1- Very unlike me,1- Very unlike me,3,1- Very unlike me,3,3,NA,NA,NA,NA,Oregon,Strongly support,Unjustified,Yes,NA,NA,NA,1,2,2,1,Democrat,Republican,NA
Male,White/Caucasian,"Less than 30,000",2-year College Degree,Republican,NA,Not a strong Republican,NA,65,No,No,Yes,FALSE,FALSE,TRUE,TRUE,TRUE,TRUE,TRUE,TRUE,TRUE,TRUE,31,71,Neither agree nor disagree,Neither agree nor disagree,Neither agree nor disagree,No,No,3,3,3,3,3,2,3,2,2,3,2,3,2,NA,NA,NA,NA,NA,NA,NA,NA,Oregon,2 - 5 years in prison,Oppose,2,2,1,1,Democrat,Republican,assault with a deadly weapon
Female,White/Caucasian,"90,000 – 99,999",High School / GED,Independent,Republican Party,NA,NA,51,No,No,Yes,TRUE,TRUE,TRUE,TRUE,TRUE,FALSE,FALSE,TRUE,FALSE,TRUE,1,80,Strongly agree,Somewhat agree,Neither agree nor disagree,No,No,1 - Not at all,1- Very unlike me,3,5- Very like me,2,1- Very unlike me,3,1- Very unlike me,2,2,2,2,1- Very unlike me,NA,NA,NA,NA,Oregon,Oppose,Unjustified,Yes,NA,NA,NA,1,1,2,1,Democrat,Republican,NA
Male,White/Caucasian,"80,000 – 89,999",4-year College Degree,Democrat,NA,NA,Strong Democrat,49,No,Yes,Yes,FALSE,FALSE,TRUE,TRUE,TRUE,TRUE,FALSE,FALSE,FALSE,TRUE,75,25,Somewhat agree,Strongly disagree,Somewhat disagree,No,No,1 - Not at all,1- Very unlike me,3,1- Very unlike me,1- Very unlike me,1- Very unlike me,1- Very unlike me,1- Very unlike me,1- Very unlike me,1- Very unlike me,1- Very unlike me,1- Very unlike me,1- Very unlike me,Florida,Strongly oppose,Unjustified,Yes,NA,NA,NA,NA,NA,NA,NA,1,2,1,1,Republican,Democrat,NA
Female,White/Caucasian,"90,000 – 99,999",High School / GED,Democrat,NA,NA,Strong Democrat,23,No,No,Yes,FALSE,TRUE,TRUE,TRUE,FALSE,TRUE,TRUE,TRUE,TRUE,TRUE,81,10,Somewhat agree,Strongly agree,Somewhat agree,No,No,4,3,1- Very unlike me,2,3,4,3,1- Very unlike me,1- Very unlike me,2,2,1- Very unlike me,2,NA,NA,NA,NA,NA,NA,NA,NA,Alaska,4 - 30 days in jail,Neither support nor oppose,2,1,1,1,Republican,Democrat,arson
Male,White/Caucasian,"100,000 or more",Masters Degree,Democrat,NA,NA,Strong Democrat,38,Yes,No,Yes,FALSE,TRUE,FALSE,TRUE,FALSE,TRUE,TRUE,TRUE,TRUE,FALSE,85,22,Strongly agree,Somewhat agree,Somewhat agree,No,Yes,3,4,4,5- Very like me,4,4,5- Very like me,4,2,4,3,4,4,Texas,Oppose,Unjustified,Yes,NA,NA,NA,NA,NA,NA,NA,1,2,1,1,Republican,Democrat,NA
Male,White/Caucasian,"30,000 – 39,999",Masters Degree,Republican,NA,Strong Republican,NA,57,No,No,Yes,TRUE,FALSE,TRUE,FALSE,TRUE,TRUE,FALSE,FALSE,TRUE,FALSE,0,60,Strongly agree,Strongly disagree,Neither agree nor disagree,No,No,1 - Not at all,1- Very unlike me,4,4,1- Very unlike me,3,2,1- Very unlike me,1- Very unlike me,3,1- Very unlike me,1- Very unlike me,1- Very unlike me,NA,NA,NA,NA,NA,NA,NA,NA,Washington,1 - 3 days in jail,Neither support nor oppose,2,2,1,1,Democrat,Republican,protesting without a permit
Female,White/Caucasian,"50,000 – 59,999",High School / GED,Republican,NA,Not a strong Republican,NA,60,NA,NA,NA,FALSE,TRUE,TRUE,TRUE,TRUE,FALSE,FALSE,TRUE,FALSE,TRUE,15,90,Strongly disagree,Somewhat disagree,Neither agree nor disagree,Yes,No,2,2,2,1- Very unlike me,1- Very unlike me,2,1- Very unlike me,1- Very unlike me,1- Very unlike me,2,1- Very unlike me,1- Very unlike me,1- Very unlike me,NA,NA,NA,NA,NA,NA,NA,NA,Oregon,More than 20 years in prison,Strongly oppose,2,1,2,1,Democrat,Republican,murder
Male,White/Caucasian,"Less than 30,000",Masters Degree,Democrat,NA,NA,Strong Democrat,63,NA,NA,NA,FALSE,TRUE,TRUE,TRUE,TRUE,FALSE,FALSE,FALSE,FALSE,FALSE,90,10,Strongly agree,Strongly disagree,Strongly agree,No,No,1 - Not at all,4,4,3,2,2,3,1- Very unlike me,1- Very unlike me,1- Very unlike me,1- Very unlike me,1- Very unlike me,1- Very unlike me,NA,NA,NA,NA,NA,NA,NA,NA,Oregon,More than 20 years in prison,Strongly oppose,2,2,2,1,Republican,Democrat,murder
Female,White/Caucasian,"Less than 30,000",High School / GED,Democrat,NA,NA,Strong Democrat,56,No,No,Yes,FALSE,TRUE,TRUE,TRUE,TRUE,FALSE,FALSE,TRUE,FALSE,FALSE,92,35,Neither agree nor disagree,Strongly disagree,Strongly disagree,No,No,1 - Not at all,3,1- Very unlike me,3,2,1- Very unlike me,3,1- Very unlike me,1- Very unlike me,1- Very unlike me,2,3,1- Very unlike me,NA,NA,NA,NA,NA,NA,NA,NA,Alaska,2 - 5 years in prison,Strongly oppose,2,2,2,1,Republican,Democrat,assault with a deadly weapon
Male,White/Caucasian,"100,000 or more",Masters Degree,Democrat,NA,NA,Strong Democrat,42,NA,NA,NA,FALSE,TRUE,TRUE,TRUE,TRUE,TRUE,TRUE,TRUE,TRUE,TRUE,100,99,Strongly agree,Strongly agree,Somewhat agree,Yes,Yes,5 - A great deal,5- Very like me,5- Very like me,5- Very like me,4,5- Very like me,4,5- Very like me,5- Very like me,5- Very like me,5- Very like me,4,5- Very like me,NA,NA,NA,NA,NA,NA,NA,NA,Oregon,1 - 3 days in jail,Strongly support,2,2,1,1,Republican,Democrat,vandalism
Male,White/Caucasian,"100,000 or more",Masters Degree,Democrat,NA,NA,Strong Democrat,35,NA,NA,NA,TRUE,TRUE,TRUE,TRUE,TRUE,TRUE,TRUE,TRUE,TRUE,TRUE,100,100,Strongly agree,Strongly agree,Strongly agree,Yes,No,5 - A great deal,5- Very like me,5- Very like me,5- Very like me,5- Very like me,5- Very like me,5- Very like me,5- Very like me,5- Very like me,5- Very like me,5- Very like me,5- Very like me,5- Very like me,NA,NA,NA,NA,Washington,Strongly support,Justified,Yes,NA,NA,NA,1,2,2,1,Republican,Democrat,NA
Male,White/Caucasian,"100,000 or more",4-year College Degree,Democrat,NA,NA,Strong Democrat,35,NA,NA,NA,TRUE,TRUE,TRUE,TRUE,TRUE,TRUE,TRUE,FALSE,TRUE,FALSE,94,69,Neither agree nor disagree,Strongly disagree,Strongly disagree,No,No,1 - Not at all,1- Very unlike me,1- Very unlike me,1- Very unlike me,3,1- Very unlike me,1- Very unlike me,3,1- Very unlike me,1- Very unlike me,1- Very unlike me,1- Very unlike me,1- Very unlike me,NA,NA,NA,NA,NA,NA,NA,NA,Oregon,7 months to 1 year in jail,Strongly oppose,2,2,1,1,Republican,Democrat,assault with a deadly weapon
Male,White/Caucasian,"100,000 or more",Masters Degree,Democrat,NA,NA,Strong Democrat,41,No,Yes,Yes,TRUE,TRUE,TRUE,TRUE,TRUE,TRUE,FALSE,FALSE,FALSE,FALSE,100,100,Neither agree nor disagree,Somewhat agree,Somewhat agree,No,No,1 - Not at all,1- Very unlike me,4,3,4,2,3,2,1- Very unlike me,2,2,4,2,NA,NA,NA,NA,NA,NA,NA,NA,Florida,2 - 5 years in prison,Strongly oppose,2,1,2,1,Republican,Democrat,assault with a deadly weapon
Male,White/Caucasian,"100,000 or more",Masters Degree,Democrat,NA,NA,Strong Democrat,34,NA,NA,NA,TRUE,TRUE,TRUE,TRUE,FALSE,TRUE,FALSE,TRUE,TRUE,FALSE,74,83,Somewhat agree,Strongly agree,Neither agree nor disagree,Yes,No,4,4,3,3,3,4,3,3,4,3,3,4,3,Texas,Support,Justified,Yes,NA,NA,NA,NA,NA,NA,NA,1,1,1,1,Republican,Democrat,NA
Male,White/Caucasian,"80,000 – 89,999",Some College,Democrat,NA,NA,Strong Democrat,60,No,Yes,Yes,FALSE,TRUE,TRUE,TRUE,TRUE,FALSE,FALSE,FALSE,FALSE,FALSE,100,0,Neither agree nor disagree,Strongly agree,Somewhat agree,No,No,3,1- Very unlike me,4,1- Very unlike me,1- Very unlike me,1- Very unlike me,1- Very unlike me,1- Very unlike me,1- Very unlike me,1- Very unlike me,2,1- Very unlike me,1- Very unlike me,Florida,Strongly oppose,Unjustified,Yes,NA,NA,NA,NA,NA,NA,NA,1,2,1,1,Republican,Democrat,NA
Female,White/Caucasian,"Less than 30,000",High School / GED,Republican,NA,Strong Republican,NA,42,No,No,Yes,TRUE,TRUE,TRUE,TRUE,TRUE,FALSE,FALSE,TRUE,FALSE,FALSE,50,89,Neither agree nor disagree,Strongly disagree,Strongly disagree,No,No,1 - Not at all,1- Very unlike me,1- Very unlike me,1- Very unlike me,1- Very unlike me,1- Very unlike me,1- Very unlike me,1- Very unlike me,1- Very unlike me,1- Very unlike me,1- Very unlike me,1- Very unlike me,1- Very unlike me,NA,NA,NA,NA,Oregon,Strongly support,Justified,Yes,NA,NA,NA,1,2,2,1,Democrat,Republican,NA
Female,White/Caucasian,"100,000 or more",Some College,Democrat,NA,NA,Strong Democrat,41,No,No,Yes,FALSE,TRUE,TRUE,FALSE,TRUE,TRUE,TRUE,TRUE,TRUE,TRUE,81,15,Somewhat agree,Strongly disagree,Neither agree nor disagree,No,Yes,1 - Not at all,2,2,3,1- Very unlike me,2,3,3,1- Very unlike me,1- Very unlike me,3,2,1- Very unlike me,NA,NA,NA,NA,Oregon,Strongly oppose,Unjustified,Yes,NA,NA,NA,1,2,2,1,Republican,Democrat,NA
Male,Native American,"60,000 – 69,999",4-year College Degree,Democrat,NA,NA,Strong Democrat,44,NA,NA,NA,TRUE,FALSE,TRUE,FALSE,TRUE,TRUE,TRUE,FALSE,FALSE,TRUE,75,89,Neither agree nor disagree,Somewhat agree,Strongly agree,Yes,No,4,3,4,4,4,3,5- Very like me,5- Very like me,4,4,5- Very like me,4,3,Nevada,Support,Justified,Yes,NA,NA,NA,NA,NA,NA,NA,1,1,1,4,Republican,Democrat,NA
Female,White/Caucasian,"30,000 – 39,999",Some College,Independent,Neither,NA,NA,NA,NA,NA,NA,NA,NA,NA,NA,NA,NA,NA,NA,NA,NA,,,NA,NA,NA,NA,NA,NA,NA,NA,NA,NA,NA,NA,NA,NA,NA,NA,NA,NA,NA,NA,NA,NA,NA,NA,NA,NA,NA,NA,NA,1,2,2,2,NA,NA,NA
Female,White/Caucasian,"Less than 30,000",High School / GED,Republican,NA,Strong Republican,NA,28,Yes,Yes,Yes,TRUE,TRUE,TRUE,FALSE,TRUE,FALSE,FALSE,TRUE,FALSE,FALSE,0,100,Neither agree nor disagree,Somewhat agree,Somewhat agree,No,No,1 - Not at all,1- Very unlike me,4,2,2,1- Very unlike me,1- Very unlike me,1- Very unlike me,1- Very unlike me,1- Very unlike me,2,2,3,Florida,Strongly oppose,Unjustified,Yes,NA,NA,NA,NA,NA,NA,NA,1,2,1,1,Democrat,Republican,NA
Male,White/Caucasian,"30,000 – 39,999",Some College,Democrat,NA,NA,Not a strong Democrat,66,NA,NA,NA,NA,NA,NA,NA,NA,NA,NA,NA,NA,NA,,,NA,NA,NA,NA,NA,NA,NA,NA,NA,NA,NA,NA,NA,NA,NA,NA,NA,NA,NA,NA,NA,NA,NA,NA,NA,NA,NA,NA,NA,2,2,1,2,NA,NA,NA
Female,White/Caucasian,"Less than 30,000",High School / GED,Democrat,NA,NA,Not a strong Democrat,21,No,No,Yes,FALSE,FALSE,TRUE,TRUE,TRUE,TRUE,FALSE,TRUE,TRUE,FALSE,82,2,Neither agree nor disagree,Somewhat agree,Strongly disagree,No,No,1 - Not at all,1- Very unlike me,5- Very like me,3,1- Very unlike me,4,4,1- Very unlike me,1- Very unlike me,3,1- Very unlike me,2,2,NA,NA,NA,NA,Oregon,Strongly oppose,Justified,Yes,NA,NA,NA,1,1,2,1,Republican,Democrat,NA
Male,White/Caucasian,"50,000 – 59,999",Some College,Republican,NA,Not a strong Republican,NA,28,NA,NA,NA,NA,NA,NA,NA,NA,NA,NA,NA,NA,NA,,,NA,NA,NA,NA,NA,NA,NA,NA,NA,NA,NA,NA,NA,NA,NA,NA,NA,NA,NA,NA,NA,NA,NA,NA,NA,NA,NA,NA,NA,1,2,2,2,NA,NA,NA
Male,White/Caucasian,"100,000 or more",4-year College Degree,Democrat,NA,NA,Strong Democrat,35,Yes,No,Yes,TRUE,TRUE,FALSE,TRUE,TRUE,TRUE,FALSE,FALSE,FALSE,FALSE,100,61,Neither agree nor disagree,Strongly disagree,Neither agree nor disagree,No,No,1 - Not at all,1- Very unlike me,4,4,1- Very unlike me,3,3,1- Very unlike me,1- Very unlike me,3,2,1- Very unlike me,1- Very unlike me,NA,NA,NA,NA,Oregon,Neither support nor oppose,Unjustified,No,NA,NA,NA,1,2,2,1,Republican,Democrat,NA
Male,White/Caucasian,"100,000 or more",Masters Degree,Democrat,NA,NA,Strong Democrat,44,Yes,Yes,Yes,TRUE,TRUE,TRUE,TRUE,TRUE,TRUE,TRUE,TRUE,TRUE,TRUE,100,100,Strongly agree,Strongly agree,Somewhat agree,Yes,Yes,5 - A great deal,5- Very like me,5- Very like me,4,4,4,4,5- Very like me,5- Very like me,5- Very like me,5- Very like me,4,4,NA,NA,NA,NA,NA,NA,NA,NA,Oregon,2 - 3 months in jail,Strongly support,2,1,2,1,Republican,Democrat,assault with a deadly weapon
Female,White/Caucasian,"60,000 – 69,999",Some College,Republican,NA,Not a strong Republican,NA,49,NA,NA,NA,FALSE,TRUE,TRUE,TRUE,TRUE,FALSE,FALSE,FALSE,TRUE,FALSE,0,60,Strongly agree,Neither agree nor disagree,Somewhat agree,No,No,3,4,1- Very unlike me,4,4,4,3,3,1- Very unlike me,1- Very unlike me,1- Very unlike me,1- Very unlike me,1- Very unlike me,Nevada,Neither support nor oppose,Unjustified,Yes,NA,NA,NA,NA,NA,NA,NA,1,2,1,1,Democrat,Republican,NA
Male,White/Caucasian,"90,000 – 99,999",Masters Degree,Democrat,NA,NA,Strong Democrat,42,Yes,No,Yes,FALSE,TRUE,TRUE,TRUE,TRUE,FALSE,FALSE,TRUE,TRUE,FALSE,93,59,Somewhat disagree,Strongly disagree,Strongly disagree,No,No,1 - Not at all,2,1- Very unlike me,3,1- Very unlike me,1- Very unlike me,2,1- Very unlike me,1- Very unlike me,1- Very unlike me,1- Very unlike me,2,1- Very unlike me,NA,NA,NA,NA,Oregon,Oppose,Justified,Yes,NA,NA,NA,1,1,2,1,Republican,Democrat,NA
Male,White/Caucasian,"100,000 or more","Professional Degree (JD, MD)",Republican,NA,Not a strong Republican,NA,56,No,Yes,Yes,TRUE,TRUE,TRUE,TRUE,TRUE,TRUE,FALSE,FALSE,FALSE,FALSE,10,82,Strongly agree,Neither agree nor disagree,Strongly agree,No,No,1 - Not at all,3,3,3,1- Very unlike me,1- Very unlike me,3,1- Very unlike me,1- Very unlike me,1- Very unlike me,1- Very unlike me,1- Very unlike me,1- Very unlike me,NA,NA,NA,NA,Oregon,Strongly oppose,Unjustified,Yes,NA,NA,NA,1,1,2,1,Democrat,Republican,NA
Female,White/Caucasian,"Less than 30,000",High School / GED,Republican,NA,Not a strong Republican,NA,36,No,No,Yes,FALSE,TRUE,TRUE,TRUE,TRUE,TRUE,FALSE,FALSE,FALSE,TRUE,53,52,Neither agree nor disagree,Neither agree nor disagree,Neither agree nor disagree,No,No,1 - Not at all,2,2,5- Very like me,2,2,3,2,1- Very unlike me,1- Very unlike me,1- Very unlike me,1- Very unlike me,1- Very unlike me,South Carolina,Neither support nor oppose,Unjustified,Yes,NA,NA,NA,NA,NA,NA,NA,1,1,1,1,Democrat,Republican,NA
Female,White/Caucasian,"40,000 – 49,999",4-year College Degree,Democrat,NA,NA,Strong Democrat,23,NA,NA,NA,FALSE,TRUE,FALSE,FALSE,FALSE,TRUE,TRUE,FALSE,FALSE,TRUE,84,85,Neither agree nor disagree,Strongly agree,Somewhat agree,No,No,1 - Not at all,4,3,3,2,2,4,3,3,4,5- Very like me,2,3,NA,NA,NA,NA,NA,NA,NA,NA,Alaska,7 months to 1 year in jail,Neither support nor oppose,2,2,1,1,Republican,Democrat,murder
Female,White/Caucasian,"30,000 – 39,999",Some College,Democrat,NA,NA,Strong Democrat,21,No,No,Yes,TRUE,TRUE,TRUE,TRUE,TRUE,FALSE,FALSE,FALSE,FALSE,TRUE,100,0,Neither agree nor disagree,Somewhat agree,Neither agree nor disagree,No,No,1 - Not at all,1- Very unlike me,2,5- Very like me,1- Very unlike me,1- Very unlike me,4,1- Very unlike me,1- Very unlike me,1- Very unlike me,1- Very unlike me,1- Very unlike me,1- Very unlike me,NA,NA,NA,NA,NA,NA,NA,NA,California,Community service,Strongly support,2,2,2,1,Republican,Democrat,vandalism
Male,White/Caucasian,"100,000 or more",Masters Degree,Democrat,NA,NA,Strong Democrat,36,NA,NA,NA,TRUE,TRUE,FALSE,TRUE,FALSE,FALSE,TRUE,TRUE,FALSE,TRUE,96,90,Strongly agree,Somewhat agree,Somewhat disagree,Yes,No,4,5- Very like me,4,2,3,1- Very unlike me,2,4,4,4,4,4,4,NA,NA,NA,NA,NA,NA,NA,NA,Florida,Community service,Support,2,2,1,1,Republican,Democrat,assault
Male,White/Caucasian,"40,000 – 49,999",Some College,Republican,NA,Strong Republican,NA,51,No,No,Yes,FALSE,TRUE,TRUE,TRUE,TRUE,TRUE,FALSE,TRUE,TRUE,FALSE,0,62,Neither agree nor disagree,Somewhat disagree,Neither agree nor disagree,No,No,1 - Not at all,3,4,3,2,1- Very unlike me,3,1- Very unlike me,1- Very unlike me,1- Very unlike me,1- Very unlike me,1- Very unlike me,1- Very unlike me,NA,NA,NA,NA,NA,NA,NA,NA,Oregon,2 - 5 years in prison,Strongly oppose,2,1,2,1,Democrat,Republican,assault with a deadly weapon
Male,White/Caucasian,"100,000 or more",Masters Degree,Democrat,NA,NA,Strong Democrat,35,Yes,No,Yes,TRUE,TRUE,TRUE,TRUE,TRUE,TRUE,TRUE,TRUE,TRUE,FALSE,37,92,Strongly agree,Strongly agree,Somewhat agree,Yes,Yes,4,4,4,5- Very like me,4,3,4,3,4,5- Very like me,2,3,4,NA,NA,NA,NA,NA,NA,NA,NA,California,2 - 5 years in prison,Strongly oppose,2,1,2,1,Republican,Democrat,assault with a deadly weapon
Male,White/Caucasian,"60,000 – 69,999",4-year College Degree,Democrat,NA,NA,Strong Democrat,66,NA,NA,NA,FALSE,TRUE,TRUE,TRUE,TRUE,TRUE,FALSE,TRUE,TRUE,TRUE,92,5,Strongly agree,Somewhat agree,Neither agree nor disagree,No,No,1 - Not at all,3,4,2,3,4,4,2,2,4,4,5- Very like me,4,Florida,Strongly oppose,Unjustified,Yes,NA,NA,NA,NA,NA,NA,NA,1,1,1,1,Republican,Democrat,NA
Female,White/Caucasian,"40,000 – 49,999",2-year College Degree,Democrat,NA,NA,Strong Democrat,65,Yes,Yes,Yes,FALSE,TRUE,TRUE,FALSE,TRUE,TRUE,FALSE,FALSE,FALSE,FALSE,100,27,Strongly agree,Strongly disagree,Strongly disagree,No,No,1 - Not at all,1- Very unlike me,3,1- Very unlike me,1- Very unlike me,1- Very unlike me,1- Very unlike me,5- Very like me,1- Very unlike me,3,5- Very like me,2,1- Very unlike me,NA,NA,NA,NA,NA,NA,NA,NA,California,More than 20 years in prison,Oppose,2,1,2,1,Republican,Democrat,murder
Female,White/Caucasian,"90,000 – 99,999",4-year College Degree,Republican,NA,Strong Republican,NA,65,No,No,Yes,TRUE,TRUE,TRUE,TRUE,TRUE,TRUE,FALSE,FALSE,FALSE,FALSE,0,100,Neither agree nor disagree,Somewhat agree,Somewhat disagree,No,No,1 - Not at all,1- Very unlike me,3,3,1- Very unlike me,3,2,1- Very unlike me,1- Very unlike me,1- Very unlike me,2,1- Very unlike me,1- Very unlike me,NA,NA,NA,NA,Oregon,Oppose,Unjustified,Yes,NA,NA,NA,1,2,2,1,Democrat,Republican,NA
Male,White/Caucasian,"Less than 30,000",Some College,Republican,NA,Not a strong Republican,NA,48,No,No,Yes,FALSE,TRUE,TRUE,TRUE,TRUE,TRUE,FALSE,TRUE,TRUE,FALSE,39,77,Somewhat disagree,Strongly disagree,Neither agree nor disagree,No,No,4,1- Very unlike me,3,5- Very like me,2,2,4,2,2,4,1- Very unlike me,4,1- Very unlike me,NA,NA,NA,NA,NA,NA,NA,NA,Alaska,Community service,Oppose,2,1,1,1,Democrat,Republican,vandalism
Male,White/Caucasian,"100,000 or more","Professional Degree (JD, MD)",Republican,NA,Strong Republican,NA,40,Yes,Yes,Yes,TRUE,TRUE,TRUE,TRUE,TRUE,TRUE,FALSE,FALSE,FALSE,FALSE,99,97,Strongly agree,Neither agree nor disagree,Neither agree nor disagree,No,No,5 - A great deal,1- Very unlike me,1- Very unlike me,1- Very unlike me,1- Very unlike me,5- Very like me,3,1- Very unlike me,1- Very unlike me,1- Very unlike me,1- Very unlike me,1- Very unlike me,1- Very unlike me,NA,NA,NA,NA,NA,NA,NA,NA,Washington,Community service,Strongly support,2,1,1,1,Democrat,Republican,murder
Female,White/Caucasian,"30,000 – 39,999",4-year College Degree,Democrat,NA,NA,Not a strong Democrat,27,Yes,No,Yes,FALSE,FALSE,FALSE,TRUE,TRUE,FALSE,FALSE,TRUE,TRUE,TRUE,80,0,Neither agree nor disagree,Somewhat disagree,Neither agree nor disagree,No,No,4,2,4,3,2,1- Very unlike me,3,2,2,3,4,2,1- Very unlike me,NA,NA,NA,NA,NA,NA,NA,NA,Florida,Community service,Support,2,2,2,1,Republican,Democrat,protesting without a permit
Male,White/Caucasian,"100,000 or more",Masters Degree,Republican,NA,Strong Republican,NA,70,No,No,Yes,FALSE,TRUE,FALSE,TRUE,TRUE,TRUE,FALSE,FALSE,FALSE,FALSE,1,92,Strongly agree,Somewhat agree,Neither agree nor disagree,No,No,1 - Not at all,4,2,1- Very unlike me,1- Very unlike me,2,1- Very unlike me,4,1- Very unlike me,4,3,5- Very like me,4,NA,NA,NA,NA,NA,NA,NA,NA,Oregon,16 - 20 years in prison,Neither support nor oppose,2,1,1,1,Democrat,Republican,murder
Male,White/Caucasian,"30,000 – 39,999",2-year College Degree,Republican,NA,Strong Republican,NA,59,No,Yes,Yes,FALSE,TRUE,TRUE,TRUE,TRUE,TRUE,FALSE,FALSE,TRUE,FALSE,30,80,Neither agree nor disagree,Neither agree nor disagree,Somewhat agree,No,No,3,1- Very unlike me,3,4,1- Very unlike me,2,3,1- Very unlike me,2,3,1- Very unlike me,2,1- Very unlike me,Florida,Strongly oppose,Unjustified,Yes,NA,NA,NA,NA,NA,NA,NA,1,2,1,1,Democrat,Republican,NA
Female,White/Caucasian,"Less than 30,000",High School / GED,Independent,Republican Party,NA,NA,37,No,No,No,TRUE,TRUE,TRUE,FALSE,FALSE,FALSE,FALSE,FALSE,FALSE,FALSE,83,96,Neither agree nor disagree,Neither agree nor disagree,Neither agree nor disagree,No,No,3,3,3,3,4,1- Very unlike me,4,4,1- Very unlike me,1- Very unlike me,1- Very unlike me,1- Very unlike me,1- Very unlike me,Florida,Neither support nor oppose,Justified,Yes,NA,NA,NA,NA,NA,NA,NA,1,1,1,1,Democrat,Republican,NA
Male,White/Caucasian,"100,000 or more",Masters Degree,Democrat,NA,NA,Strong Democrat,29,NA,NA,NA,TRUE,TRUE,FALSE,TRUE,TRUE,TRUE,TRUE,FALSE,TRUE,TRUE,100,84,Strongly disagree,Neither agree nor disagree,Neither agree nor disagree,Yes,No,4,4,5- Very like me,5- Very like me,4,5- Very like me,5- Very like me,4,4,4,5- Very like me,5- Very like me,4,Florida,Support,Justified,Yes,NA,NA,NA,NA,NA,NA,NA,1,1,1,1,Republican,Democrat,NA
Female,White/Caucasian,"50,000 – 59,999",High School / GED,Democrat,NA,NA,Not a strong Democrat,22,NA,NA,NA,NA,NA,NA,NA,NA,NA,NA,NA,NA,NA,,,NA,NA,NA,NA,NA,NA,NA,NA,NA,NA,NA,NA,NA,NA,NA,NA,NA,NA,NA,NA,NA,NA,NA,NA,NA,NA,NA,NA,NA,2,1,1,2,NA,NA,NA
Male,White/Caucasian,"30,000 – 39,999",4-year College Degree,Republican,NA,Not a strong Republican,NA,83,No,No,Yes,TRUE,TRUE,TRUE,TRUE,TRUE,FALSE,TRUE,FALSE,FALSE,FALSE,40,80,Neither agree nor disagree,Strongly disagree,Neither agree nor disagree,No,No,1 - Not at all,1- Very unlike me,2,1- Very unlike me,1- Very unlike me,2,2,1- Very unlike me,1- Very unlike me,2,1- Very unlike me,2,1- Very unlike me,NA,NA,NA,NA,NA,NA,NA,NA,Oregon,Community service,Neither support nor oppose,2,1,1,1,Democrat,Republican,protesting without a permit
Male,White/Caucasian,"30,000 – 39,999",2-year College Degree,Democrat,NA,NA,Not a strong Democrat,81,No,No,Yes,TRUE,TRUE,TRUE,TRUE,TRUE,FALSE,TRUE,TRUE,TRUE,TRUE,71,27,Strongly disagree,Strongly disagree,Somewhat disagree,No,No,1 - Not at all,1- Very unlike me,2,3,1- Very unlike me,1- Very unlike me,1- Very unlike me,2,1- Very unlike me,1- Very unlike me,1- Very unlike me,1- Very unlike me,1- Very unlike me,NA,NA,NA,NA,NA,NA,NA,NA,Oregon,2 - 5 years in prison,Oppose,2,2,1,1,Republican,Democrat,assault with a deadly weapon
Male,White/Caucasian,"90,000 – 99,999",4-year College Degree,Democrat,NA,NA,Not a strong Democrat,86,No,No,No,FALSE,TRUE,TRUE,TRUE,TRUE,FALSE,FALSE,TRUE,FALSE,FALSE,81,60,Somewhat disagree,Somewhat disagree,Neither agree nor disagree,No,Yes,3,1- Very unlike me,2,4,2,2,3,5- Very like me,1- Very unlike me,3,2,2,2,Florida,Oppose,Unjustified,Yes,NA,NA,NA,NA,NA,NA,NA,1,2,1,1,Republican,Democrat,NA
Female,White/Caucasian,"Less than 30,000",Some College,Republican,NA,Strong Republican,NA,25,No,No,No,FALSE,TRUE,TRUE,TRUE,TRUE,FALSE,FALSE,FALSE,TRUE,FALSE,19,71,Neither agree nor disagree,Neither agree nor disagree,Neither agree nor disagree,No,No,3,3,1- Very unlike me,4,5- Very like me,1- Very unlike me,4,1- Very unlike me,1- Very unlike me,1- Very unlike me,1- Very unlike me,1- Very unlike me,1- Very unlike me,NA,NA,NA,NA,NA,NA,NA,NA,California,Community service,Strongly support,2,1,1,1,Democrat,Republican,protesting without a permit
Male,White/Caucasian,"100,000 or more",Masters Degree,Democrat,NA,NA,Strong Democrat,40,No,No,Yes,TRUE,TRUE,TRUE,FALSE,TRUE,FALSE,FALSE,FALSE,FALSE,FALSE,100,20,Neither agree nor disagree,Somewhat disagree,Neither agree nor disagree,No,No,1 - Not at all,1- Very unlike me,4,3,1- Very unlike me,4,3,1- Very unlike me,1- Very unlike me,1- Very unlike me,2,3,2,NA,NA,NA,NA,Oregon,Support,Unjustified,Yes,NA,NA,NA,1,2,2,1,Republican,Democrat,NA
Male,White/Caucasian,"100,000 or more",Masters Degree,Democrat,NA,NA,Strong Democrat,40,NA,NA,NA,TRUE,TRUE,TRUE,TRUE,TRUE,TRUE,TRUE,TRUE,TRUE,TRUE,100,94,Strongly agree,Strongly agree,Strongly agree,Yes,Yes,5 - A great deal,5- Very like me,5- Very like me,5- Very like me,5- Very like me,5- Very like me,5- Very like me,5- Very like me,5- Very like me,5- Very like me,5- Very like me,5- Very like me,5- Very like me,NA,NA,NA,NA,NA,NA,NA,NA,Louisiana,2 - 3 months in jail,Strongly support,2,2,2,1,Republican,Democrat,arson
Female,Native American,"30,000 – 39,999",Some College,Democrat,NA,NA,Not a strong Democrat,19,Yes,No,Yes,FALSE,TRUE,TRUE,TRUE,TRUE,TRUE,TRUE,TRUE,TRUE,FALSE,56,35,Neither agree nor disagree,Strongly disagree,Somewhat disagree,No,No,1 - Not at all,1- Very unlike me,3,4,4,2,2,2,2,3,2,3,2,NA,NA,NA,NA,NA,NA,NA,NA,Oregon,2 - 3 months in jail,Oppose,2,2,2,1,Republican,Democrat,arson
Male,White/Caucasian,"100,000 or more",Masters Degree,Republican,NA,Not a strong Republican,NA,35,No,Yes,Yes,TRUE,TRUE,TRUE,TRUE,TRUE,FALSE,FALSE,FALSE,FALSE,FALSE,0,15,Neither agree nor disagree,Strongly disagree,Neither agree nor disagree,No,No,1 - Not at all,1- Very unlike me,2,1- Very unlike me,1- Very unlike me,2,1- Very unlike me,1- Very unlike me,1- Very unlike me,1- Very unlike me,1- Very unlike me,1- Very unlike me,1- Very unlike me,NA,NA,NA,NA,Oregon,Strongly oppose,Unjustified,Yes,NA,NA,NA,1,2,2,1,Democrat,Republican,NA
Female,White/Caucasian,"100,000 or more",4-year College Degree,Democrat,NA,NA,Strong Democrat,22,No,No,Yes,FALSE,FALSE,TRUE,TRUE,TRUE,TRUE,FALSE,FALSE,FALSE,TRUE,64,27,Neither agree nor disagree,Strongly disagree,Neither agree nor disagree,No,Yes,1 - Not at all,1- Very unlike me,3,1- Very unlike me,1- Very unlike me,2,1- Very unlike me,1- Very unlike me,1- Very unlike me,3,3,3,3,NA,NA,NA,NA,Arizona,Strongly oppose,Unjustified,Yes,NA,NA,NA,1,2,2,1,Republican,Democrat,NA
Male,White/Caucasian,"70,000 – 79,999",4-year College Degree,Republican,NA,Strong Republican,NA,75,No,No,Yes,FALSE,TRUE,TRUE,FALSE,TRUE,TRUE,FALSE,TRUE,FALSE,TRUE,30,82,Neither agree nor disagree,Somewhat disagree,Neither agree nor disagree,No,No,1 - Not at all,1- Very unlike me,4,4,1- Very unlike me,1- Very unlike me,2,1- Very unlike me,1- Very unlike me,1- Very unlike me,1- Very unlike me,1- Very unlike me,1- Very unlike me,Alabama,Strongly oppose,Unjustified,Yes,NA,NA,NA,NA,NA,NA,NA,1,2,1,1,Democrat,Republican,NA
Male,White/Caucasian,"100,000 or more",Masters Degree,Democrat,NA,NA,Strong Democrat,34,NA,NA,NA,TRUE,TRUE,TRUE,FALSE,TRUE,TRUE,TRUE,TRUE,FALSE,FALSE,53,64,Somewhat agree,Somewhat agree,Strongly agree,Yes,Yes,3,3,4,3,4,3,3,4,3,3,4,4,4,NA,NA,NA,NA,NA,NA,NA,NA,Oregon,7 months to 1 year in jail,Oppose,2,1,1,1,Republican,Democrat,assault
Male,White/Caucasian,"70,000 – 79,999",4-year College Degree,Republican,NA,Strong Republican,NA,63,NA,NA,NA,TRUE,TRUE,TRUE,TRUE,TRUE,TRUE,TRUE,FALSE,FALSE,FALSE,37,73,Somewhat agree,Strongly disagree,Somewhat agree,No,No,1 - Not at all,1- Very unlike me,3,1- Very unlike me,1- Very unlike me,1- Very unlike me,2,2,1- Very unlike me,1- Very unlike me,2,1- Very unlike me,1- Very unlike me,NA,NA,NA,NA,NA,NA,NA,NA,Oregon,7 months to 1 year in jail,Oppose,2,1,1,1,Democrat,Republican,assault with a deadly weapon
Male,White/Caucasian,"100,000 or more",Masters Degree,Democrat,NA,NA,Strong Democrat,40,Yes,No,Yes,TRUE,TRUE,TRUE,TRUE,TRUE,TRUE,FALSE,FALSE,FALSE,FALSE,100,65,Neither agree nor disagree,Strongly disagree,Somewhat disagree,No,No,1 - Not at all,1- Very unlike me,1- Very unlike me,5- Very like me,2,1- Very unlike me,3,1- Very unlike me,1- Very unlike me,1- Very unlike me,1- Very unlike me,5- Very like me,3,Florida,Strongly support,Justified,No,NA,NA,NA,NA,NA,NA,NA,1,1,1,1,Republican,Democrat,NA
Female,White/Caucasian,"100,000 or more",Doctoral Degree,Independent,Democratic Party,NA,NA,66,No,Yes,Yes,TRUE,TRUE,TRUE,TRUE,TRUE,FALSE,FALSE,FALSE,FALSE,FALSE,100,2,Somewhat agree,Neither agree nor disagree,Somewhat agree,No,No,1 - Not at all,1- Very unlike me,2,1- Very unlike me,1- Very unlike me,1- Very unlike me,3,1- Very unlike me,1- Very unlike me,1- Very unlike me,1- Very unlike me,1- Very unlike me,1- Very unlike me,Florida,Strongly oppose,Unjustified,Yes,NA,NA,NA,NA,NA,NA,NA,1,1,1,1,Republican,Democrat,NA
Female,White/Caucasian,"30,000 – 39,999",High School / GED,Republican,NA,Strong Republican,NA,30,NA,NA,NA,TRUE,TRUE,TRUE,TRUE,TRUE,FALSE,FALSE,FALSE,FALSE,FALSE,20,94,Somewhat agree,Neither agree nor disagree,Strongly disagree,No,No,3,1- Very unlike me,1- Very unlike me,2,1- Very unlike me,1- Very unlike me,2,1- Very unlike me,1- Very unlike me,1- Very unlike me,1- Very unlike me,1- Very unlike me,1- Very unlike me,South Carolina,Support,Unjustified,Yes,NA,NA,NA,NA,NA,NA,NA,1,1,1,1,Democrat,Republican,NA
Female,White/Caucasian,"Less than 30,000",Some College,Independent,Democratic Party,NA,NA,29,No,No,Yes,FALSE,TRUE,TRUE,TRUE,TRUE,TRUE,FALSE,TRUE,FALSE,TRUE,60,30,Neither agree nor disagree,Strongly disagree,Neither agree nor disagree,No,No,1 - Not at all,4,3,2,1- Very unlike me,3,2,1- Very unlike me,1- Very unlike me,2,1- Very unlike me,1- Very unlike me,1- Very unlike me,NA,NA,NA,NA,Oregon,Strongly oppose,Unjustified,Yes,NA,NA,NA,1,2,2,1,Republican,Democrat,NA
Female,White/Caucasian,"30,000 – 39,999",High School / GED,Democrat,NA,NA,Strong Democrat,33,No,No,Yes,FALSE,TRUE,TRUE,FALSE,TRUE,TRUE,TRUE,TRUE,TRUE,TRUE,85,15,Somewhat agree,Strongly disagree,Neither agree nor disagree,No,No,1 - Not at all,2,2,5- Very like me,2,1- Very unlike me,3,1- Very unlike me,2,1- Very unlike me,5- Very like me,4,3,NA,NA,NA,NA,NA,NA,NA,NA,California,7 months to 1 year in jail,Neither support nor oppose,2,2,2,1,Republican,Democrat,assault
Male,White/Caucasian,"100,000 or more","Professional Degree (JD, MD)",Democrat,NA,NA,Strong Democrat,43,Yes,Yes,Yes,TRUE,FALSE,TRUE,TRUE,TRUE,TRUE,FALSE,TRUE,FALSE,TRUE,90,50,Strongly agree,Somewhat agree,Somewhat agree,No,No,2,1- Very unlike me,1- Very unlike me,1- Very unlike me,1- Very unlike me,1- Very unlike me,2,5- Very like me,5- Very like me,5- Very like me,5- Very like me,4,5- Very like me,NA,NA,NA,NA,NA,NA,NA,NA,California,7 months to 1 year in jail,Strongly support,2,1,1,1,Republican,Democrat,protesting without a permit
Female,White/Caucasian,"60,000 – 69,999",Masters Degree,Republican,NA,Strong Republican,NA,58,No,No,Yes,TRUE,FALSE,TRUE,FALSE,TRUE,FALSE,FALSE,FALSE,TRUE,FALSE,0,100,Strongly disagree,Neither agree nor disagree,Neither agree nor disagree,No,No,1 - Not at all,2,2,5- Very like me,2,2,3,3,1- Very unlike me,1- Very unlike me,2,3,2,NA,NA,NA,NA,NA,NA,NA,NA,Washington,More than 20 years in prison,Strongly oppose,2,1,2,1,Democrat,Republican,arson
Female,White/Caucasian,"40,000 – 49,999",Some College,Republican,NA,Not a strong Republican,NA,28,No,No,Yes,FALSE,TRUE,FALSE,FALSE,TRUE,TRUE,FALSE,TRUE,TRUE,TRUE,42,45,Neither agree nor disagree,Strongly disagree,Neither agree nor disagree,No,No,1 - Not at all,2,3,4,2,3,4,4,1- Very unlike me,4,4,4,3,NA,NA,NA,NA,Idaho,Strongly oppose,Unjustified,Yes,NA,NA,NA,1,2,2,1,Democrat,Republican,NA
Female,White/Caucasian,"Less than 30,000",2-year College Degree,Democrat,NA,NA,Strong Democrat,72,No,No,Yes,TRUE,TRUE,TRUE,TRUE,TRUE,FALSE,FALSE,FALSE,FALSE,FALSE,100,48,Neither agree nor disagree,Neither agree nor disagree,Neither agree nor disagree,No,No,1 - Not at all,1- Very unlike me,1- Very unlike me,1- Very unlike me,1- Very unlike me,1- Very unlike me,1- Very unlike me,1- Very unlike me,1- Very unlike me,1- Very unlike me,1- Very unlike me,1- Very unlike me,1- Very unlike me,Florida,Support,Unjustified,Yes,NA,NA,NA,NA,NA,NA,NA,1,2,1,1,Republican,Democrat,NA
Male,White/Caucasian,"100,000 or more",Masters Degree,Democrat,NA,NA,Strong Democrat,40,Yes,No,Yes,FALSE,TRUE,FALSE,TRUE,TRUE,TRUE,TRUE,TRUE,TRUE,FALSE,100,9,Strongly disagree,Somewhat agree,Neither agree nor disagree,No,Yes,3,4,5- Very like me,5- Very like me,3,1- Very unlike me,3,3,4,4,5- Very like me,5- Very like me,4,NA,NA,NA,NA,California,Strongly oppose,Justified,Yes,NA,NA,NA,1,1,2,1,Republican,Democrat,NA
Male,White/Caucasian,"90,000 – 99,999",Some College,Republican,NA,Strong Republican,NA,73,NA,NA,NA,FALSE,TRUE,TRUE,TRUE,TRUE,FALSE,FALSE,FALSE,TRUE,FALSE,0,93,Somewhat agree,Somewhat disagree,Somewhat disagree,No,No,1 - Not at all,3,3,2,3,2,1- Very unlike me,1- Very unlike me,2,1- Very unlike me,1- Very unlike me,2,1- Very unlike me,NA,NA,NA,NA,Oregon,Strongly oppose,Unjustified,Yes,NA,NA,NA,1,1,2,1,Democrat,Republican,NA
Female,White/Caucasian,"100,000 or more",4-year College Degree,Independent,Democratic Party,NA,NA,46,No,No,Yes,FALSE,TRUE,TRUE,FALSE,TRUE,TRUE,TRUE,TRUE,TRUE,TRUE,53,0,Somewhat agree,Somewhat agree,Neither agree nor disagree,No,Yes,2,4,4,3,1- Very unlike me,4,2,1- Very unlike me,1- Very unlike me,2,2,3,2,NA,NA,NA,NA,NA,NA,NA,NA,Alaska,11 - 15 years in prison,Oppose,2,2,1,1,Republican,Democrat,arson
Male,White/Caucasian,"Less than 30,000",Some College,Democrat,NA,NA,Strong Democrat,21,NA,NA,NA,FALSE,TRUE,TRUE,TRUE,TRUE,TRUE,TRUE,TRUE,FALSE,TRUE,0,4,Neither agree nor disagree,Somewhat agree,Neither agree nor disagree,No,No,1 - Not at all,4,2,3,3,4,3,3,3,5- Very like me,4,3,3,NA,NA,NA,NA,NA,NA,NA,NA,California,4 - 30 days in jail,NA,2,1,1,1,Republican,Democrat,vandalism
Male,White/Caucasian,"50,000 – 59,999",4-year College Degree,Republican,NA,Strong Republican,NA,47,No,No,Yes,TRUE,TRUE,TRUE,TRUE,TRUE,FALSE,FALSE,FALSE,FALSE,FALSE,0,100,Neither agree nor disagree,Somewhat disagree,Neither agree nor disagree,No,No,1 - Not at all,1- Very unlike me,3,3,1- Very unlike me,1- Very unlike me,3,1- Very unlike me,1- Very unlike me,1- Very unlike me,1- Very unlike me,1- Very unlike me,1- Very unlike me,NA,NA,NA,NA,Oregon,Strongly oppose,Unjustified,Yes,NA,NA,NA,1,2,2,1,Democrat,Republican,NA
Female,White/Caucasian,"100,000 or more",Doctoral Degree,Democrat,NA,NA,Strong Democrat,34,Yes,Yes,Yes,TRUE,TRUE,TRUE,TRUE,TRUE,TRUE,TRUE,TRUE,TRUE,TRUE,0,0,Strongly agree,Strongly disagree,Neither agree nor disagree,No,Yes,1 - Not at all,1- Very unlike me,1- Very unlike me,1- Very unlike me,1- Very unlike me,1- Very unlike me,1- Very unlike me,5- Very like me,1- Very unlike me,1- Very unlike me,1- Very unlike me,1- Very unlike me,1- Very unlike me,NA,NA,NA,NA,NA,NA,NA,NA,Louisiana,4 - 30 days in jail,Strongly support,2,1,2,1,Republican,Democrat,protesting without a permit
Male,White/Caucasian,"30,000 – 39,999",High School / GED,Republican,NA,Strong Republican,NA,66,No,Yes,Yes,TRUE,TRUE,TRUE,TRUE,TRUE,TRUE,FALSE,TRUE,FALSE,TRUE,26,80,Somewhat disagree,Strongly agree,Neither agree nor disagree,No,No,3,4,1- Very unlike me,3,1- Very unlike me,1- Very unlike me,3,3,1- Very unlike me,3,3,4,3,Florida,Strongly oppose,Unjustified,Yes,NA,NA,NA,NA,NA,NA,NA,1,1,1,1,Democrat,Republican,NA
Male,White/Caucasian,"Less than 30,000",High School / GED,Republican,NA,Strong Republican,NA,46,NA,NA,NA,FALSE,TRUE,TRUE,TRUE,TRUE,TRUE,TRUE,FALSE,FALSE,TRUE,7,100,Strongly disagree,Neither agree nor disagree,Neither agree nor disagree,No,No,1 - Not at all,1- Very unlike me,3,2,1- Very unlike me,1- Very unlike me,2,1- Very unlike me,1- Very unlike me,1- Very unlike me,1- Very unlike me,1- Very unlike me,1- Very unlike me,NA,NA,NA,NA,NA,NA,NA,NA,California,Community service,Neither support nor oppose,2,1,1,1,Democrat,Republican,vandalism
Female,White/Caucasian,"50,000 – 59,999",Masters Degree,Democrat,NA,NA,Not a strong Democrat,24,No,No,Yes,FALSE,TRUE,TRUE,FALSE,TRUE,FALSE,FALSE,FALSE,TRUE,FALSE,62,42,Neither agree nor disagree,Somewhat disagree,Somewhat disagree,No,No,1 - Not at all,1- Very unlike me,4,3,1- Very unlike me,2,2,2,1- Very unlike me,3,3,2,1- Very unlike me,NA,NA,NA,NA,NA,NA,NA,NA,Alaska,2 - 3 months in jail,Oppose,2,2,2,1,Republican,Democrat,protesting without a permit
Male,White/Caucasian,"50,000 – 59,999",Some College,Republican,NA,Strong Republican,NA,68,No,No,Yes,FALSE,TRUE,TRUE,TRUE,FALSE,TRUE,FALSE,TRUE,TRUE,TRUE,17,87,Somewhat agree,Strongly disagree,Neither agree nor disagree,No,No,1 - Not at all,3,2,3,1- Very unlike me,2,3,1- Very unlike me,1- Very unlike me,1- Very unlike me,1- Very unlike me,1- Very unlike me,1- Very unlike me,Florida,Strongly oppose,Unjustified,Yes,NA,NA,NA,NA,NA,NA,NA,1,1,1,1,Democrat,Republican,NA
Male,White/Caucasian,"100,000 or more",Masters Degree,Democrat,NA,NA,Strong Democrat,36,NA,NA,NA,TRUE,TRUE,TRUE,TRUE,TRUE,TRUE,FALSE,TRUE,TRUE,TRUE,89,100,Strongly disagree,Somewhat agree,Somewhat disagree,No,No,2,1- Very unlike me,4,2,2,4,4,3,1- Very unlike me,2,1- Very unlike me,3,2,NA,NA,NA,NA,NA,NA,NA,NA,Oregon,7 months to 1 year in jail,Oppose,2,1,1,1,Republican,Democrat,vandalism
Male,White/Caucasian,"70,000 – 79,999",Masters Degree,Democrat,NA,NA,Strong Democrat,73,No,Yes,Yes,FALSE,FALSE,TRUE,TRUE,TRUE,FALSE,FALSE,TRUE,TRUE,TRUE,96,7,Somewhat agree,Strongly disagree,Neither agree nor disagree,No,No,1 - Not at all,1- Very unlike me,4,1- Very unlike me,1- Very unlike me,2,1- Very unlike me,4,1- Very unlike me,1- Very unlike me,1- Very unlike me,4,1- Very unlike me,NA,NA,NA,NA,NA,NA,NA,NA,Oregon,4 - 30 days in jail,Strongly oppose,2,1,1,1,Republican,Democrat,assault
Female,White/Caucasian,"50,000 – 59,999",Doctoral Degree,Democrat,NA,NA,Not a strong Democrat,28,No,Yes,Yes,TRUE,FALSE,TRUE,TRUE,FALSE,FALSE,FALSE,TRUE,TRUE,TRUE,25,38,Neither agree nor disagree,Neither agree nor disagree,Somewhat disagree,Yes,Yes,4,4,2,4,1- Very unlike me,2,4,3,3,2,4,2,3,NA,NA,NA,NA,Idaho,Neither support nor oppose,Unjustified,Yes,NA,NA,NA,1,1,2,4,Republican,Democrat,NA
Female,White/Caucasian,"Less than 30,000",High School / GED,Republican,NA,Not a strong Republican,NA,49,No,No,Yes,TRUE,TRUE,TRUE,TRUE,TRUE,TRUE,TRUE,TRUE,TRUE,TRUE,51,53,Strongly agree,Strongly disagree,Strongly disagree,Yes,Yes,1 - Not at all,5- Very like me,5- Very like me,5- Very like me,5- Very like me,5- Very like me,5- Very like me,5- Very like me,5- Very like me,5- Very like me,5- Very like me,5- Very like me,5- Very like me,Nevada,Strongly oppose,Unjustified,Yes,NA,NA,NA,NA,NA,NA,NA,1,1,1,1,Democrat,Republican,NA
Male,White/Caucasian,"40,000 – 49,999",High School / GED,Republican,NA,Strong Republican,NA,26,No,No,Yes,TRUE,TRUE,TRUE,TRUE,TRUE,TRUE,FALSE,TRUE,TRUE,TRUE,0,80,Strongly agree,Somewhat disagree,Somewhat agree,No,No,2,4,4,5- Very like me,2,2,4,2,1- Very unlike me,2,4,5- Very like me,3,NA,NA,NA,NA,NA,NA,NA,NA,Alaska,11 - 15 years in prison,Oppose,2,1,1,1,Democrat,Republican,murder
Female,White/Caucasian,"Less than 30,000",Some College,Republican,NA,Strong Republican,NA,58,No,No,Yes,FALSE,TRUE,TRUE,TRUE,TRUE,TRUE,TRUE,TRUE,TRUE,TRUE,17,90,Neither agree nor disagree,Somewhat agree,Somewhat agree,No,No,1 - Not at all,2,2,3,1- Very unlike me,1- Very unlike me,2,1- Very unlike me,1- Very unlike me,2,1- Very unlike me,1- Very unlike me,1- Very unlike me,NA,NA,NA,NA,Oregon,Strongly oppose,Unjustified,Yes,NA,NA,NA,1,2,2,1,Democrat,Republican,NA
Male,White/Caucasian,"100,000 or more",Some College,Republican,NA,Strong Republican,NA,49,No,Yes,Yes,TRUE,TRUE,TRUE,TRUE,TRUE,FALSE,FALSE,TRUE,FALSE,TRUE,0,90,Strongly agree,Strongly agree,Strongly agree,No,No,3,1- Very unlike me,3,3,1- Very unlike me,1- Very unlike me,1- Very unlike me,1- Very unlike me,1- Very unlike me,1- Very unlike me,1- Very unlike me,1- Very unlike me,1- Very unlike me,NA,NA,NA,NA,NA,NA,NA,NA,Oregon,More than 20 years in prison,Strongly oppose,2,2,1,1,Democrat,Republican,murder
Male,White/Caucasian,"Less than 30,000",2-year College Degree,Democrat,NA,NA,Not a strong Democrat,68,No,No,Yes,FALSE,TRUE,TRUE,FALSE,TRUE,TRUE,FALSE,TRUE,TRUE,FALSE,19,84,Strongly disagree,Strongly disagree,Somewhat agree,Yes,No,1 - Not at all,4,3,4,4,2,4,5- Very like me,2,3,4,4,2,NA,NA,NA,NA,NA,NA,NA,NA,Washington,More than 20 years in prison,Strongly oppose,2,1,2,1,Republican,Democrat,murder
Female,White/Caucasian,"Less than 30,000",High School / GED,Republican,NA,Not a strong Republican,NA,66,No,No,No,TRUE,TRUE,TRUE,TRUE,TRUE,FALSE,FALSE,FALSE,FALSE,TRUE,15,81,Strongly agree,Somewhat agree,Somewhat agree,Yes,No,3,1- Very unlike me,3,3,2,4,3,4,2,3,4,3,3,Florida,Neither support nor oppose,Unjustified,Yes,NA,NA,NA,NA,NA,NA,NA,1,1,1,1,Democrat,Republican,NA
Female,White/Caucasian,"80,000 – 89,999",Some College,Republican,NA,Strong Republican,NA,27,No,No,No,FALSE,TRUE,TRUE,TRUE,TRUE,FALSE,TRUE,FALSE,FALSE,FALSE,21,84,Neither agree nor disagree,Somewhat disagree,Neither agree nor disagree,No,No,3,1- Very unlike me,3,1- Very unlike me,2,1- Very unlike me,2,3,1- Very unlike me,1- Very unlike me,1- Very unlike me,3,1- Very unlike me,Florida,Oppose,Unjustified,Yes,NA,NA,NA,NA,NA,NA,NA,1,2,1,1,Democrat,Republican,NA
Female,White/Caucasian,"60,000 – 69,999",Some College,Republican,NA,Not a strong Republican,NA,42,No,No,Yes,FALSE,TRUE,TRUE,FALSE,TRUE,FALSE,FALSE,TRUE,FALSE,TRUE,47,48,Somewhat agree,Somewhat disagree,Neither agree nor disagree,No,No,1 - Not at all,1- Very unlike me,2,3,2,2,3,1- Very unlike me,1- Very unlike me,3,1- Very unlike me,2,1- Very unlike me,Alabama,Strongly oppose,Unjustified,Yes,NA,NA,NA,NA,NA,NA,NA,1,1,1,1,Democrat,Republican,NA
Female,White/Caucasian,"100,000 or more",Masters Degree,Republican,NA,Strong Republican,NA,85,No,Yes,Yes,TRUE,TRUE,TRUE,TRUE,TRUE,FALSE,FALSE,TRUE,FALSE,TRUE,0,71,Neither agree nor disagree,Somewhat agree,Neither agree nor disagree,No,No,1 - Not at all,1- Very unlike me,2,1- Very unlike me,1- Very unlike me,3,1- Very unlike me,3,1- Very unlike me,1- Very unlike me,1- Very unlike me,2,1- Very unlike me,NA,NA,NA,NA,NA,NA,NA,NA,Alaska,Community service,Neither support nor oppose,2,1,2,1,Democrat,Republican,assault
Male,White/Caucasian,"Less than 30,000","Professional Degree (JD, MD)",Republican,NA,Not a strong Republican,NA,85,No,Yes,Yes,FALSE,TRUE,TRUE,FALSE,TRUE,TRUE,TRUE,FALSE,FALSE,TRUE,10,83,Neither agree nor disagree,Strongly disagree,Neither agree nor disagree,No,No,1 - Not at all,1- Very unlike me,5- Very like me,4,3,4,3,1- Very unlike me,1- Very unlike me,5- Very like me,2,3,1- Very unlike me,NA,NA,NA,NA,NA,NA,NA,NA,Washington,Community service,Support,2,1,2,1,Democrat,Republican,protesting without a permit
Male,White/Caucasian,"40,000 – 49,999",Masters Degree,Republican,NA,Not a strong Republican,NA,75,No,No,Yes,TRUE,TRUE,TRUE,TRUE,TRUE,TRUE,FALSE,TRUE,FALSE,TRUE,21,83,Somewhat agree,Strongly disagree,Neither agree nor disagree,No,No,1 - Not at all,1- Very unlike me,3,3,2,3,2,3,1- Very unlike me,2,2,3,2,Florida,Strongly oppose,Unjustified,Yes,NA,NA,NA,NA,NA,NA,NA,1,1,1,1,Democrat,Republican,NA
Male,White/Caucasian,"50,000 – 59,999",Some College,Independent,Republican Party,NA,NA,67,No,No,Yes,FALSE,TRUE,TRUE,TRUE,TRUE,TRUE,TRUE,FALSE,FALSE,TRUE,0,90,Strongly agree,Strongly agree,Neither agree nor disagree,Yes,No,5 - A great deal,4,4,4,3,3,3,4,4,3,4,4,3,NA,NA,NA,NA,NA,NA,NA,NA,California,Community service,Support,2,1,2,1,Democrat,Republican,vandalism
Male,White/Caucasian,"30,000 – 39,999",High School / GED,Democrat,NA,NA,Not a strong Democrat,71,No,No,Yes,FALSE,FALSE,TRUE,TRUE,TRUE,TRUE,FALSE,TRUE,TRUE,TRUE,26,53,Somewhat disagree,Neither agree nor disagree,Neither agree nor disagree,Yes,Yes,1 - Not at all,4,3,3,3,3,3,3,2,3,3,3,3,NA,NA,NA,NA,Oregon,Support,Unjustified,Yes,NA,NA,NA,1,1,2,1,Republican,Democrat,NA
Female,White/Caucasian,"40,000 – 49,999",Some College,Republican,NA,Strong Republican,NA,28,No,No,Yes,FALSE,TRUE,TRUE,TRUE,TRUE,FALSE,FALSE,TRUE,TRUE,TRUE,0,100,Strongly disagree,Strongly agree,Strongly agree,No,No,1 - Not at all,1- Very unlike me,1- Very unlike me,5- Very like me,5- Very like me,2,5- Very like me,3,1- Very unlike me,1- Very unlike me,1- Very unlike me,1- Very unlike me,1- Very unlike me,NA,NA,NA,NA,Oregon,Strongly oppose,Justified,Yes,NA,NA,NA,1,1,2,1,Democrat,Republican,NA
Male,White/Caucasian,"Less than 30,000",4-year College Degree,Republican,NA,Strong Republican,NA,70,No,No,No,TRUE,TRUE,TRUE,TRUE,TRUE,FALSE,FALSE,TRUE,FALSE,FALSE,95,100,Somewhat agree,Strongly agree,Strongly agree,No,No,1 - Not at all,1- Very unlike me,2,2,3,1- Very unlike me,2,1- Very unlike me,1- Very unlike me,1- Very unlike me,1- Very unlike me,3,2,NA,NA,NA,NA,NA,NA,NA,NA,Oregon,Community service,Neither support nor oppose,2,2,2,1,Democrat,Republican,protesting without a permit
Female,White/Caucasian,"40,000 – 49,999",High School / GED,Republican,NA,Not a strong Republican,NA,25,No,No,No,FALSE,TRUE,TRUE,FALSE,TRUE,TRUE,TRUE,FALSE,FALSE,FALSE,0,100,Strongly agree,Strongly agree,Strongly agree,No,No,4,1- Very unlike me,3,1- Very unlike me,1- Very unlike me,1- Very unlike me,1- Very unlike me,1- Very unlike me,1- Very unlike me,1- Very unlike me,1- Very unlike me,1- Very unlike me,1- Very unlike me,Florida,Oppose,Justified,Yes,NA,NA,NA,NA,NA,NA,NA,1,1,1,1,Democrat,Republican,NA
Male,Native American,"30,000 – 39,999",High School / GED,Democrat,NA,NA,Strong Democrat,Under 18,NA,NA,NA,NA,NA,NA,NA,NA,NA,NA,NA,NA,NA,,,NA,NA,NA,NA,NA,NA,NA,NA,NA,NA,NA,NA,NA,NA,NA,NA,NA,NA,NA,NA,NA,NA,NA,NA,NA,NA,NA,NA,NA,2,1,1,2,NA,NA,NA
Male,White/Caucasian,"90,000 – 99,999",4-year College Degree,Other,Democratic Party,NA,NA,23,No,No,Yes,TRUE,TRUE,TRUE,TRUE,FALSE,TRUE,FALSE,FALSE,TRUE,TRUE,50,50,Neither agree nor disagree,Strongly disagree,Strongly disagree,No,No,1 - Not at all,1- Very unlike me,3,1- Very unlike me,1- Very unlike me,3,1- Very unlike me,1- Very unlike me,1- Very unlike me,1- Very unlike me,1- Very unlike me,4,1- Very unlike me,Florida,Neither support nor oppose,Justified,Yes,NA,NA,NA,NA,NA,NA,NA,1,2,1,1,Republican,Democrat,NA
Male,White/Caucasian,"100,000 or more",Masters Degree,Republican,NA,Strong Republican,NA,68,No,Yes,Yes,TRUE,FALSE,TRUE,FALSE,TRUE,FALSE,FALSE,TRUE,FALSE,TRUE,4,96,Strongly agree,Strongly disagree,Neither agree nor disagree,No,No,1 - Not at all,1- Very unlike me,2,3,1- Very unlike me,3,2,3,1- Very unlike me,1- Very unlike me,3,2,1- Very unlike me,NA,NA,NA,NA,NA,NA,NA,NA,Washington,6 - 10 years in prison,Neither support nor oppose,2,2,2,1,Democrat,Republican,arson
Male,White/Caucasian,"70,000 – 79,999",Masters Degree,Democrat,NA,NA,Strong Democrat,31,Yes,No,Yes,FALSE,TRUE,TRUE,TRUE,TRUE,TRUE,TRUE,TRUE,TRUE,FALSE,81,82,Somewhat agree,Somewhat agree,Somewhat agree,Yes,Yes,4,4,5- Very like me,4,4,4,4,4,4,4,4,4,4,NA,NA,NA,NA,NA,NA,NA,NA,Texas,Community service,Neither support nor oppose,2,2,2,1,Republican,Democrat,protesting without a permit
Female,White/Caucasian,"Less than 30,000",Masters Degree,Republican,NA,Strong Republican,NA,51,No,No,Yes,TRUE,TRUE,TRUE,TRUE,TRUE,FALSE,FALSE,FALSE,FALSE,FALSE,0,51,Somewhat agree,Strongly disagree,Neither agree nor disagree,No,No,1 - Not at all,1- Very unlike me,2,2,1- Very unlike me,1- Very unlike me,2,1- Very unlike me,1- Very unlike me,1- Very unlike me,1- Very unlike me,1- Very unlike me,1- Very unlike me,NA,NA,NA,NA,NA,NA,NA,NA,Oregon,More than 20 years in prison,Strongly oppose,2,2,2,1,Democrat,Republican,murder
Male,White/Caucasian,"40,000 – 49,999",Some College,Republican,NA,Not a strong Republican,NA,73,No,No,Yes,FALSE,TRUE,TRUE,TRUE,TRUE,FALSE,FALSE,TRUE,FALSE,FALSE,10,76,Somewhat disagree,Neither agree nor disagree,Neither agree nor disagree,Yes,Yes,1 - Not at all,2,2,2,2,2,3,2,2,2,2,3,1- Very unlike me,Florida,Strongly oppose,Unjustified,Yes,NA,NA,NA,NA,NA,NA,NA,1,2,1,1,Democrat,Republican,NA
Male,White/Caucasian,"40,000 – 49,999",Less than High School,Republican,NA,Not a strong Republican,NA,18,No,No,Yes,TRUE,TRUE,TRUE,TRUE,TRUE,TRUE,FALSE,FALSE,TRUE,FALSE,44,91,Neither agree nor disagree,Somewhat agree,Somewhat agree,No,No,1 - Not at all,2,2,2,3,2,2,3,1- Very unlike me,1- Very unlike me,1- Very unlike me,1- Very unlike me,2,NA,NA,NA,NA,Nevada,Neither support nor oppose,Unjustified,Yes,NA,NA,NA,1,1,2,1,Democrat,Republican,NA
Female,White/Caucasian,"100,000 or more",4-year College Degree,Democrat,NA,NA,Strong Democrat,45,No,No,Yes,TRUE,TRUE,FALSE,TRUE,FALSE,FALSE,FALSE,FALSE,TRUE,FALSE,78,8,Neither agree nor disagree,Somewhat agree,Neither agree nor disagree,No,No,5 - A great deal,1- Very unlike me,2,3,2,2,3,2,1- Very unlike me,1- Very unlike me,1- Very unlike me,2,1- Very unlike me,Florida,Strongly oppose,Unjustified,Yes,NA,NA,NA,NA,NA,NA,NA,1,1,1,1,Republican,Democrat,NA
Male,White/Caucasian,"60,000 – 69,999",Some College,Democrat,NA,NA,Strong Democrat,45,No,No,Yes,TRUE,TRUE,TRUE,FALSE,TRUE,TRUE,FALSE,FALSE,FALSE,TRUE,100,19,Neither agree nor disagree,Somewhat agree,Somewhat agree,No,No,5 - A great deal,5- Very like me,5- Very like me,5- Very like me,3,5- Very like me,5- Very like me,5- Very like me,1- Very unlike me,1- Very unlike me,5- Very like me,5- Very like me,5- Very like me,NA,NA,NA,NA,California,Support,Justified,No,NA,NA,NA,1,1,2,1,Republican,Democrat,NA
Female,White/Caucasian,"50,000 – 59,999",Masters Degree,Republican,NA,Not a strong Republican,NA,35,No,No,Yes,TRUE,TRUE,TRUE,TRUE,TRUE,FALSE,FALSE,FALSE,TRUE,FALSE,51,71,Neither agree nor disagree,Somewhat disagree,Neither agree nor disagree,No,No,2,1- Very unlike me,1- Very unlike me,3,1- Very unlike me,1- Very unlike me,4,1- Very unlike me,1- Very unlike me,1- Very unlike me,1- Very unlike me,2,1- Very unlike me,NA,NA,NA,NA,Oregon,Support,Justified,No,NA,NA,NA,1,1,2,1,Democrat,Republican,NA
Male,White/Caucasian,"Less than 30,000",Less than High School,Independent,Republican Party,NA,NA,21,No,No,No,TRUE,TRUE,TRUE,TRUE,TRUE,TRUE,TRUE,FALSE,FALSE,TRUE,34,70,Neither agree nor disagree,Neither agree nor disagree,Neither agree nor disagree,No,No,2,1- Very unlike me,2,4,4,1- Very unlike me,1- Very unlike me,1- Very unlike me,1- Very unlike me,1- Very unlike me,2,2,1- Very unlike me,Florida,Oppose,Justified,Yes,NA,NA,NA,NA,NA,NA,NA,1,1,1,1,Democrat,Republican,NA
Male,White/Caucasian,"70,000 – 79,999",4-year College Degree,Democrat,NA,NA,Strong Democrat,35,No,No,Yes,FALSE,FALSE,FALSE,FALSE,TRUE,TRUE,TRUE,TRUE,TRUE,FALSE,58,69,Neither agree nor disagree,Somewhat disagree,Neither agree nor disagree,No,No,1 - Not at all,3,5- Very like me,4,4,4,4,4,3,3,3,3,3,NA,NA,NA,NA,Washington,Strongly oppose,Unjustified,Yes,NA,NA,NA,1,1,2,1,Republican,Democrat,NA
Female,White/Caucasian,"100,000 or more",4-year College Degree,Republican,NA,Not a strong Republican,NA,53,No,No,No,TRUE,FALSE,FALSE,FALSE,TRUE,TRUE,FALSE,FALSE,TRUE,TRUE,21,78,Somewhat agree,Somewhat disagree,Somewhat disagree,No,No,1 - Not at all,2,3,2,1- Very unlike me,2,1- Very unlike me,2,1- Very unlike me,1- Very unlike me,1- Very unlike me,1- Very unlike me,1- Very unlike me,Florida,Strongly oppose,Unjustified,Yes,NA,NA,NA,NA,NA,NA,NA,1,2,1,1,Democrat,Republican,NA
Female,White/Caucasian,"Less than 30,000",High School / GED,Republican,NA,Strong Republican,NA,32,NA,NA,NA,TRUE,TRUE,TRUE,TRUE,TRUE,TRUE,TRUE,TRUE,TRUE,TRUE,1,100,Strongly agree,Strongly disagree,Strongly agree,No,Yes,5 - A great deal,5- Very like me,5- Very like me,5- Very like me,5- Very like me,5- Very like me,5- Very like me,5- Very like me,5- Very like me,5- Very like me,5- Very like me,5- Very like me,5- Very like me,NA,NA,NA,NA,NA,NA,NA,NA,California,Community service,Strongly support,2,1,1,4,Democrat,Republican,murder
Male,White/Caucasian,"100,000 or more",Masters Degree,Democrat,NA,NA,Strong Democrat,40,Yes,Yes,Yes,TRUE,TRUE,TRUE,TRUE,TRUE,TRUE,TRUE,FALSE,FALSE,TRUE,92,13,Somewhat agree,Somewhat agree,Neither agree nor disagree,No,No,5 - A great deal,1- Very unlike me,1- Very unlike me,5- Very like me,2,5- Very like me,4,1- Very unlike me,2,1- Very unlike me,5- Very like me,4,2,NA,NA,NA,NA,NA,NA,NA,NA,NA,NA,NA,1,2,2,,Republican,Democrat,NA
Male,White/Caucasian,"100,000 or more",Masters Degree,Democrat,NA,NA,Strong Democrat,40,NA,NA,NA,FALSE,TRUE,TRUE,FALSE,FALSE,TRUE,TRUE,TRUE,FALSE,TRUE,75,71,Strongly agree,Somewhat agree,Somewhat agree,No,No,4,4,4,5- Very like me,4,4,5- Very like me,4,4,4,5- Very like me,4,4,NA,NA,NA,NA,NA,NA,NA,NA,California,NA,NA,2,2,2,,Republican,Democrat,assault with a deadly weapon
Male,White/Caucasian,"30,000 – 39,999",Some College,Republican,NA,Strong Republican,NA,65,No,No,Yes,FALSE,TRUE,TRUE,TRUE,TRUE,FALSE,TRUE,TRUE,FALSE,FALSE,24,85,Neither agree nor disagree,Somewhat disagree,Neither agree nor disagree,No,No,1 - Not at all,1- Very unlike me,2,5- Very like me,1- Very unlike me,1- Very unlike me,2,3,1- Very unlike me,1- Very unlike me,2,4,1- Very unlike me,NA,NA,NA,NA,NA,NA,NA,NA,Washington,2 - 5 years in prison,Strongly oppose,2,1,2,1,Democrat,Republican,arson
Female,White/Caucasian,"60,000 – 69,999",Some College,Democrat,NA,NA,Strong Democrat,41,No,Yes,Yes,FALSE,TRUE,TRUE,TRUE,TRUE,TRUE,TRUE,TRUE,TRUE,TRUE,100,0,Neither agree nor disagree,Somewhat agree,Somewhat agree,No,Yes,1 - Not at all,3,3,3,4,3,3,3,1- Very unlike me,3,3,3,3,NA,NA,NA,NA,NA,NA,NA,NA,Oregon,4 - 6 months in jail,Neither support nor oppose,2,1,1,,Republican,Democrat,arson
Male,White/Caucasian,"100,000 or more",4-year College Degree,Republican,NA,Not a strong Republican,NA,58,No,No,No,TRUE,FALSE,TRUE,TRUE,TRUE,FALSE,FALSE,FALSE,FALSE,FALSE,70,71,Neither agree nor disagree,Strongly disagree,Neither agree nor disagree,No,No,1 - Not at all,1- Very unlike me,2,1- Very unlike me,1- Very unlike me,1- Very unlike me,1- Very unlike me,1- Very unlike me,1- Very unlike me,1- Very unlike me,1- Very unlike me,1- Very unlike me,1- Very unlike me,NA,NA,NA,NA,NA,NA,NA,NA,California,More than 20 years in prison,Strongly oppose,2,1,1,1,Democrat,Republican,assault with a deadly weapon
Female,White/Caucasian,"50,000 – 59,999",Some College,Democrat,NA,NA,Not a strong Democrat,28,No,No,Yes,FALSE,TRUE,TRUE,TRUE,TRUE,TRUE,FALSE,TRUE,TRUE,FALSE,57,50,Neither agree nor disagree,Somewhat disagree,Neither agree nor disagree,No,No,3,3,2,3,3,3,3,3,2,3,2,3,2,Florida,Neither support nor oppose,Unjustified,Yes,NA,NA,NA,NA,NA,NA,NA,1,1,1,1,Republican,Democrat,NA
Male,White/Caucasian,"Less than 30,000",High School / GED,Democrat,NA,NA,Strong Democrat,20,Yes,Yes,Yes,FALSE,TRUE,TRUE,TRUE,TRUE,FALSE,FALSE,FALSE,FALSE,FALSE,100,0,Neither agree nor disagree,Strongly agree,Somewhat agree,No,Yes,5 - A great deal,1- Very unlike me,3,2,2,4,3,3,3,4,2,2,3,NA,NA,NA,NA,NA,NA,NA,NA,Alaska,16 - 20 years in prison,Strongly oppose,2,2,1,1,Republican,Democrat,vandalism
Female,White/Caucasian,"Less than 30,000",Some College,Republican,NA,Strong Republican,NA,18,No,No,Yes,FALSE,TRUE,TRUE,FALSE,TRUE,TRUE,FALSE,TRUE,FALSE,TRUE,0,100,Strongly disagree,Strongly disagree,Neither agree nor disagree,No,No,1 - Not at all,2,2,3,1- Very unlike me,2,1- Very unlike me,2,1- Very unlike me,1- Very unlike me,1- Very unlike me,1- Very unlike me,1- Very unlike me,NA,NA,NA,NA,NA,NA,NA,NA,California,More than 20 years in prison,Strongly oppose,2,2,2,1,Democrat,Republican,arson
Male,White/Caucasian,"Less than 30,000",2-year College Degree,Republican,NA,Not a strong Republican,NA,49,No,No,Yes,FALSE,TRUE,FALSE,TRUE,TRUE,FALSE,TRUE,TRUE,FALSE,FALSE,23,82,Somewhat disagree,Neither agree nor disagree,Neither agree nor disagree,No,Yes,1 - Not at all,4,3,4,5- Very like me,2,4,3,4,3,4,4,4,NA,NA,NA,NA,Oregon,Neither support nor oppose,Unjustified,Yes,NA,NA,NA,1,1,2,1,Democrat,Republican,NA
Female,White/Caucasian,"50,000 – 59,999",4-year College Degree,Republican,NA,Strong Republican,NA,73,No,Yes,Yes,FALSE,TRUE,TRUE,FALSE,TRUE,FALSE,FALSE,FALSE,FALSE,TRUE,8,92,Neither agree nor disagree,Neither agree nor disagree,Neither agree nor disagree,No,No,3,1- Very unlike me,4,4,1- Very unlike me,2,1- Very unlike me,2,1- Very unlike me,4,3,4,4,Florida,Strongly oppose,Unjustified,Yes,NA,NA,NA,NA,NA,NA,NA,1,2,1,1,Democrat,Republican,NA
Female,White/Caucasian,"Less than 30,000",Some College,Independent,Republican Party,NA,NA,21,No,No,Yes,FALSE,FALSE,FALSE,FALSE,TRUE,TRUE,FALSE,TRUE,TRUE,TRUE,30,56,Neither agree nor disagree,Strongly disagree,Neither agree nor disagree,No,No,1 - Not at all,1- Very unlike me,3,3,1- Very unlike me,2,4,1- Very unlike me,1- Very unlike me,1- Very unlike me,1- Very unlike me,2,1- Very unlike me,NA,NA,NA,NA,Oregon,Neither support nor oppose,Unjustified,Yes,NA,NA,NA,1,1,2,1,Democrat,Republican,NA
Male,White/Caucasian,"Less than 30,000",High School / GED,Democrat,NA,NA,Not a strong Democrat,31,NA,NA,NA,TRUE,TRUE,TRUE,TRUE,FALSE,TRUE,TRUE,FALSE,TRUE,TRUE,88,90,Strongly agree,Strongly agree,Strongly agree,Yes,Yes,1 - Not at all,5- Very like me,1- Very unlike me,1- Very unlike me,1- Very unlike me,1- Very unlike me,2,1- Very unlike me,1- Very unlike me,1- Very unlike me,1- Very unlike me,1- Very unlike me,1- Very unlike me,NA,NA,NA,NA,NA,NA,NA,NA,Florida,4 - 30 days in jail,NA,2,2,1,1,Republican,Democrat,vandalism
Female,White/Caucasian,"30,000 – 39,999",High School / GED,Democrat,NA,NA,Not a strong Democrat,22,NA,NA,NA,NA,NA,NA,NA,NA,NA,NA,NA,NA,NA,,,NA,NA,NA,NA,NA,NA,NA,NA,NA,NA,NA,NA,NA,NA,NA,NA,NA,NA,NA,NA,NA,NA,NA,NA,NA,NA,NA,NA,NA,2,1,2,2,NA,NA,NA
Male,White/Caucasian,"60,000 – 69,999",Some College,Independent,Democratic Party,NA,NA,29,Yes,No,No,FALSE,FALSE,TRUE,TRUE,FALSE,TRUE,TRUE,TRUE,TRUE,TRUE,60,27,Somewhat agree,Somewhat disagree,Neither agree nor disagree,No,No,2,2,3,5- Very like me,2,2,3,1- Very unlike me,1- Very unlike me,2,1- Very unlike me,3,2,NA,NA,NA,NA,Arizona,Neither support nor oppose,Unjustified,Yes,NA,NA,NA,1,1,2,1,Republican,Democrat,NA
Female,White/Caucasian,"100,000 or more",4-year College Degree,Independent,Democratic Party,NA,NA,49,No,No,Yes,FALSE,TRUE,TRUE,FALSE,TRUE,TRUE,FALSE,TRUE,FALSE,TRUE,41,56,Somewhat disagree,Strongly disagree,Neither agree nor disagree,No,No,1 - Not at all,1- Very unlike me,2,1- Very unlike me,1- Very unlike me,1- Very unlike me,1- Very unlike me,1- Very unlike me,1- Very unlike me,1- Very unlike me,2,1- Very unlike me,1- Very unlike me,NA,NA,NA,NA,Oregon,Strongly oppose,Unjustified,Yes,NA,NA,NA,1,2,2,1,Republican,Democrat,NA
Male,White/Caucasian,"Less than 30,000",High School / GED,Democrat,NA,NA,Not a strong Democrat,22,No,No,Yes,FALSE,FALSE,TRUE,TRUE,TRUE,FALSE,FALSE,TRUE,FALSE,FALSE,79,39,Somewhat disagree,Strongly disagree,Neither agree nor disagree,No,No,2,3,2,2,3,2,2,1- Very unlike me,1- Very unlike me,2,2,1- Very unlike me,1- Very unlike me,NA,NA,NA,NA,NA,NA,NA,NA,Alaska,4 - 30 days in jail,Neither support nor oppose,2,2,2,1,Republican,Democrat,murder
Female,White/Caucasian,"100,000 or more",Some College,Democrat,NA,NA,Strong Democrat,19,No,No,Yes,FALSE,TRUE,TRUE,TRUE,TRUE,TRUE,TRUE,TRUE,FALSE,FALSE,100,0,Somewhat agree,Somewhat disagree,Strongly disagree,No,No,1 - Not at all,1- Very unlike me,2,2,1- Very unlike me,1- Very unlike me,1- Very unlike me,1- Very unlike me,1- Very unlike me,1- Very unlike me,1- Very unlike me,1- Very unlike me,1- Very unlike me,NA,NA,NA,NA,NA,NA,NA,NA,Oregon,2 - 5 years in prison,Neither support nor oppose,2,1,2,1,Republican,Democrat,arson
Male,White/Caucasian,"100,000 or more",Masters Degree,Democrat,NA,NA,Strong Democrat,48,Yes,Yes,Yes,FALSE,FALSE,TRUE,TRUE,TRUE,TRUE,FALSE,TRUE,TRUE,TRUE,16,73,Strongly agree,Somewhat agree,Strongly agree,Yes,Yes,5 - A great deal,5- Very like me,4,5- Very like me,4,5- Very like me,4,4,5- Very like me,5- Very like me,3,4,5- Very like me,Texas,Strongly support,Justified,Yes,NA,NA,NA,NA,NA,NA,NA,1,2,1,1,Republican,Democrat,NA
Female,White/Caucasian,"30,000 – 39,999",High School / GED,Republican,NA,Strong Republican,NA,27,No,No,Yes,FALSE,TRUE,TRUE,TRUE,TRUE,TRUE,FALSE,TRUE,TRUE,TRUE,12,100,Somewhat agree,Neither agree nor disagree,Neither agree nor disagree,No,No,1 - Not at all,3,4,3,2,3,1- Very unlike me,3,4,5- Very like me,3,4,1- Very unlike me,NA,NA,NA,NA,NA,NA,NA,NA,Florida,More than 20 years in prison,Oppose,2,1,1,1,Democrat,Republican,murder
Male,White/Caucasian,"70,000 – 79,999",High School / GED,Republican,NA,Not a strong Republican,NA,54,NA,NA,NA,NA,NA,NA,NA,NA,NA,NA,NA,NA,NA,,,NA,NA,NA,NA,NA,NA,NA,NA,NA,NA,NA,NA,NA,NA,NA,NA,NA,NA,NA,NA,NA,NA,NA,NA,NA,NA,NA,NA,NA,2,2,2,2,NA,NA,NA
Female,White/Caucasian,"50,000 – 59,999",High School / GED,Republican,NA,Strong Republican,NA,24,NA,NA,NA,FALSE,TRUE,TRUE,FALSE,TRUE,FALSE,FALSE,TRUE,TRUE,TRUE,3,84,Somewhat agree,Somewhat disagree,Strongly disagree,No,No,2,2,5- Very like me,2,4,2,5- Very like me,4,3,1- Very unlike me,4,2,5- Very like me,NA,NA,NA,NA,NA,NA,NA,NA,Alaska,4 - 30 days in jail,NA,2,2,2,1,Democrat,Republican,murder
Male,White/Caucasian,"100,000 or more",Masters Degree,Republican,NA,Strong Republican,NA,73,No,Yes,Yes,FALSE,FALSE,TRUE,TRUE,TRUE,TRUE,FALSE,FALSE,FALSE,FALSE,0,60,Neither agree nor disagree,Somewhat agree,Neither agree nor disagree,Yes,No,1 - Not at all,2,2,3,2,2,2,2,1- Very unlike me,2,2,3,2,Florida,Strongly oppose,Unjustified,Yes,NA,NA,NA,NA,NA,NA,NA,1,1,1,1,Democrat,Republican,NA
Male,White/Caucasian,"Less than 30,000",High School / GED,Republican,NA,Strong Republican,NA,34,No,No,Yes,FALSE,TRUE,TRUE,TRUE,TRUE,FALSE,FALSE,FALSE,FALSE,TRUE,0,0,Somewhat agree,Somewhat agree,Neither agree nor disagree,No,No,3,5- Very like me,3,3,1- Very unlike me,1- Very unlike me,1- Very unlike me,2,1- Very unlike me,2,2,1- Very unlike me,1- Very unlike me,NA,NA,NA,NA,NA,NA,NA,NA,Oregon,More than 20 years in prison,Strongly oppose,2,2,1,1,Democrat,Republican,arson
Female,White/Caucasian,"70,000 – 79,999",High School / GED,Republican,NA,Not a strong Republican,NA,63,NA,NA,NA,TRUE,TRUE,TRUE,TRUE,TRUE,FALSE,FALSE,TRUE,TRUE,FALSE,57,81,Somewhat agree,Somewhat agree,Somewhat agree,No,No,1 - Not at all,1- Very unlike me,3,4,3,3,3,5- Very like me,1- Very unlike me,1- Very unlike me,4,3,3,NA,NA,NA,NA,NA,NA,NA,NA,Washington,1 - 3 days in jail,Neither support nor oppose,2,1,2,1,Democrat,Republican,arson
Male,White/Caucasian,"70,000 – 79,999",4-year College Degree,Republican,NA,Not a strong Republican,NA,77,NA,NA,NA,NA,NA,NA,NA,NA,NA,NA,NA,NA,NA,,,NA,NA,NA,NA,NA,NA,NA,NA,NA,NA,NA,NA,NA,NA,NA,NA,NA,NA,NA,NA,NA,NA,NA,NA,NA,NA,NA,NA,NA,2,2,1,2,NA,NA,NA
Male,White/Caucasian,"40,000 – 49,999",Some College,Republican,NA,Strong Republican,NA,57,No,No,Yes,FALSE,TRUE,FALSE,TRUE,TRUE,TRUE,TRUE,TRUE,FALSE,FALSE,10,55,Somewhat agree,Strongly disagree,Neither agree nor disagree,No,No,1 - Not at all,3,2,2,3,1- Very unlike me,1- Very unlike me,1- Very unlike me,1- Very unlike me,1- Very unlike me,2,1- Very unlike me,3,Texas,Neither support nor oppose,Unjustified,Yes,NA,NA,NA,NA,NA,NA,NA,1,1,1,1,Democrat,Republican,NA
Male,White/Caucasian,"100,000 or more",Masters Degree,Democrat,NA,NA,Not a strong Democrat,56,No,Yes,Yes,FALSE,TRUE,TRUE,TRUE,TRUE,TRUE,TRUE,TRUE,TRUE,TRUE,79,13,Somewhat agree,Strongly disagree,Somewhat agree,No,Yes,3,2,3,2,2,2,4,2,2,2,2,4,2,NA,NA,NA,NA,Oregon,Oppose,Unjustified,Yes,NA,NA,NA,1,1,2,1,Republican,Democrat,NA
Female,White/Caucasian,"Less than 30,000",High School / GED,Republican,NA,Strong Republican,NA,26,No,No,No,FALSE,TRUE,TRUE,TRUE,TRUE,FALSE,FALSE,TRUE,TRUE,FALSE,0,100,Neither agree nor disagree,Strongly agree,Neither agree nor disagree,No,No,1 - Not at all,3,2,5- Very like me,3,1- Very unlike me,5- Very like me,1- Very unlike me,1- Very unlike me,1- Very unlike me,1- Very unlike me,1- Very unlike me,5- Very like me,NA,NA,NA,NA,NA,NA,NA,NA,Oregon,Community service,Strongly support,2,2,1,1,Democrat,Republican,protesting without a permit
Female,White/Caucasian,"80,000 – 89,999",Some College,Republican,NA,Strong Republican,NA,56,NA,NA,NA,NA,NA,NA,NA,NA,NA,NA,NA,NA,NA,,,NA,NA,NA,NA,NA,NA,NA,NA,NA,NA,NA,NA,NA,NA,NA,NA,NA,NA,NA,NA,NA,NA,NA,NA,NA,NA,NA,NA,NA,1,2,2,2,NA,NA,NA
Male,White/Caucasian,"70,000 – 79,999",Masters Degree,Republican,NA,Strong Republican,NA,63,No,No,Yes,FALSE,FALSE,TRUE,TRUE,TRUE,FALSE,FALSE,FALSE,FALSE,TRUE,19,71,Neither agree nor disagree,Strongly disagree,Neither agree nor disagree,No,No,1 - Not at all,1- Very unlike me,4,3,1- Very unlike me,1- Very unlike me,3,1- Very unlike me,1- Very unlike me,1- Very unlike me,1- Very unlike me,1- Very unlike me,1- Very unlike me,NA,NA,NA,NA,NA,NA,NA,NA,Oregon,7 months to 1 year in jail,Oppose,2,2,1,1,Democrat,Republican,assault
Male,White/Caucasian,"Less than 30,000",4-year College Degree,Democrat,NA,NA,Strong Democrat,59,No,No,Yes,FALSE,TRUE,TRUE,TRUE,TRUE,TRUE,FALSE,TRUE,TRUE,FALSE,100,0,Strongly agree,Somewhat disagree,Neither agree nor disagree,No,No,1 - Not at all,3,5- Very like me,3,4,3,3,4,1- Very unlike me,3,4,4,3,Florida,Strongly oppose,Unjustified,Yes,NA,NA,NA,NA,NA,NA,NA,1,1,1,1,Republican,Democrat,NA
Female,White/Caucasian,"50,000 – 59,999",4-year College Degree,Democrat,NA,NA,Strong Democrat,76,No,No,Yes,FALSE,TRUE,TRUE,TRUE,TRUE,FALSE,TRUE,FALSE,TRUE,TRUE,98,1,Neither agree nor disagree,Somewhat disagree,Neither agree nor disagree,No,No,1 - Not at all,1- Very unlike me,1- Very unlike me,3,1- Very unlike me,1- Very unlike me,2,1- Very unlike me,1- Very unlike me,1- Very unlike me,1- Very unlike me,2,1- Very unlike me,NA,NA,NA,NA,NA,NA,NA,NA,Washington,4 - 30 days in jail,Strongly oppose,2,1,1,1,Republican,Democrat,arson
Female,White/Caucasian,"50,000 – 59,999",4-year College Degree,Democrat,NA,NA,Strong Democrat,65,No,Yes,Yes,FALSE,TRUE,TRUE,FALSE,TRUE,FALSE,FALSE,TRUE,TRUE,FALSE,85,0,Somewhat agree,Somewhat disagree,Neither agree nor disagree,No,No,1 - Not at all,1- Very unlike me,3,4,1- Very unlike me,1- Very unlike me,2,1- Very unlike me,1- Very unlike me,1- Very unlike me,1- Very unlike me,2,1- Very unlike me,Florida,Strongly oppose,Unjustified,Yes,NA,NA,NA,NA,NA,NA,NA,1,2,1,1,Republican,Democrat,NA
Male,White/Caucasian,"50,000 – 59,999",4-year College Degree,Republican,NA,Strong Republican,NA,52,No,No,Yes,TRUE,FALSE,TRUE,FALSE,TRUE,TRUE,FALSE,TRUE,TRUE,TRUE,9,65,Strongly disagree,Somewhat disagree,Neither agree nor disagree,No,No,1 - Not at all,3,3,3,1- Very unlike me,2,3,1- Very unlike me,1- Very unlike me,1- Very unlike me,1- Very unlike me,1- Very unlike me,1- Very unlike me,NA,NA,NA,NA,NA,NA,NA,NA,Washington,Community service,Neither support nor oppose,2,1,2,1,Democrat,Republican,protesting without a permit
Male,White/Caucasian,"100,000 or more",Doctoral Degree,Democrat,NA,NA,Not a strong Democrat,30,Yes,No,Yes,TRUE,TRUE,TRUE,TRUE,TRUE,TRUE,TRUE,FALSE,TRUE,FALSE,100,19,Neither agree nor disagree,Neither agree nor disagree,Neither agree nor disagree,No,No,3,4,3,5- Very like me,1- Very unlike me,5- Very like me,1- Very unlike me,1- Very unlike me,1- Very unlike me,4,5- Very like me,1- Very unlike me,1- Very unlike me,NA,NA,NA,NA,NA,NA,NA,NA,Oregon,2 - 5 years in prison,Support,2,2,1,1,Republican,Democrat,murder
Male,White/Caucasian,"100,000 or more",Masters Degree,Democrat,NA,NA,Strong Democrat,39,NA,NA,NA,NA,NA,NA,NA,NA,NA,NA,NA,NA,NA,,,NA,NA,NA,NA,NA,NA,NA,NA,NA,NA,NA,NA,NA,NA,NA,NA,NA,NA,NA,NA,NA,NA,NA,NA,NA,NA,NA,NA,NA,2,2,2,,NA,NA,NA
Female,White/Caucasian,"Less than 30,000",High School / GED,Republican,NA,Not a strong Republican,NA,28,NA,NA,NA,TRUE,TRUE,FALSE,TRUE,TRUE,FALSE,FALSE,FALSE,FALSE,FALSE,35,75,Neither agree nor disagree,Neither agree nor disagree,Neither agree nor disagree,No,No,1 - Not at all,1- Very unlike me,1- Very unlike me,2,1- Very unlike me,1- Very unlike me,3,1- Very unlike me,1- Very unlike me,1- Very unlike me,1- Very unlike me,1- Very unlike me,1- Very unlike me,NA,NA,NA,NA,Washington,Support,Unjustified,Yes,NA,NA,NA,1,1,2,1,Democrat,Republican,NA
Female,White/Caucasian,"Less than 30,000",4-year College Degree,Republican,NA,Strong Republican,NA,48,No,No,Yes,TRUE,TRUE,TRUE,TRUE,TRUE,FALSE,FALSE,FALSE,FALSE,TRUE,30,80,Neither agree nor disagree,Neither agree nor disagree,Neither agree nor disagree,No,No,1 - Not at all,1- Very unlike me,2,2,2,1- Very unlike me,3,1- Very unlike me,1- Very unlike me,1- Very unlike me,1- Very unlike me,2,1- Very unlike me,NA,NA,NA,NA,Oregon,Oppose,Unjustified,Yes,NA,NA,NA,1,2,2,1,Democrat,Republican,NA
Female,White/Caucasian,"100,000 or more",4-year College Degree,Democrat,NA,NA,Strong Democrat,37,Yes,No,Yes,FALSE,TRUE,FALSE,FALSE,TRUE,TRUE,TRUE,TRUE,TRUE,TRUE,95,8,Neither agree nor disagree,Neither agree nor disagree,Strongly disagree,No,No,1 - Not at all,1- Very unlike me,2,3,1- Very unlike me,4,3,1- Very unlike me,1- Very unlike me,1- Very unlike me,1- Very unlike me,1- Very unlike me,2,NA,NA,NA,NA,NA,NA,NA,NA,NA,NA,NA,1,2,2,,Republican,Democrat,NA
Male,White/Caucasian,"100,000 or more",4-year College Degree,Democrat,NA,NA,Strong Democrat,46,Yes,Yes,Yes,FALSE,TRUE,TRUE,TRUE,TRUE,TRUE,TRUE,TRUE,TRUE,TRUE,91,100,Strongly agree,Strongly disagree,Strongly agree,Yes,Yes,5 - A great deal,5- Very like me,5- Very like me,5- Very like me,5- Very like me,5- Very like me,5- Very like me,5- Very like me,5- Very like me,5- Very like me,5- Very like me,5- Very like me,5- Very like me,Georgia,Strongly support,Justified,Yes,NA,NA,NA,NA,NA,NA,NA,1,1,1,1,Republican,Democrat,NA
Female,White/Caucasian,"100,000 or more",Some College,Republican,NA,Strong Republican,NA,55,NA,NA,NA,FALSE,TRUE,TRUE,TRUE,TRUE,FALSE,TRUE,TRUE,TRUE,FALSE,19,100,Neither agree nor disagree,Strongly agree,Neither agree nor disagree,No,No,1 - Not at all,1- Very unlike me,2,2,1- Very unlike me,1- Very unlike me,1- Very unlike me,1- Very unlike me,1- Very unlike me,1- Very unlike me,1- Very unlike me,1- Very unlike me,1- Very unlike me,NA,NA,NA,NA,NA,NA,NA,NA,Florida,6 - 10 years in prison,Strongly oppose,2,2,1,1,Democrat,Republican,arson
Female,White/Caucasian,"40,000 – 49,999",4-year College Degree,Democrat,NA,NA,Strong Democrat,25,No,Yes,Yes,FALSE,TRUE,TRUE,TRUE,TRUE,TRUE,FALSE,FALSE,TRUE,FALSE,80,5,Strongly agree,Strongly disagree,Neither agree nor disagree,No,Yes,1 - Not at all,1- Very unlike me,3,1- Very unlike me,1- Very unlike me,2,3,1- Very unlike me,1- Very unlike me,1- Very unlike me,1- Very unlike me,3,2,NA,NA,NA,NA,Oregon,Strongly oppose,Unjustified,Yes,NA,NA,NA,1,2,2,1,Republican,Democrat,NA
Male,White/Caucasian,"Less than 30,000",Some College,Democrat,NA,NA,Not a strong Democrat,30,No,No,No,FALSE,FALSE,TRUE,FALSE,TRUE,TRUE,TRUE,TRUE,TRUE,TRUE,66,0,Somewhat agree,Strongly agree,Somewhat agree,No,No,1 - Not at all,4,3,5- Very like me,5- Very like me,3,2,2,2,3,3,4,2,NA,NA,NA,NA,NA,NA,NA,NA,Oregon,More than 20 years in prison,Strongly oppose,2,2,2,1,Republican,Democrat,murder
Female,White/Caucasian,"70,000 – 79,999",Masters Degree,Democrat,NA,NA,Strong Democrat,25,Yes,Yes,Yes,TRUE,FALSE,TRUE,TRUE,FALSE,TRUE,FALSE,TRUE,TRUE,TRUE,94,90,Strongly disagree,Strongly disagree,Strongly disagree,No,No,3,2,2,4,2,1- Very unlike me,4,1- Very unlike me,1- Very unlike me,1- Very unlike me,1- Very unlike me,2,1- Very unlike me,NA,NA,NA,NA,NA,NA,NA,NA,Oregon,2 - 5 years in prison,Strongly support,2,1,1,1,Republican,Democrat,arson
Male,White/Caucasian,"30,000 – 39,999",2-year College Degree,Republican,NA,Strong Republican,NA,41,NA,NA,NA,NA,NA,NA,NA,NA,NA,NA,NA,NA,NA,,,NA,NA,NA,NA,NA,NA,NA,NA,NA,NA,NA,NA,NA,NA,NA,NA,NA,NA,NA,NA,NA,NA,NA,NA,NA,NA,NA,NA,NA,2,2,1,,NA,NA,NA
Female,White/Caucasian,"100,000 or more",Masters Degree,Republican,NA,Not a strong Republican,NA,59,No,Yes,Yes,FALSE,FALSE,TRUE,TRUE,TRUE,TRUE,FALSE,FALSE,TRUE,FALSE,9,33,Neither agree nor disagree,Strongly disagree,Neither agree nor disagree,No,No,1 - Not at all,1- Very unlike me,5- Very like me,2,1- Very unlike me,3,1- Very unlike me,2,1- Very unlike me,2,2,1- Very unlike me,1- Very unlike me,Florida,Strongly oppose,Unjustified,Yes,NA,NA,NA,NA,NA,NA,NA,1,1,1,1,Democrat,Republican,NA
Female,White/Caucasian,"40,000 – 49,999",Some College,Democrat,NA,NA,Strong Democrat,64,NA,NA,NA,TRUE,TRUE,TRUE,TRUE,TRUE,FALSE,FALSE,FALSE,FALSE,FALSE,100,60,Strongly disagree,Strongly disagree,Neither agree nor disagree,No,No,1 - Not at all,1- Very unlike me,1- Very unlike me,1- Very unlike me,1- Very unlike me,1- Very unlike me,1- Very unlike me,1- Very unlike me,1- Very unlike me,1- Very unlike me,1- Very unlike me,1- Very unlike me,1- Very unlike me,NA,NA,NA,NA,California,Oppose,Unjustified,Yes,NA,NA,NA,1,1,2,1,Republican,Democrat,NA
Male,White/Caucasian,"Less than 30,000",Some College,Democrat,NA,NA,Strong Democrat,67,NA,NA,NA,FALSE,TRUE,TRUE,TRUE,TRUE,FALSE,FALSE,TRUE,FALSE,FALSE,100,41,Neither agree nor disagree,Somewhat disagree,NA,No,Yes,1 - Not at all,4,1- Very unlike me,5- Very like me,1- Very unlike me,1- Very unlike me,3,3,1- Very unlike me,1- Very unlike me,1- Very unlike me,3,2,Florida,Strongly oppose,Unjustified,Yes,NA,NA,NA,NA,NA,NA,NA,1,2,1,1,Republican,Democrat,NA
Male,White/Caucasian,"30,000 – 39,999",High School / GED,Republican,NA,Strong Republican,NA,52,No,No,Yes,FALSE,TRUE,TRUE,TRUE,TRUE,FALSE,FALSE,TRUE,TRUE,FALSE,0,100,Somewhat agree,Strongly agree,Neither agree nor disagree,Yes,No,3,3,5- Very like me,1- Very unlike me,5- Very like me,3,1- Very unlike me,1- Very unlike me,5- Very like me,4,1- Very unlike me,1- Very unlike me,1- Very unlike me,NA,NA,NA,NA,NA,NA,NA,NA,Alaska,Community service,Strongly support,2,2,2,1,Democrat,Republican,vandalism
Male,White/Caucasian,"100,000 or more",Masters Degree,Democrat,NA,NA,Strong Democrat,36,NA,NA,NA,NA,NA,NA,NA,NA,NA,NA,NA,NA,NA,,,NA,NA,NA,NA,NA,NA,NA,NA,NA,NA,NA,NA,NA,NA,NA,NA,NA,NA,NA,NA,NA,NA,NA,NA,NA,NA,NA,NA,NA,1,1,2,,NA,NA,NA
Male,White/Caucasian,"40,000 – 49,999",Some College,Republican,NA,Strong Republican,NA,55,No,Yes,Yes,FALSE,TRUE,TRUE,TRUE,TRUE,TRUE,TRUE,TRUE,FALSE,TRUE,0,29,Somewhat agree,Strongly disagree,Somewhat disagree,No,No,2,3,4,3,1- Very unlike me,2,3,1- Very unlike me,1- Very unlike me,2,1- Very unlike me,3,2,NA,NA,NA,NA,NA,NA,NA,NA,Oregon,6 - 10 years in prison,Oppose,2,1,1,1,Democrat,Republican,arson
Male,White/Caucasian,"100,000 or more","Professional Degree (JD, MD)",Democrat,NA,NA,Strong Democrat,46,NA,NA,NA,NA,NA,NA,NA,NA,NA,NA,NA,NA,NA,,,NA,NA,NA,NA,NA,NA,NA,NA,NA,NA,NA,NA,NA,NA,NA,NA,NA,NA,NA,NA,NA,NA,NA,NA,NA,NA,NA,NA,NA,1,2,1,2,NA,NA,NA
Male,White/Caucasian,"100,000 or more",Masters Degree,Republican,NA,Not a strong Republican,NA,70,Yes,Yes,No,FALSE,TRUE,TRUE,TRUE,TRUE,FALSE,TRUE,TRUE,FALSE,TRUE,30,72,Somewhat agree,Strongly disagree,Neither agree nor disagree,No,No,1 - Not at all,1- Very unlike me,3,3,1- Very unlike me,2,1- Very unlike me,1- Very unlike me,1- Very unlike me,1- Very unlike me,1- Very unlike me,1- Very unlike me,1- Very unlike me,Florida,Strongly oppose,Unjustified,Yes,NA,NA,NA,NA,NA,NA,NA,1,2,1,1,Democrat,Republican,NA
Male,White/Caucasian,"50,000 – 59,999",4-year College Degree,Republican,NA,Strong Republican,NA,71,NA,NA,NA,FALSE,FALSE,TRUE,TRUE,TRUE,TRUE,FALSE,FALSE,TRUE,FALSE,19,75,Strongly disagree,Strongly disagree,Strongly disagree,No,No,1 - Not at all,2,3,2,1- Very unlike me,2,3,1- Very unlike me,1- Very unlike me,1- Very unlike me,1- Very unlike me,1- Very unlike me,1- Very unlike me,NA,NA,NA,NA,Oregon,Strongly oppose,Unjustified,Yes,NA,NA,NA,1,1,2,1,Democrat,Republican,NA
Female,White/Caucasian,"60,000 – 69,999",Some College,Republican,NA,Strong Republican,NA,64,No,Yes,Yes,FALSE,TRUE,TRUE,TRUE,TRUE,TRUE,FALSE,FALSE,FALSE,FALSE,0,100,Neither agree nor disagree,Somewhat agree,Neither agree nor disagree,No,No,1 - Not at all,1- Very unlike me,2,2,1- Very unlike me,1- Very unlike me,1- Very unlike me,1- Very unlike me,1- Very unlike me,1- Very unlike me,1- Very unlike me,1- Very unlike me,1- Very unlike me,NA,NA,NA,NA,Oregon,Strongly oppose,Unjustified,No,NA,NA,NA,1,2,2,1,Democrat,Republican,NA
Male,White/Caucasian,"70,000 – 79,999",Masters Degree,Democrat,NA,NA,Strong Democrat,36,NA,NA,NA,NA,NA,NA,NA,NA,NA,NA,NA,NA,NA,,,NA,NA,NA,NA,NA,NA,NA,NA,NA,NA,NA,NA,NA,NA,NA,NA,NA,NA,NA,NA,NA,NA,NA,NA,NA,NA,NA,NA,NA,2,1,2,,NA,NA,NA
Female,White/Caucasian,"Less than 30,000",Less than High School,Republican,NA,Not a strong Republican,NA,32,No,No,No,FALSE,FALSE,FALSE,FALSE,TRUE,FALSE,FALSE,FALSE,FALSE,FALSE,12,45,Neither agree nor disagree,Somewhat agree,Neither agree nor disagree,No,No,2,1- Very unlike me,1- Very unlike me,2,2,1- Very unlike me,1- Very unlike me,3,2,2,2,2,2,Texas,Neither support nor oppose,Unjustified,No,NA,NA,NA,NA,NA,NA,NA,1,1,1,1,Democrat,Republican,NA
Female,White/Caucasian,"Less than 30,000",Some College,Republican,NA,Strong Republican,NA,48,NA,NA,NA,NA,NA,NA,NA,NA,NA,NA,NA,NA,NA,,,NA,NA,NA,NA,NA,NA,NA,NA,NA,NA,NA,NA,NA,NA,NA,NA,NA,NA,NA,NA,NA,NA,NA,NA,NA,NA,NA,NA,NA,1,2,1,2,NA,NA,NA
Female,White/Caucasian,"80,000 – 89,999",Some College,Democrat,NA,NA,Strong Democrat,21,No,Yes,Yes,FALSE,TRUE,TRUE,TRUE,TRUE,FALSE,TRUE,TRUE,TRUE,TRUE,81,0,Somewhat agree,Somewhat disagree,Somewhat disagree,No,Yes,3,5- Very like me,4,3,4,4,2,3,2,4,5- Very like me,5- Very like me,4,Florida,Oppose,Unjustified,Yes,NA,NA,NA,NA,NA,NA,NA,1,2,1,1,Republican,Democrat,NA
Female,White/Caucasian,"70,000 – 79,999",High School / GED,Republican,NA,Strong Republican,NA,61,No,No,Yes,FALSE,TRUE,TRUE,FALSE,TRUE,TRUE,FALSE,TRUE,TRUE,FALSE,0,98,Neither agree nor disagree,Neither agree nor disagree,Neither agree nor disagree,No,No,1 - Not at all,1- Very unlike me,2,2,1- Very unlike me,1- Very unlike me,4,3,1- Very unlike me,1- Very unlike me,1- Very unlike me,3,1- Very unlike me,NA,NA,NA,NA,Oregon,Strongly oppose,Unjustified,Yes,NA,NA,NA,1,1,2,1,Democrat,Republican,NA
Female,White/Caucasian,"50,000 – 59,999",Some College,Independent,Neither,NA,NA,NA,NA,NA,NA,NA,NA,NA,NA,NA,NA,NA,NA,NA,NA,,,NA,NA,NA,NA,NA,NA,NA,NA,NA,NA,NA,NA,NA,NA,NA,NA,NA,NA,NA,NA,NA,NA,NA,NA,NA,NA,NA,NA,NA,2,1,2,2,NA,NA,NA
Male,White/Caucasian,"30,000 – 39,999",High School / GED,Republican,NA,Strong Republican,NA,66,NA,NA,NA,NA,NA,NA,NA,NA,NA,NA,NA,NA,NA,,,NA,NA,NA,NA,NA,NA,NA,NA,NA,NA,NA,NA,NA,NA,NA,NA,NA,NA,NA,NA,NA,NA,NA,NA,NA,NA,NA,NA,NA,2,1,1,2,NA,NA,NA
Male,White/Caucasian,"30,000 – 39,999",4-year College Degree,Republican,NA,Strong Republican,NA,77,No,Yes,Yes,FALSE,TRUE,TRUE,TRUE,TRUE,TRUE,FALSE,TRUE,TRUE,TRUE,32,82,Neither agree nor disagree,Somewhat disagree,Neither agree nor disagree,No,No,1 - Not at all,1- Very unlike me,4,1- Very unlike me,1- Very unlike me,3,1- Very unlike me,1- Very unlike me,1- Very unlike me,2,1- Very unlike me,2,1- Very unlike me,Florida,Strongly oppose,Unjustified,Yes,NA,NA,NA,NA,NA,NA,NA,1,1,1,1,Democrat,Republican,NA
Male,White/Caucasian,"40,000 – 49,999",2-year College Degree,Republican,NA,Strong Republican,NA,71,NA,NA,NA,FALSE,TRUE,TRUE,TRUE,TRUE,TRUE,FALSE,FALSE,TRUE,FALSE,69,92,Strongly disagree,Strongly disagree,Neither agree nor disagree,No,No,1 - Not at all,3,3,2,2,2,3,1- Very unlike me,1- Very unlike me,3,1- Very unlike me,1- Very unlike me,1- Very unlike me,NA,NA,NA,NA,NA,NA,NA,NA,Alaska,More than 20 years in prison,Strongly oppose,2,1,2,1,Democrat,Republican,murder
Female,White/Caucasian,"100,000 or more",4-year College Degree,Democrat,NA,NA,Not a strong Democrat,48,No,No,Yes,FALSE,FALSE,TRUE,TRUE,TRUE,TRUE,TRUE,TRUE,TRUE,FALSE,85,22,Somewhat agree,Neither agree nor disagree,Neither agree nor disagree,No,No,1 - Not at all,2,3,3,2,2,3,2,1- Very unlike me,1- Very unlike me,2,3,1- Very unlike me,Florida,Strongly oppose,Unjustified,Yes,NA,NA,NA,NA,NA,NA,NA,1,2,1,1,Republican,Democrat,NA
Male,White/Caucasian,"100,000 or more",4-year College Degree,Republican,NA,Strong Republican,NA,43,No,No,Yes,FALSE,TRUE,TRUE,TRUE,TRUE,TRUE,TRUE,FALSE,TRUE,FALSE,82,97,Neither agree nor disagree,Neither agree nor disagree,Somewhat agree,No,No,3,3,4,4,4,3,4,4,3,4,3,4,3,NA,NA,NA,NA,NA,NA,NA,NA,NA,NA,NA,1,1,2,,Democrat,Republican,NA
Male,White/Caucasian,"40,000 – 49,999",Some College,Republican,NA,Not a strong Republican,NA,73,No,No,Yes,FALSE,TRUE,TRUE,FALSE,TRUE,TRUE,FALSE,TRUE,FALSE,TRUE,40,30,Neither agree nor disagree,Strongly disagree,Neither agree nor disagree,No,Yes,1 - Not at all,1- Very unlike me,3,1- Very unlike me,1- Very unlike me,3,1- Very unlike me,1- Very unlike me,1- Very unlike me,1- Very unlike me,1- Very unlike me,1- Very unlike me,1- Very unlike me,NA,NA,NA,NA,Oregon,Support,Unjustified,Yes,NA,NA,NA,1,2,2,1,Democrat,Republican,NA
Male,White/Caucasian,"80,000 – 89,999",4-year College Degree,Republican,NA,Not a strong Republican,NA,73,No,Yes,Yes,FALSE,TRUE,TRUE,TRUE,TRUE,FALSE,FALSE,TRUE,FALSE,TRUE,19,86,Strongly disagree,Neither agree nor disagree,Neither agree nor disagree,No,No,1 - Not at all,3,4,1- Very unlike me,2,2,3,4,1- Very unlike me,4,2,3,1- Very unlike me,Florida,Strongly oppose,Unjustified,Yes,NA,NA,NA,NA,NA,NA,NA,1,2,1,1,Democrat,Republican,NA
Male,White/Caucasian,"80,000 – 89,999",4-year College Degree,Democrat,NA,NA,Strong Democrat,58,No,No,Yes,FALSE,FALSE,TRUE,FALSE,FALSE,TRUE,FALSE,TRUE,TRUE,TRUE,82,0,Neither agree nor disagree,Somewhat disagree,Neither agree nor disagree,No,Yes,1 - Not at all,3,2,5- Very like me,2,2,5- Very like me,2,1- Very unlike me,1- Very unlike me,1- Very unlike me,2,3,NA,NA,NA,NA,Washington,Support,Unjustified,Yes,NA,NA,NA,1,1,2,1,Republican,Democrat,NA
Male,White/Caucasian,"40,000 – 49,999",Some College,Republican,NA,Strong Republican,NA,53,No,No,Yes,FALSE,FALSE,TRUE,FALSE,TRUE,TRUE,TRUE,TRUE,TRUE,TRUE,0,100,Neither agree nor disagree,Strongly agree,Neither agree nor disagree,No,No,3,4,2,4,4,4,4,2,2,4,2,1- Very unlike me,1- Very unlike me,NA,NA,NA,NA,NA,NA,NA,NA,Florida,Community service,Strongly support,2,1,2,1,Democrat,Republican,protesting without a permit
Male,White/Caucasian,"100,000 or more",Some College,Republican,NA,Strong Republican,NA,64,No,No,Yes,TRUE,TRUE,TRUE,TRUE,TRUE,FALSE,FALSE,FALSE,FALSE,FALSE,65,80,Strongly disagree,Strongly disagree,Strongly disagree,No,No,1 - Not at all,1- Very unlike me,2,1- Very unlike me,1- Very unlike me,1- Very unlike me,1- Very unlike me,1- Very unlike me,1- Very unlike me,1- Very unlike me,1- Very unlike me,1- Very unlike me,1- Very unlike me,Georgia,Neither support nor oppose,Unjustified,Yes,NA,NA,NA,NA,NA,NA,NA,1,1,1,1,Democrat,Republican,NA
Female,White/Caucasian,"Less than 30,000",2-year College Degree,Democrat,NA,NA,Strong Democrat,56,No,No,Yes,FALSE,TRUE,TRUE,TRUE,TRUE,FALSE,TRUE,TRUE,TRUE,TRUE,100,45,Neither agree nor disagree,Strongly disagree,Strongly disagree,No,No,1 - Not at all,2,3,1- Very unlike me,2,2,2,1- Very unlike me,2,3,2,2,2,Florida,Strongly oppose,Unjustified,Yes,NA,NA,NA,NA,NA,NA,NA,1,2,1,1,Republican,Democrat,NA
Male,White/Caucasian,"50,000 – 59,999",4-year College Degree,Democrat,NA,NA,Strong Democrat,73,No,No,Yes,TRUE,TRUE,TRUE,TRUE,TRUE,FALSE,FALSE,FALSE,TRUE,TRUE,84,22,Neither agree nor disagree,Somewhat disagree,Neither agree nor disagree,No,No,1 - Not at all,1- Very unlike me,2,3,1- Very unlike me,1- Very unlike me,3,2,1- Very unlike me,1- Very unlike me,1- Very unlike me,2,1- Very unlike me,South Carolina,Neither support nor oppose,Unjustified,Yes,NA,NA,NA,NA,NA,NA,NA,1,2,1,1,Republican,Democrat,NA
Female,White/Caucasian,"40,000 – 49,999",High School / GED,Republican,NA,Strong Republican,NA,49,NA,NA,NA,TRUE,FALSE,TRUE,TRUE,TRUE,FALSE,FALSE,FALSE,FALSE,FALSE,79,79,Strongly agree,Strongly agree,Strongly agree,No,No,3,1- Very unlike me,1- Very unlike me,3,1- Very unlike me,1- Very unlike me,1- Very unlike me,1- Very unlike me,1- Very unlike me,1- Very unlike me,1- Very unlike me,1- Very unlike me,1- Very unlike me,NA,NA,NA,NA,Arizona,Neither support nor oppose,Justified,Yes,NA,NA,NA,1,2,2,1,Democrat,Republican,NA
Male,White/Caucasian,"Less than 30,000",4-year College Degree,Republican,NA,Not a strong Republican,NA,62,No,No,Yes,FALSE,TRUE,TRUE,TRUE,FALSE,TRUE,FALSE,TRUE,TRUE,TRUE,19,71,Neither agree nor disagree,Strongly disagree,Neither agree nor disagree,No,No,1 - Not at all,4,5- Very like me,2,3,2,1- Very unlike me,2,1- Very unlike me,3,2,1- Very unlike me,1- Very unlike me,Florida,Strongly oppose,Unjustified,Yes,NA,NA,NA,NA,NA,NA,NA,1,1,1,1,Democrat,Republican,NA
Male,White/Caucasian,"100,000 or more",4-year College Degree,Democrat,NA,NA,Strong Democrat,46,Yes,Yes,Yes,TRUE,TRUE,TRUE,TRUE,TRUE,TRUE,TRUE,TRUE,TRUE,TRUE,100,16,Strongly agree,Strongly disagree,Strongly agree,Yes,Yes,5 - A great deal,5- Very like me,5- Very like me,5- Very like me,5- Very like me,5- Very like me,5- Very like me,5- Very like me,1- Very unlike me,5- Very like me,5- Very like me,5- Very like me,5- Very like me,NA,NA,NA,NA,NA,NA,NA,NA,Louisiana,11 - 15 years in prison,Strongly support,2,1,1,1,Republican,Democrat,assault with a deadly weapon
Male,White/Caucasian,"90,000 – 99,999",4-year College Degree,Independent,Neither,NA,NA,NA,NA,NA,NA,NA,NA,NA,NA,NA,NA,NA,NA,NA,NA,,,NA,NA,NA,NA,NA,NA,NA,NA,NA,NA,NA,NA,NA,NA,NA,NA,NA,NA,NA,NA,NA,NA,NA,NA,NA,NA,NA,NA,NA,2,2,1,2,NA,NA,NA
Male,White/Caucasian,"50,000 – 59,999",Masters Degree,Republican,NA,Not a strong Republican,NA,52,NA,NA,NA,NA,NA,NA,NA,NA,NA,NA,NA,NA,NA,,,NA,NA,NA,NA,NA,NA,NA,NA,NA,NA,NA,NA,NA,NA,NA,NA,NA,NA,NA,NA,NA,NA,NA,NA,NA,NA,NA,NA,NA,2,1,1,2,NA,NA,NA
Male,White/Caucasian,"Less than 30,000",Some College,Republican,NA,Not a strong Republican,NA,50,No,No,Yes,FALSE,TRUE,TRUE,TRUE,TRUE,FALSE,FALSE,TRUE,TRUE,FALSE,37,70,Somewhat agree,Neither agree nor disagree,Somewhat agree,No,No,1 - Not at all,2,4,4,3,3,4,3,2,3,3,3,4,NA,NA,NA,NA,Oregon,Neither support nor oppose,Unjustified,Yes,NA,NA,NA,1,2,2,1,Democrat,Republican,NA
Male,White/Caucasian,"40,000 – 49,999",2-year College Degree,Democrat,NA,NA,Not a strong Democrat,72,No,No,Yes,FALSE,TRUE,TRUE,TRUE,TRUE,TRUE,FALSE,FALSE,FALSE,TRUE,90,60,Neither agree nor disagree,Somewhat agree,Neither agree nor disagree,No,Yes,1 - Not at all,2,3,4,2,1- Very unlike me,3,4,1- Very unlike me,3,2,3,4,NA,NA,NA,NA,Oregon,Oppose,Unjustified,Yes,NA,NA,NA,1,2,2,1,Republican,Democrat,NA
Female,White/Caucasian,"80,000 – 89,999",Some College,Democrat,NA,NA,Strong Democrat,81,No,No,Yes,TRUE,TRUE,TRUE,FALSE,TRUE,TRUE,TRUE,TRUE,FALSE,FALSE,100,20,Somewhat disagree,Strongly disagree,Somewhat agree,No,No,1 - Not at all,1- Very unlike me,3,1- Very unlike me,1- Very unlike me,1- Very unlike me,2,1- Very unlike me,1- Very unlike me,1- Very unlike me,1- Very unlike me,1- Very unlike me,1- Very unlike me,NA,NA,NA,NA,Oregon,Strongly oppose,Unjustified,Yes,NA,NA,NA,1,2,2,1,Republican,Democrat,NA
Female,White/Caucasian,"Less than 30,000",4-year College Degree,Democrat,NA,NA,Strong Democrat,75,No,No,Yes,FALSE,FALSE,TRUE,TRUE,TRUE,FALSE,FALSE,TRUE,FALSE,TRUE,91,52,Neither agree nor disagree,Strongly disagree,Neither agree nor disagree,Yes,Yes,1 - Not at all,1- Very unlike me,1- Very unlike me,1- Very unlike me,1- Very unlike me,1- Very unlike me,2,1- Very unlike me,1- Very unlike me,1- Very unlike me,1- Very unlike me,1- Very unlike me,1- Very unlike me,NA,NA,NA,NA,Oregon,Strongly support,Unjustified,Yes,NA,NA,NA,1,1,2,1,Republican,Democrat,NA
Female,White/Caucasian,"40,000 – 49,999",4-year College Degree,NA,NA,NA,NA,NA,NA,NA,NA,NA,NA,NA,NA,NA,NA,NA,NA,NA,NA,,,NA,NA,NA,NA,NA,NA,NA,NA,NA,NA,NA,NA,NA,NA,NA,NA,NA,NA,NA,NA,NA,NA,NA,NA,NA,NA,NA,NA,NA,1,1,1,,NA,NA,NA
Male,White/Caucasian,"Less than 30,000",Masters Degree,Republican,NA,Strong Republican,NA,79,No,Yes,Yes,FALSE,TRUE,TRUE,TRUE,TRUE,FALSE,FALSE,FALSE,FALSE,FALSE,30,81,Somewhat agree,Strongly disagree,Strongly disagree,No,No,1 - Not at all,3,3,1- Very unlike me,1- Very unlike me,1- Very unlike me,1- Very unlike me,1- Very unlike me,1- Very unlike me,3,1- Very unlike me,1- Very unlike me,1- Very unlike me,Florida,Strongly oppose,Unjustified,Yes,NA,NA,NA,NA,NA,NA,NA,1,1,1,1,Democrat,Republican,NA
Male,White/Caucasian,"30,000 – 39,999",Some College,Republican,NA,Strong Republican,NA,58,No,No,Yes,TRUE,FALSE,TRUE,FALSE,TRUE,FALSE,TRUE,TRUE,FALSE,FALSE,0,100,Somewhat agree,Somewhat agree,Neither agree nor disagree,Yes,No,3,4,3,1- Very unlike me,3,3,1- Very unlike me,5- Very like me,4,3,4,1- Very unlike me,4,NA,NA,NA,NA,Oregon,Strongly oppose,Unjustified,Yes,NA,NA,NA,1,2,2,1,Democrat,Republican,NA
Male,White/Caucasian,"50,000 – 59,999",4-year College Degree,Republican,NA,Not a strong Republican,NA,67,NA,NA,NA,NA,NA,NA,NA,NA,NA,NA,NA,NA,NA,,,NA,NA,NA,NA,NA,NA,NA,NA,NA,NA,NA,NA,NA,NA,NA,NA,NA,NA,NA,NA,NA,NA,NA,NA,NA,NA,NA,NA,NA,1,1,1,2,NA,NA,NA
Male,White/Caucasian,"100,000 or more",4-year College Degree,Democrat,NA,NA,Strong Democrat,69,No,Yes,Yes,FALSE,TRUE,TRUE,TRUE,TRUE,TRUE,FALSE,FALSE,TRUE,TRUE,97,14,Neither agree nor disagree,Somewhat disagree,Neither agree nor disagree,No,No,1 - Not at all,2,1- Very unlike me,3,1- Very unlike me,2,2,2,1- Very unlike me,1- Very unlike me,1- Very unlike me,1- Very unlike me,1- Very unlike me,NA,NA,NA,NA,NA,NA,NA,NA,California,Community service,Neither support nor oppose,2,2,1,1,Republican,Democrat,vandalism
Male,White/Caucasian,"70,000 – 79,999",4-year College Degree,Republican,NA,Not a strong Republican,NA,54,No,No,Yes,TRUE,TRUE,TRUE,TRUE,TRUE,TRUE,TRUE,FALSE,TRUE,TRUE,19,55,Neither agree nor disagree,Somewhat agree,Neither agree nor disagree,No,No,1 - Not at all,2,3,2,3,1- Very unlike me,2,5- Very like me,1- Very unlike me,2,4,4,3,NA,NA,NA,NA,NA,NA,NA,NA,Washington,6 - 10 years in prison,Strongly oppose,2,1,1,1,Democrat,Republican,arson
Male,White/Caucasian,"Less than 30,000",2-year College Degree,Republican,NA,Not a strong Republican,NA,63,NA,NA,NA,NA,NA,NA,NA,NA,NA,NA,NA,NA,NA,,,NA,NA,NA,NA,NA,NA,NA,NA,NA,NA,NA,NA,NA,NA,NA,NA,NA,NA,NA,NA,NA,NA,NA,NA,NA,NA,NA,NA,NA,1,2,1,2,NA,NA,NA
Male,White/Caucasian,"50,000 – 59,999",Less than High School,Republican,NA,Strong Republican,NA,55,NA,NA,NA,NA,NA,NA,NA,NA,NA,NA,NA,NA,NA,,,NA,NA,NA,NA,NA,NA,NA,NA,NA,NA,NA,NA,NA,NA,NA,NA,NA,NA,NA,NA,NA,NA,NA,NA,NA,NA,NA,NA,NA,1,1,1,2,NA,NA,NA
Female,White/Caucasian,"80,000 – 89,999",Some College,Independent,Democratic Party,NA,NA,55,NA,NA,NA,FALSE,FALSE,TRUE,FALSE,TRUE,FALSE,FALSE,FALSE,TRUE,FALSE,62,18,Somewhat agree,Neither agree nor disagree,Neither agree nor disagree,No,No,1 - Not at all,2,3,4,1- Very unlike me,1- Very unlike me,4,1- Very unlike me,1- Very unlike me,1- Very unlike me,1- Very unlike me,2,1- Very unlike me,NA,NA,NA,NA,Idaho,Strongly oppose,Unjustified,Yes,NA,NA,NA,1,1,2,1,Republican,Democrat,NA
Male,White/Caucasian,"100,000 or more",Masters Degree,Democrat,NA,NA,Not a strong Democrat,63,No,No,Yes,TRUE,TRUE,TRUE,TRUE,TRUE,FALSE,TRUE,FALSE,FALSE,FALSE,92,7,Neither agree nor disagree,Strongly disagree,Neither agree nor disagree,No,No,1 - Not at all,1- Very unlike me,1- Very unlike me,2,1- Very unlike me,1- Very unlike me,3,1- Very unlike me,1- Very unlike me,1- Very unlike me,1- Very unlike me,1- Very unlike me,1- Very unlike me,NA,NA,NA,NA,NA,NA,NA,NA,Oregon,6 - 10 years in prison,Strongly oppose,2,1,2,1,Republican,Democrat,arson
Female,White/Caucasian,"60,000 – 69,999",4-year College Degree,Democrat,NA,NA,Strong Democrat,53,No,No,Yes,FALSE,TRUE,TRUE,TRUE,TRUE,FALSE,FALSE,FALSE,FALSE,FALSE,59,0,Neither agree nor disagree,Strongly disagree,Neither agree nor disagree,No,No,1 - Not at all,1- Very unlike me,4,5- Very like me,1- Very unlike me,1- Very unlike me,4,1- Very unlike me,1- Very unlike me,1- Very unlike me,1- Very unlike me,2,1- Very unlike me,Florida,Strongly oppose,Unjustified,Yes,NA,NA,NA,NA,NA,NA,NA,1,1,1,1,Republican,Democrat,NA
Female,White/Caucasian,"30,000 – 39,999",Some College,Republican,NA,Not a strong Republican,NA,72,No,No,Yes,FALSE,TRUE,TRUE,TRUE,TRUE,FALSE,FALSE,FALSE,FALSE,FALSE,60,29,Neither agree nor disagree,Strongly disagree,Strongly disagree,No,No,2,1- Very unlike me,1- Very unlike me,1- Very unlike me,1- Very unlike me,1- Very unlike me,1- Very unlike me,1- Very unlike me,1- Very unlike me,1- Very unlike me,1- Very unlike me,1- Very unlike me,1- Very unlike me,NA,NA,NA,NA,Oregon,Strongly oppose,Unjustified,Yes,NA,NA,NA,1,1,2,1,Democrat,Republican,NA
Female,White/Caucasian,"80,000 – 89,999",4-year College Degree,Democrat,NA,NA,Not a strong Democrat,63,No,No,Yes,FALSE,TRUE,TRUE,TRUE,TRUE,FALSE,FALSE,TRUE,FALSE,FALSE,64,21,Neither agree nor disagree,Strongly disagree,Strongly disagree,No,No,1 - Not at all,3,2,1- Very unlike me,4,1- Very unlike me,1- Very unlike me,1- Very unlike me,1- Very unlike me,1- Very unlike me,1- Very unlike me,1- Very unlike me,1- Very unlike me,NA,NA,NA,NA,NA,NA,NA,NA,California,More than 20 years in prison,Strongly oppose,2,2,1,1,Republican,Democrat,murder
Male,White/Caucasian,"100,000 or more",Masters Degree,Republican,NA,Strong Republican,NA,61,NA,NA,NA,FALSE,TRUE,TRUE,FALSE,TRUE,TRUE,TRUE,TRUE,TRUE,FALSE,75,68,Somewhat agree,Somewhat agree,Somewhat agree,No,No,1 - Not at all,4,2,2,1- Very unlike me,1- Very unlike me,1- Very unlike me,1- Very unlike me,1- Very unlike me,2,1- Very unlike me,1- Very unlike me,1- Very unlike me,NA,NA,NA,NA,NA,NA,NA,NA,California,4 - 30 days in jail,Neither support nor oppose,2,2,1,1,Democrat,Republican,assault
Female,White/Caucasian,"30,000 – 39,999",High School / GED,Independent,Republican Party,NA,NA,53,No,No,Yes,FALSE,TRUE,TRUE,TRUE,TRUE,FALSE,FALSE,TRUE,FALSE,FALSE,11,67,Somewhat disagree,Neither agree nor disagree,Neither agree nor disagree,No,No,1 - Not at all,1- Very unlike me,1- Very unlike me,3,1- Very unlike me,5- Very like me,2,2,1- Very unlike me,1- Very unlike me,1- Very unlike me,1- Very unlike me,1- Very unlike me,NA,NA,NA,NA,Oregon,Support,Unjustified,Yes,NA,NA,NA,1,2,2,1,Democrat,Republican,NA
Female,White/Caucasian,"Less than 30,000",Some College,Democrat,NA,NA,Strong Democrat,58,No,Yes,Yes,FALSE,TRUE,TRUE,TRUE,FALSE,FALSE,FALSE,TRUE,TRUE,FALSE,100,0,Neither agree nor disagree,Somewhat agree,Neither agree nor disagree,No,No,2,1- Very unlike me,3,1- Very unlike me,2,2,2,1- Very unlike me,1- Very unlike me,1- Very unlike me,1- Very unlike me,2,1- Very unlike me,Florida,Oppose,Unjustified,Yes,NA,NA,NA,NA,NA,NA,NA,1,1,1,1,Republican,Democrat,NA
Female,White/Caucasian,"40,000 – 49,999",High School / GED,Democrat,NA,NA,Strong Democrat,59,NA,NA,NA,TRUE,TRUE,FALSE,TRUE,TRUE,FALSE,FALSE,TRUE,TRUE,TRUE,95,20,Neither agree nor disagree,Neither agree nor disagree,Somewhat agree,No,No,5 - A great deal,4,3,3,4,5- Very like me,5- Very like me,2,1- Very unlike me,1- Very unlike me,1- Very unlike me,2,2,NA,NA,NA,NA,Washington,Neither support nor oppose,Unjustified,Yes,NA,NA,NA,1,1,2,1,Republican,Democrat,NA
Male,White/Caucasian,"60,000 – 69,999",4-year College Degree,Republican,NA,Strong Republican,NA,62,No,No,Yes,FALSE,FALSE,TRUE,TRUE,TRUE,FALSE,FALSE,TRUE,TRUE,TRUE,20,80,Neither agree nor disagree,Neither agree nor disagree,Neither agree nor disagree,No,No,3,1- Very unlike me,2,3,2,2,2,2,1- Very unlike me,1- Very unlike me,2,3,1- Very unlike me,Florida,Strongly oppose,Unjustified,Yes,NA,NA,NA,NA,NA,NA,NA,1,2,1,1,Democrat,Republican,NA
Female,White/Caucasian,"100,000 or more",2-year College Degree,Republican,NA,Strong Republican,NA,60,No,No,No,TRUE,TRUE,TRUE,TRUE,TRUE,FALSE,FALSE,TRUE,FALSE,FALSE,10,88,Neither agree nor disagree,Strongly disagree,Strongly disagree,No,No,1 - Not at all,3,3,3,3,1- Very unlike me,2,1- Very unlike me,1- Very unlike me,1- Very unlike me,1- Very unlike me,2,1- Very unlike me,NA,NA,NA,NA,NA,NA,NA,NA,California,2 - 5 years in prison,Strongly oppose,2,1,1,1,Democrat,Republican,arson
Female,White/Caucasian,"Less than 30,000",Some College,Republican,NA,Strong Republican,NA,65,NA,NA,NA,NA,NA,NA,NA,NA,NA,NA,NA,NA,NA,,,NA,NA,NA,NA,NA,NA,NA,NA,NA,NA,NA,NA,NA,NA,NA,NA,NA,NA,NA,NA,NA,NA,NA,NA,NA,NA,NA,NA,NA,2,1,2,2,NA,NA,NA
Female,White/Caucasian,"Less than 30,000",Some College,Republican,NA,Strong Republican,NA,71,No,No,Yes,TRUE,TRUE,TRUE,TRUE,TRUE,TRUE,FALSE,TRUE,FALSE,TRUE,12,100,Strongly disagree,Strongly disagree,Strongly disagree,No,No,1 - Not at all,1- Very unlike me,1- Very unlike me,4,1- Very unlike me,1- Very unlike me,2,1- Very unlike me,1- Very unlike me,1- Very unlike me,1- Very unlike me,1- Very unlike me,1- Very unlike me,Florida,Strongly oppose,Unjustified,Yes,NA,NA,NA,NA,NA,NA,NA,1,2,1,1,Democrat,Republican,NA
Female,White/Caucasian,"Less than 30,000",2-year College Degree,Republican,NA,Strong Republican,NA,52,No,No,Yes,TRUE,TRUE,TRUE,TRUE,TRUE,TRUE,FALSE,FALSE,TRUE,TRUE,0,100,Strongly agree,Strongly agree,Strongly agree,No,No,1 - Not at all,1- Very unlike me,1- Very unlike me,5- Very like me,1- Very unlike me,1- Very unlike me,5- Very like me,5- Very like me,3,1- Very unlike me,3,3,1- Very unlike me,NA,NA,NA,NA,NA,NA,NA,NA,California,Community service,NA,2,1,2,1,Democrat,Republican,assault with a deadly weapon
Female,White/Caucasian,"Less than 30,000",2-year College Degree,Democrat,NA,NA,Strong Democrat,67,No,Yes,Yes,TRUE,FALSE,TRUE,FALSE,TRUE,FALSE,FALSE,TRUE,FALSE,TRUE,95,20,Neither agree nor disagree,Strongly disagree,Neither agree nor disagree,No,No,1 - Not at all,1- Very unlike me,3,1- Very unlike me,1- Very unlike me,3,1- Very unlike me,1- Very unlike me,1- Very unlike me,3,1- Very unlike me,1- Very unlike me,1- Very unlike me,NA,NA,NA,NA,NA,NA,NA,NA,California,2 - 5 years in prison,Oppose,2,1,2,1,Republican,Democrat,arson
Male,White/Caucasian,"100,000 or more",Masters Degree,Republican,NA,Strong Republican,NA,59,NA,NA,NA,TRUE,TRUE,TRUE,TRUE,FALSE,FALSE,FALSE,FALSE,FALSE,FALSE,2,90,Somewhat disagree,Neither agree nor disagree,Neither agree nor disagree,No,No,3,1- Very unlike me,2,2,1- Very unlike me,2,2,2,2,2,2,1- Very unlike me,1- Very unlike me,NA,NA,NA,NA,NA,NA,NA,NA,Oregon,Community service,Support,2,2,2,1,Democrat,Republican,vandalism
Female,White/Caucasian,"50,000 – 59,999",Some College,Democrat,NA,NA,Strong Democrat,49,No,No,Yes,FALSE,TRUE,TRUE,TRUE,TRUE,TRUE,TRUE,FALSE,TRUE,TRUE,100,5,Strongly agree,Somewhat agree,Neither agree nor disagree,No,Yes,1 - Not at all,2,3,2,1- Very unlike me,2,2,1- Very unlike me,1- Very unlike me,1- Very unlike me,2,2,1- Very unlike me,Florida,Strongly oppose,Unjustified,Yes,NA,NA,NA,NA,NA,NA,NA,1,2,1,1,Republican,Democrat,NA
Male,White/Caucasian,"100,000 or more",Some College,Republican,NA,Strong Republican,NA,46,Yes,No,Yes,FALSE,TRUE,TRUE,TRUE,TRUE,FALSE,TRUE,TRUE,FALSE,TRUE,4,54,Strongly agree,Neither agree nor disagree,Strongly agree,No,No,2,4,3,5- Very like me,5- Very like me,2,3,2,2,3,2,2,2,Florida,Strongly oppose,Unjustified,Yes,NA,NA,NA,NA,NA,NA,NA,1,1,1,1,Democrat,Republican,NA
Female,White/Caucasian,"30,000 – 39,999",2-year College Degree,Democrat,NA,NA,Strong Democrat,45,No,No,Yes,FALSE,TRUE,TRUE,FALSE,TRUE,TRUE,FALSE,TRUE,TRUE,FALSE,78,50,Somewhat disagree,Neither agree nor disagree,Neither agree nor disagree,No,No,1 - Not at all,3,3,3,3,3,3,3,1- Very unlike me,2,2,3,3,NA,NA,NA,NA,Oregon,Oppose,Unjustified,Yes,NA,NA,NA,1,1,2,1,Republican,Democrat,NA
Male,White/Caucasian,"100,000 or more",Doctoral Degree,Democrat,NA,NA,Strong Democrat,70,No,No,Yes,FALSE,TRUE,TRUE,TRUE,TRUE,TRUE,FALSE,FALSE,TRUE,TRUE,90,5,Somewhat agree,Strongly disagree,Neither agree nor disagree,No,No,1 - Not at all,1- Very unlike me,5- Very like me,5- Very like me,1- Very unlike me,3,3,3,1- Very unlike me,2,1- Very unlike me,3,2,Florida,Strongly oppose,Unjustified,Yes,NA,NA,NA,NA,NA,NA,NA,1,1,1,1,Republican,Democrat,NA
Male,White/Caucasian,"100,000 or more",Masters Degree,Democrat,NA,NA,Strong Democrat,47,No,No,Yes,TRUE,TRUE,TRUE,TRUE,TRUE,FALSE,FALSE,FALSE,FALSE,TRUE,93,12,Somewhat disagree,Neither agree nor disagree,Somewhat agree,No,No,1 - Not at all,1- Very unlike me,1- Very unlike me,1- Very unlike me,1- Very unlike me,1- Very unlike me,1- Very unlike me,1- Very unlike me,1- Very unlike me,1- Very unlike me,1- Very unlike me,1- Very unlike me,1- Very unlike me,NA,NA,NA,NA,NA,NA,NA,NA,Alaska,Community service,Strongly support,2,1,2,1,Republican,Democrat,vandalism
Female,White/Caucasian,"60,000 – 69,999",Masters Degree,Democrat,NA,NA,Strong Democrat,75,No,Yes,Yes,FALSE,TRUE,TRUE,TRUE,TRUE,FALSE,FALSE,TRUE,FALSE,TRUE,72,0,Neither agree nor disagree,Strongly disagree,Neither agree nor disagree,No,No,1 - Not at all,1- Very unlike me,3,1- Very unlike me,1- Very unlike me,1- Very unlike me,1- Very unlike me,1- Very unlike me,1- Very unlike me,1- Very unlike me,1- Very unlike me,1- Very unlike me,1- Very unlike me,NA,NA,NA,NA,NA,NA,NA,NA,Oregon,7 months to 1 year in jail,Strongly oppose,2,2,1,1,Republican,Democrat,assault with a deadly weapon
Male,White/Caucasian,"70,000 – 79,999",4-year College Degree,Republican,NA,Strong Republican,NA,60,No,No,Yes,TRUE,FALSE,TRUE,TRUE,TRUE,FALSE,FALSE,FALSE,FALSE,FALSE,7,81,Somewhat agree,Strongly disagree,Somewhat agree,No,No,1 - Not at all,3,1- Very unlike me,3,1- Very unlike me,2,3,1- Very unlike me,1- Very unlike me,1- Very unlike me,1- Very unlike me,1- Very unlike me,1- Very unlike me,Florida,Strongly oppose,Unjustified,Yes,NA,NA,NA,NA,NA,NA,NA,1,2,1,1,Democrat,Republican,NA
Male,White/Caucasian,"100,000 or more",Masters Degree,Democrat,NA,NA,Strong Democrat,74,No,No,Yes,FALSE,TRUE,TRUE,TRUE,TRUE,FALSE,FALSE,TRUE,FALSE,FALSE,70,30,Neither agree nor disagree,Strongly disagree,Neither agree nor disagree,No,No,1 - Not at all,3,3,1- Very unlike me,1- Very unlike me,1- Very unlike me,1- Very unlike me,1- Very unlike me,1- Very unlike me,1- Very unlike me,1- Very unlike me,2,1- Very unlike me,Florida,Strongly oppose,Unjustified,Yes,NA,NA,NA,NA,NA,NA,NA,1,2,1,1,Republican,Democrat,NA
Male,White/Caucasian,"100,000 or more",Masters Degree,Republican,NA,Not a strong Republican,NA,67,No,No,Yes,TRUE,TRUE,TRUE,TRUE,TRUE,FALSE,FALSE,FALSE,FALSE,FALSE,40,61,Neither agree nor disagree,Strongly disagree,Strongly disagree,No,No,1 - Not at all,1- Very unlike me,2,3,1- Very unlike me,2,3,1- Very unlike me,1- Very unlike me,1- Very unlike me,1- Very unlike me,1- Very unlike me,1- Very unlike me,Florida,Strongly oppose,Unjustified,Yes,NA,NA,NA,NA,NA,NA,NA,1,2,1,1,Democrat,Republican,NA
Male,White/Caucasian,"100,000 or more",4-year College Degree,Republican,NA,Strong Republican,NA,77,NA,NA,NA,TRUE,TRUE,TRUE,TRUE,TRUE,FALSE,FALSE,FALSE,FALSE,TRUE,51,51,Somewhat agree,Somewhat agree,Neither agree nor disagree,Yes,No,1 - Not at all,1- Very unlike me,2,3,2,5- Very like me,3,1- Very unlike me,5- Very like me,3,1- Very unlike me,1- Very unlike me,1- Very unlike me,Florida,Oppose,Unjustified,Yes,NA,NA,NA,NA,NA,NA,NA,1,1,1,1,Democrat,Republican,NA
Female,White/Caucasian,"100,000 or more",High School / GED,Republican,NA,Not a strong Republican,NA,61,No,No,Yes,TRUE,TRUE,TRUE,TRUE,TRUE,FALSE,FALSE,FALSE,FALSE,FALSE,50,70,Somewhat disagree,Neither agree nor disagree,Neither agree nor disagree,No,No,1 - Not at all,2,1- Very unlike me,1- Very unlike me,1- Very unlike me,1- Very unlike me,1- Very unlike me,1- Very unlike me,1- Very unlike me,1- Very unlike me,1- Very unlike me,1- Very unlike me,1- Very unlike me,NA,NA,NA,NA,Oregon,Strongly support,Unjustified,No,NA,NA,NA,1,1,2,1,Democrat,Republican,NA
Female,White/Caucasian,"100,000 or more",Some College,Democrat,NA,NA,Not a strong Democrat,52,No,No,Yes,FALSE,TRUE,TRUE,TRUE,TRUE,TRUE,FALSE,TRUE,TRUE,TRUE,60,0,Somewhat agree,Neither agree nor disagree,Neither agree nor disagree,No,No,1 - Not at all,1- Very unlike me,1- Very unlike me,1- Very unlike me,1- Very unlike me,1- Very unlike me,2,1- Very unlike me,1- Very unlike me,1- Very unlike me,1- Very unlike me,2,1- Very unlike me,Florida,Strongly oppose,Unjustified,Yes,NA,NA,NA,NA,NA,NA,NA,1,2,1,1,Republican,Democrat,NA
Female,White/Caucasian,"70,000 – 79,999",2-year College Degree,Democrat,NA,NA,Strong Democrat,57,No,Yes,Yes,FALSE,TRUE,TRUE,TRUE,TRUE,FALSE,FALSE,TRUE,TRUE,FALSE,84,9,Neither agree nor disagree,Somewhat agree,Neither agree nor disagree,No,Yes,1 - Not at all,3,3,3,1- Very unlike me,2,3,1- Very unlike me,1- Very unlike me,1- Very unlike me,1- Very unlike me,2,1- Very unlike me,Florida,Strongly oppose,Unjustified,Yes,NA,NA,NA,NA,NA,NA,NA,1,1,1,1,Republican,Democrat,NA
Female,White/Caucasian,"30,000 – 39,999",Some College,Republican,NA,Strong Republican,NA,65,NA,NA,NA,FALSE,FALSE,FALSE,TRUE,TRUE,TRUE,FALSE,FALSE,FALSE,FALSE,2,97,Strongly agree,Strongly agree,Neither agree nor disagree,No,No,3,1- Very unlike me,2,2,2,2,3,2,2,3,2,2,2,NA,NA,NA,NA,NA,NA,NA,NA,Washington,2 - 5 years in prison,Neither support nor oppose,2,1,2,1,Democrat,Republican,arson
Female,White/Caucasian,"50,000 – 59,999",4-year College Degree,Democrat,NA,NA,Strong Democrat,45,No,No,Yes,FALSE,TRUE,TRUE,FALSE,TRUE,TRUE,TRUE,TRUE,TRUE,TRUE,100,23,Strongly agree,Strongly disagree,Strongly disagree,No,No,1 - Not at all,2,3,5- Very like me,2,3,5- Very like me,5- Very like me,4,4,3,5- Very like me,2,NA,NA,NA,NA,NA,NA,NA,NA,Oregon,Community service,Oppose,2,2,2,1,Republican,Democrat,vandalism
Female,White/Caucasian,"Less than 30,000",2-year College Degree,Republican,NA,Not a strong Republican,NA,59,No,No,Yes,FALSE,TRUE,TRUE,TRUE,TRUE,FALSE,FALSE,TRUE,FALSE,FALSE,34,51,Neither agree nor disagree,Neither agree nor disagree,Neither agree nor disagree,No,No,1 - Not at all,2,2,2,3,1- Very unlike me,2,1- Very unlike me,1- Very unlike me,1- Very unlike me,1- Very unlike me,1- Very unlike me,1- Very unlike me,NA,NA,NA,NA,New Mexico,Neither support nor oppose,Unjustified,Yes,NA,NA,NA,1,2,2,1,Democrat,Republican,NA
Male,White/Caucasian,"90,000 – 99,999",Some College,Democrat,NA,NA,Not a strong Democrat,74,No,Yes,Yes,TRUE,TRUE,TRUE,TRUE,TRUE,FALSE,TRUE,FALSE,TRUE,FALSE,69,29,Neither agree nor disagree,Neither agree nor disagree,Neither agree nor disagree,No,No,1 - Not at all,4,1- Very unlike me,2,1- Very unlike me,1- Very unlike me,3,1- Very unlike me,1- Very unlike me,1- Very unlike me,2,2,1- Very unlike me,Florida,Strongly oppose,Unjustified,Yes,NA,NA,NA,NA,NA,NA,NA,1,1,1,1,Republican,Democrat,NA
Female,White/Caucasian,"30,000 – 39,999",Some College,Independent,Democratic Party,NA,NA,47,No,No,No,FALSE,TRUE,TRUE,TRUE,TRUE,FALSE,FALSE,TRUE,FALSE,FALSE,62,26,Neither agree nor disagree,Strongly disagree,Neither agree nor disagree,No,No,1 - Not at all,1- Very unlike me,3,2,2,1- Very unlike me,1- Very unlike me,1- Very unlike me,1- Very unlike me,1- Very unlike me,1- Very unlike me,1- Very unlike me,1- Very unlike me,NA,NA,NA,NA,Oregon,Oppose,Unjustified,Yes,NA,NA,NA,1,1,2,1,Republican,Democrat,NA
Female,White/Caucasian,"Less than 30,000",High School / GED,Democrat,NA,NA,Strong Democrat,64,NA,NA,NA,FALSE,TRUE,TRUE,TRUE,TRUE,FALSE,TRUE,TRUE,FALSE,FALSE,100,82,Strongly disagree,Strongly disagree,Strongly disagree,No,No,1 - Not at all,4,3,5- Very like me,2,5- Very like me,3,3,1- Very unlike me,3,5- Very like me,5- Very like me,5- Very like me,Florida,Strongly oppose,Unjustified,Yes,NA,NA,NA,NA,NA,NA,NA,1,2,1,1,Republican,Democrat,NA
Female,White/Caucasian,"30,000 – 39,999",High School / GED,Republican,NA,Not a strong Republican,NA,45,No,No,No,FALSE,TRUE,TRUE,TRUE,TRUE,FALSE,FALSE,TRUE,FALSE,FALSE,17,57,Neither agree nor disagree,Neither agree nor disagree,Neither agree nor disagree,No,No,1 - Not at all,1- Very unlike me,2,2,1- Very unlike me,1- Very unlike me,2,1- Very unlike me,1- Very unlike me,2,1- Very unlike me,2,1- Very unlike me,NA,NA,NA,NA,Oregon,Neither support nor oppose,Unjustified,Yes,NA,NA,NA,1,1,2,1,Democrat,Republican,NA
Male,White/Caucasian,"Less than 30,000",High School / GED,Republican,NA,Strong Republican,NA,64,No,No,Yes,FALSE,TRUE,TRUE,TRUE,TRUE,TRUE,FALSE,FALSE,TRUE,TRUE,0,72,Neither agree nor disagree,Strongly disagree,Neither agree nor disagree,No,No,1 - Not at all,2,3,1- Very unlike me,2,2,1- Very unlike me,3,1- Very unlike me,3,3,3,1- Very unlike me,NA,NA,NA,NA,NA,NA,NA,NA,Oregon,2 - 5 years in prison,Oppose,2,1,1,1,Democrat,Republican,arson
Male,White/Caucasian,"100,000 or more",Masters Degree,Republican,NA,Strong Republican,NA,71,No,No,Yes,FALSE,FALSE,TRUE,TRUE,TRUE,TRUE,FALSE,FALSE,TRUE,TRUE,60,39,Neither agree nor disagree,Strongly disagree,Neither agree nor disagree,No,No,1 - Not at all,3,3,1- Very unlike me,2,3,1- Very unlike me,1- Very unlike me,1- Very unlike me,3,1- Very unlike me,1- Very unlike me,1- Very unlike me,NA,NA,NA,NA,NA,NA,NA,NA,Oregon,More than 20 years in prison,Strongly oppose,2,1,2,1,Democrat,Republican,assault with a deadly weapon
Male,White/Caucasian,"Less than 30,000",Masters Degree,Democrat,NA,NA,Not a strong Democrat,67,No,No,No,FALSE,TRUE,TRUE,TRUE,TRUE,FALSE,FALSE,TRUE,FALSE,FALSE,73,30,Neither agree nor disagree,Neither agree nor disagree,Neither agree nor disagree,No,No,1 - Not at all,2,3,4,3,2,3,2,1- Very unlike me,2,2,2,1- Very unlike me,NA,NA,NA,NA,Oregon,Strongly oppose,Unjustified,Yes,NA,NA,NA,1,1,2,1,Republican,Democrat,NA
Female,White/Caucasian,"70,000 – 79,999",High School / GED,Democrat,NA,NA,Strong Democrat,66,NA,NA,NA,TRUE,TRUE,TRUE,TRUE,TRUE,TRUE,FALSE,TRUE,TRUE,FALSE,87,17,Neither agree nor disagree,Somewhat disagree,Somewhat agree,No,No,1 - Not at all,1- Very unlike me,3,3,3,3,2,3,1- Very unlike me,3,2,3,1- Very unlike me,NA,NA,NA,NA,NA,NA,NA,NA,Washington,Community service,Support,2,1,2,1,Republican,Democrat,protesting without a permit
Male,White/Caucasian,"Less than 30,000",High School / GED,Republican,NA,Strong Republican,NA,67,NA,NA,NA,TRUE,TRUE,TRUE,TRUE,TRUE,TRUE,FALSE,TRUE,FALSE,FALSE,31,99,Strongly agree,Somewhat agree,Neither agree nor disagree,No,No,1 - Not at all,1- Very unlike me,3,1- Very unlike me,1- Very unlike me,1- Very unlike me,1- Very unlike me,1- Very unlike me,1- Very unlike me,1- Very unlike me,1- Very unlike me,1- Very unlike me,1- Very unlike me,South Carolina,Oppose,Unjustified,Yes,NA,NA,NA,NA,NA,NA,NA,1,2,1,1,Democrat,Republican,NA
Female,White/Caucasian,"Less than 30,000",2-year College Degree,Democrat,NA,NA,Not a strong Democrat,22,NA,NA,NA,FALSE,TRUE,TRUE,TRUE,TRUE,TRUE,TRUE,TRUE,TRUE,TRUE,89,8,Neither agree nor disagree,Neither agree nor disagree,Neither agree nor disagree,No,No,3,1- Very unlike me,2,3,4,4,3,4,1- Very unlike me,2,2,2,2,NA,NA,NA,NA,California,Neither support nor oppose,Unjustified,Yes,NA,NA,NA,1,1,2,1,Republican,Democrat,NA
Female,White/Caucasian,"30,000 – 39,999",Some College,Democrat,NA,NA,Strong Democrat,62,No,No,No,TRUE,FALSE,FALSE,TRUE,FALSE,FALSE,FALSE,FALSE,FALSE,FALSE,71,42,Somewhat agree,Neither agree nor disagree,Neither agree nor disagree,No,No,3,2,3,2,2,2,3,3,1- Very unlike me,2,1- Very unlike me,2,1- Very unlike me,NA,NA,NA,NA,Oregon,Strongly oppose,Unjustified,Yes,NA,NA,NA,1,2,2,1,Republican,Democrat,NA
Female,White/Caucasian,"80,000 – 89,999",2-year College Degree,Republican,NA,Strong Republican,NA,55,No,No,Yes,FALSE,FALSE,TRUE,TRUE,TRUE,FALSE,TRUE,TRUE,FALSE,FALSE,0,100,Strongly agree,Strongly agree,Strongly agree,No,No,1 - Not at all,1- Very unlike me,2,3,1- Very unlike me,1- Very unlike me,2,1- Very unlike me,1- Very unlike me,1- Very unlike me,1- Very unlike me,1- Very unlike me,1- Very unlike me,NA,NA,NA,NA,NA,NA,NA,NA,Oregon,2 - 5 years in prison,Oppose,2,1,2,1,Democrat,Republican,assault with a deadly weapon
Male,White/Caucasian,"Less than 30,000",Some College,Democrat,NA,NA,Strong Democrat,72,NA,NA,NA,NA,NA,NA,NA,NA,NA,NA,NA,NA,NA,,,NA,NA,NA,NA,NA,NA,NA,NA,NA,NA,NA,NA,NA,NA,NA,NA,NA,NA,NA,NA,NA,NA,NA,NA,NA,NA,NA,NA,NA,2,2,1,2,NA,NA,NA
Male,White/Caucasian,"40,000 – 49,999",Some College,Republican,NA,Strong Republican,NA,90,No,Yes,Yes,TRUE,FALSE,TRUE,TRUE,TRUE,TRUE,TRUE,FALSE,TRUE,TRUE,0,77,Neither agree nor disagree,Neither agree nor disagree,Somewhat agree,Yes,Yes,1 - Not at all,3,3,5- Very like me,1- Very unlike me,2,1- Very unlike me,3,1- Very unlike me,2,1- Very unlike me,2,1- Very unlike me,NA,NA,NA,NA,NA,NA,NA,NA,Oregon,4 - 30 days in jail,Oppose,2,2,2,1,Democrat,Republican,assault
Male,White/Caucasian,"40,000 – 49,999",Some College,Democrat,NA,NA,Strong Democrat,49,NA,NA,NA,TRUE,TRUE,TRUE,TRUE,TRUE,TRUE,TRUE,TRUE,TRUE,TRUE,99,95,Somewhat agree,Somewhat agree,Somewhat agree,Yes,Yes,5 - A great deal,5- Very like me,5- Very like me,5- Very like me,5- Very like me,5- Very like me,5- Very like me,5- Very like me,5- Very like me,5- Very like me,5- Very like me,5- Very like me,5- Very like me,NA,NA,NA,NA,NA,NA,NA,NA,California,1 - 3 days in jail,Support,2,2,2,1,Republican,Democrat,assault
Male,White/Caucasian,"100,000 or more","Professional Degree (JD, MD)",Republican,NA,Not a strong Republican,NA,71,No,No,Yes,FALSE,TRUE,TRUE,FALSE,TRUE,TRUE,FALSE,FALSE,TRUE,TRUE,10,82,Strongly disagree,Strongly disagree,Neither agree nor disagree,No,No,1 - Not at all,3,2,3,2,1- Very unlike me,3,2,1- Very unlike me,3,1- Very unlike me,2,1- Very unlike me,Florida,Strongly oppose,Unjustified,Yes,NA,NA,NA,NA,NA,NA,NA,1,2,1,1,Democrat,Republican,NA
Female,White/Caucasian,"80,000 – 89,999",4-year College Degree,Democrat,NA,NA,Strong Democrat,29,NA,NA,NA,FALSE,TRUE,FALSE,TRUE,FALSE,FALSE,FALSE,FALSE,FALSE,FALSE,60,58,Strongly agree,Strongly disagree,Neither agree nor disagree,No,No,1 - Not at all,1- Very unlike me,3,3,1- Very unlike me,1- Very unlike me,3,1- Very unlike me,1- Very unlike me,5- Very like me,1- Very unlike me,1- Very unlike me,1- Very unlike me,NA,NA,NA,NA,NA,NA,NA,NA,Louisiana,Community service,Strongly support,2,1,2,1,Republican,Democrat,protesting without a permit
Female,White/Caucasian,"50,000 – 59,999",4-year College Degree,Democrat,NA,NA,Strong Democrat,68,No,No,Yes,FALSE,TRUE,TRUE,TRUE,TRUE,TRUE,FALSE,TRUE,TRUE,TRUE,93,20,Somewhat disagree,Strongly disagree,Strongly disagree,No,No,1 - Not at all,2,1- Very unlike me,2,1- Very unlike me,2,2,1- Very unlike me,1- Very unlike me,1- Very unlike me,1- Very unlike me,2,1- Very unlike me,NA,NA,NA,NA,NA,NA,NA,NA,Oregon,Community service,Neither support nor oppose,2,1,2,1,Republican,Democrat,protesting without a permit
Male,White/Caucasian,"60,000 – 69,999",High School / GED,Republican,NA,Strong Republican,NA,64,NA,NA,NA,FALSE,TRUE,TRUE,TRUE,TRUE,TRUE,TRUE,FALSE,FALSE,FALSE,51,82,Strongly disagree,Neither agree nor disagree,Neither agree nor disagree,No,No,1 - Not at all,3,3,3,1- Very unlike me,1- Very unlike me,3,1- Very unlike me,1- Very unlike me,1- Very unlike me,1- Very unlike me,3,3,NA,NA,NA,NA,NA,NA,NA,NA,California,2 - 5 years in prison,Neither support nor oppose,2,1,1,1,Democrat,Republican,arson
Female,White/Caucasian,"70,000 – 79,999",4-year College Degree,Republican,NA,Not a strong Republican,NA,55,No,No,Yes,TRUE,TRUE,TRUE,TRUE,TRUE,FALSE,FALSE,TRUE,TRUE,FALSE,66,36,Strongly disagree,Neither agree nor disagree,Somewhat agree,No,No,1 - Not at all,1- Very unlike me,3,3,1- Very unlike me,1- Very unlike me,2,3,1- Very unlike me,2,2,2,1- Very unlike me,NA,NA,NA,NA,Washington,Neither support nor oppose,Unjustified,Yes,NA,NA,NA,1,2,2,1,Democrat,Republican,NA
Female,White/Caucasian,"30,000 – 39,999",2-year College Degree,Democrat,NA,NA,Strong Democrat,66,No,No,Yes,FALSE,TRUE,TRUE,TRUE,TRUE,FALSE,FALSE,FALSE,FALSE,FALSE,100,51,Somewhat disagree,Strongly disagree,Strongly disagree,No,No,1 - Not at all,3,2,1- Very unlike me,1- Very unlike me,2,2,3,2,1- Very unlike me,1- Very unlike me,1- Very unlike me,1- Very unlike me,NA,NA,NA,NA,Washington,Strongly oppose,Unjustified,Yes,NA,NA,NA,1,2,2,1,Republican,Democrat,NA
Male,White/Caucasian,"60,000 – 69,999",4-year College Degree,Democrat,NA,NA,Not a strong Democrat,50,Yes,Yes,Yes,FALSE,TRUE,TRUE,TRUE,TRUE,TRUE,TRUE,TRUE,TRUE,FALSE,81,0,Strongly agree,Somewhat agree,Strongly agree,No,No,1 - Not at all,1- Very unlike me,1- Very unlike me,2,1- Very unlike me,1- Very unlike me,1- Very unlike me,2,1- Very unlike me,1- Very unlike me,1- Very unlike me,2,2,NA,NA,NA,NA,NA,NA,NA,NA,California,16 - 20 years in prison,Oppose,2,1,2,1,Republican,Democrat,arson
Female,White/Caucasian,"Less than 30,000",High School / GED,Democrat,NA,NA,Not a strong Democrat,60,No,No,No,TRUE,TRUE,TRUE,TRUE,TRUE,FALSE,FALSE,TRUE,FALSE,FALSE,74,40,Neither agree nor disagree,Somewhat disagree,Neither agree nor disagree,No,No,1 - Not at all,3,3,3,1- Very unlike me,1- Very unlike me,3,1- Very unlike me,1- Very unlike me,1- Very unlike me,1- Very unlike me,1- Very unlike me,1- Very unlike me,NA,NA,NA,NA,NA,NA,NA,NA,Oregon,1 - 3 days in jail,Neither support nor oppose,2,2,1,1,Republican,Democrat,assault
Male,White/Caucasian,"90,000 – 99,999",High School / GED,Republican,NA,Not a strong Republican,NA,68,No,No,Yes,FALSE,FALSE,TRUE,FALSE,FALSE,TRUE,TRUE,TRUE,TRUE,TRUE,28,89,Neither agree nor disagree,Strongly disagree,Strongly disagree,No,No,2,3,2,5- Very like me,2,4,4,3,1- Very unlike me,2,1- Very unlike me,4,4,NA,NA,NA,NA,Oregon,Oppose,Unjustified,Yes,NA,NA,NA,1,2,2,1,Democrat,Republican,NA
Female,White/Caucasian,"70,000 – 79,999",Masters Degree,Democrat,NA,NA,Strong Democrat,74,No,Yes,Yes,FALSE,TRUE,TRUE,TRUE,TRUE,TRUE,TRUE,TRUE,TRUE,FALSE,100,0,Strongly disagree,Neither agree nor disagree,Neither agree nor disagree,No,No,1 - Not at all,1- Very unlike me,3,5- Very like me,1- Very unlike me,3,5- Very like me,3,1- Very unlike me,2,2,2,2,Florida,Strongly oppose,Unjustified,Yes,NA,NA,NA,NA,NA,NA,NA,1,2,1,1,Republican,Democrat,NA
Male,White/Caucasian,"40,000 – 49,999",Masters Degree,Democrat,NA,NA,Strong Democrat,69,No,No,Yes,FALSE,TRUE,TRUE,TRUE,TRUE,FALSE,FALSE,TRUE,FALSE,FALSE,77,29,Strongly disagree,Strongly disagree,Neither agree nor disagree,No,No,1 - Not at all,4,2,1- Very unlike me,1- Very unlike me,1- Very unlike me,1- Very unlike me,1- Very unlike me,1- Very unlike me,1- Very unlike me,1- Very unlike me,1- Very unlike me,1- Very unlike me,Florida,Strongly oppose,Unjustified,Yes,NA,NA,NA,NA,NA,NA,NA,1,2,1,1,Republican,Democrat,NA
Female,White/Caucasian,"Less than 30,000",Less than High School,Republican,NA,Strong Republican,NA,61,NA,NA,NA,TRUE,TRUE,FALSE,TRUE,TRUE,FALSE,FALSE,FALSE,FALSE,FALSE,0,100,Strongly agree,Strongly agree,Strongly disagree,No,No,1 - Not at all,1- Very unlike me,1- Very unlike me,1- Very unlike me,1- Very unlike me,5- Very like me,1- Very unlike me,1- Very unlike me,1- Very unlike me,1- Very unlike me,5- Very like me,5- Very like me,1- Very unlike me,NA,NA,NA,NA,NA,NA,NA,NA,Alaska,Community service,Neither support nor oppose,2,2,1,1,Democrat,Republican,murder
Female,White/Caucasian,"100,000 or more",Masters Degree,Democrat,NA,NA,Strong Democrat,70,No,Yes,Yes,FALSE,TRUE,TRUE,TRUE,TRUE,FALSE,FALSE,FALSE,FALSE,FALSE,82,21,Somewhat agree,Strongly disagree,Strongly disagree,No,No,1 - Not at all,1- Very unlike me,1- Very unlike me,1- Very unlike me,1- Very unlike me,1- Very unlike me,1- Very unlike me,1- Very unlike me,1- Very unlike me,1- Very unlike me,1- Very unlike me,1- Very unlike me,1- Very unlike me,NA,NA,NA,NA,Washington,Strongly support,Unjustified,Yes,NA,NA,NA,1,1,2,1,Republican,Democrat,NA
Male,White/Caucasian,"100,000 or more",Masters Degree,Democrat,NA,NA,Strong Democrat,31,NA,NA,NA,FALSE,TRUE,TRUE,TRUE,TRUE,TRUE,FALSE,TRUE,FALSE,FALSE,56,31,Neither agree nor disagree,Somewhat agree,Somewhat agree,No,Yes,1 - Not at all,2,3,2,1- Very unlike me,1- Very unlike me,2,1- Very unlike me,1- Very unlike me,2,1- Very unlike me,2,1- Very unlike me,NA,NA,NA,NA,NA,NA,NA,NA,Oregon,6 - 10 years in prison,Oppose,2,1,1,1,Republican,Democrat,arson
Female,White/Caucasian,"80,000 – 89,999",4-year College Degree,Republican,NA,Not a strong Republican,NA,48,No,No,Yes,FALSE,TRUE,TRUE,TRUE,TRUE,FALSE,TRUE,TRUE,TRUE,TRUE,18,84,Neither agree nor disagree,Neither agree nor disagree,Neither agree nor disagree,No,No,1 - Not at all,1- Very unlike me,3,1- Very unlike me,2,1- Very unlike me,1- Very unlike me,1- Very unlike me,1- Very unlike me,1- Very unlike me,1- Very unlike me,1- Very unlike me,1- Very unlike me,NA,NA,NA,NA,Oregon,Oppose,Unjustified,Yes,NA,NA,NA,1,1,2,1,Democrat,Republican,NA
Female,White/Caucasian,"40,000 – 49,999",Some College,Republican,NA,Strong Republican,NA,85,No,Yes,Yes,FALSE,TRUE,TRUE,TRUE,TRUE,TRUE,TRUE,TRUE,FALSE,FALSE,5,91,Neither agree nor disagree,Neither agree nor disagree,Neither agree nor disagree,No,No,3,2,3,2,1- Very unlike me,1- Very unlike me,3,2,1- Very unlike me,1- Very unlike me,2,2,1- Very unlike me,NA,NA,NA,NA,Oregon,Support,Unjustified,Yes,NA,NA,NA,1,2,2,1,Democrat,Republican,NA
Male,White/Caucasian,"40,000 – 49,999",High School / GED,Republican,NA,Strong Republican,NA,65,No,No,Yes,FALSE,TRUE,TRUE,TRUE,TRUE,FALSE,FALSE,FALSE,FALSE,FALSE,0,91,Neither agree nor disagree,Somewhat agree,Neither agree nor disagree,No,No,1 - Not at all,1- Very unlike me,3,5- Very like me,5- Very like me,4,5- Very like me,5- Very like me,5- Very like me,5- Very like me,5- Very like me,5- Very like me,5- Very like me,NA,NA,NA,NA,NA,NA,NA,NA,California,4 - 6 months in jail,Strongly oppose,2,2,1,1,Democrat,Republican,assault
Male,White/Caucasian,"Less than 30,000",Some College,Independent,Republican Party,NA,NA,80,NA,NA,NA,TRUE,TRUE,TRUE,TRUE,TRUE,TRUE,TRUE,FALSE,FALSE,FALSE,6,96,Somewhat agree,Somewhat agree,Somewhat agree,Yes,No,1 - Not at all,3,1- Very unlike me,2,1- Very unlike me,1- Very unlike me,1- Very unlike me,4,1- Very unlike me,3,5- Very like me,3,1- Very unlike me,NA,NA,NA,NA,Oregon,Neither support nor oppose,Unjustified,No,NA,NA,NA,1,1,2,1,Democrat,Republican,NA
Male,White/Caucasian,"Less than 30,000",High School / GED,Republican,NA,Not a strong Republican,NA,49,No,No,Yes,FALSE,TRUE,TRUE,TRUE,TRUE,FALSE,FALSE,FALSE,FALSE,TRUE,49,56,Neither agree nor disagree,Somewhat disagree,Neither agree nor disagree,No,No,1 - Not at all,3,3,3,4,2,3,3,2,2,1- Very unlike me,3,3,NA,NA,NA,NA,NA,NA,NA,NA,California,Community service,Neither support nor oppose,2,2,1,1,Democrat,Republican,protesting without a permit
Male,White/Caucasian,"100,000 or more",4-year College Degree,Democrat,NA,NA,Strong Democrat,78,No,Yes,Yes,FALSE,TRUE,TRUE,TRUE,TRUE,FALSE,FALSE,FALSE,FALSE,FALSE,80,10,Neither agree nor disagree,Strongly disagree,Neither agree nor disagree,No,No,1 - Not at all,1- Very unlike me,3,3,1- Very unlike me,1- Very unlike me,1- Very unlike me,1- Very unlike me,1- Very unlike me,1- Very unlike me,1- Very unlike me,1- Very unlike me,1- Very unlike me,NA,NA,NA,NA,Oregon,Strongly oppose,Unjustified,Yes,NA,NA,NA,1,2,2,1,Republican,Democrat,NA
Male,White/Caucasian,"Less than 30,000",2-year College Degree,Republican,NA,Strong Republican,NA,51,NA,NA,NA,TRUE,TRUE,TRUE,TRUE,TRUE,FALSE,FALSE,FALSE,FALSE,FALSE,0,81,Strongly agree,Strongly disagree,Neither agree nor disagree,No,No,1 - Not at all,5- Very like me,3,2,5- Very like me,4,3,1- Very unlike me,5- Very like me,5- Very like me,1- Very unlike me,1- Very unlike me,1- Very unlike me,NA,NA,NA,NA,Oregon,Neither support nor oppose,Unjustified,Yes,NA,NA,NA,1,2,2,1,Democrat,Republican,NA
Female,White/Caucasian,"Less than 30,000",Some College,Republican,NA,Strong Republican,NA,78,No,Yes,Yes,TRUE,TRUE,TRUE,FALSE,TRUE,FALSE,FALSE,FALSE,FALSE,FALSE,0,100,Neither agree nor disagree,Somewhat agree,Neither agree nor disagree,No,No,1 - Not at all,1- Very unlike me,3,3,2,1- Very unlike me,3,2,1- Very unlike me,2,2,3,1- Very unlike me,Florida,Strongly oppose,Unjustified,Yes,NA,NA,NA,NA,NA,NA,NA,1,2,1,1,Democrat,Republican,NA
Male,White/Caucasian,"90,000 – 99,999",4-year College Degree,Republican,NA,Not a strong Republican,NA,69,No,Yes,Yes,FALSE,TRUE,FALSE,TRUE,TRUE,FALSE,FALSE,TRUE,FALSE,FALSE,81,86,Neither agree nor disagree,Strongly disagree,Neither agree nor disagree,No,No,1 - Not at all,3,2,1- Very unlike me,2,1- Very unlike me,1- Very unlike me,2,1- Very unlike me,2,1- Very unlike me,1- Very unlike me,1- Very unlike me,NA,NA,NA,NA,NA,NA,NA,NA,Oregon,Community service,Neither support nor oppose,2,1,2,1,Democrat,Republican,vandalism
Male,White/Caucasian,"Less than 30,000",High School / GED,Democrat,NA,NA,Strong Democrat,55,No,No,Yes,TRUE,TRUE,TRUE,TRUE,TRUE,FALSE,FALSE,TRUE,FALSE,FALSE,100,0,Neither agree nor disagree,Neither agree nor disagree,Neither agree nor disagree,No,No,1 - Not at all,1- Very unlike me,1- Very unlike me,1- Very unlike me,1- Very unlike me,1- Very unlike me,1- Very unlike me,1- Very unlike me,1- Very unlike me,1- Very unlike me,1- Very unlike me,1- Very unlike me,1- Very unlike me,Florida,Strongly oppose,Unjustified,Yes,NA,NA,NA,NA,NA,NA,NA,1,2,1,1,Republican,Democrat,NA
Female,White/Caucasian,"60,000 – 69,999",High School / GED,Republican,NA,Not a strong Republican,NA,59,No,No,Yes,TRUE,TRUE,TRUE,TRUE,TRUE,TRUE,FALSE,TRUE,TRUE,TRUE,50,50,Somewhat agree,Strongly disagree,Neither agree nor disagree,No,No,1 - Not at all,1- Very unlike me,3,1- Very unlike me,1- Very unlike me,1- Very unlike me,2,1- Very unlike me,1- Very unlike me,1- Very unlike me,2,2,1- Very unlike me,NA,NA,NA,NA,NA,NA,NA,NA,Oregon,More than 20 years in prison,Strongly oppose,2,1,1,1,Democrat,Republican,arson
Male,White/Caucasian,"100,000 or more",4-year College Degree,Democrat,NA,NA,Strong Democrat,54,No,No,No,FALSE,TRUE,TRUE,TRUE,TRUE,TRUE,FALSE,FALSE,FALSE,FALSE,89,0,Somewhat agree,Somewhat disagree,Neither agree nor disagree,No,Yes,1 - Not at all,1- Very unlike me,3,2,1- Very unlike me,3,2,1- Very unlike me,1- Very unlike me,1- Very unlike me,1- Very unlike me,2,3,NA,NA,NA,NA,Oregon,Strongly oppose,Unjustified,Yes,NA,NA,NA,1,2,2,1,Republican,Democrat,NA
Female,White/Caucasian,"90,000 – 99,999",2-year College Degree,Democrat,NA,NA,Not a strong Democrat,45,No,No,Yes,TRUE,TRUE,TRUE,TRUE,TRUE,FALSE,TRUE,TRUE,FALSE,FALSE,87,50,Neither agree nor disagree,Strongly disagree,Strongly disagree,No,No,1 - Not at all,1- Very unlike me,1- Very unlike me,3,1- Very unlike me,1- Very unlike me,3,1- Very unlike me,1- Very unlike me,1- Very unlike me,1- Very unlike me,1- Very unlike me,1- Very unlike me,NA,NA,NA,NA,Oregon,Strongly support,Unjustified,Yes,NA,NA,NA,1,2,2,1,Republican,Democrat,NA
Male,White/Caucasian,"40,000 – 49,999",Masters Degree,Republican,NA,Not a strong Republican,NA,68,No,No,Yes,TRUE,TRUE,TRUE,FALSE,TRUE,FALSE,FALSE,FALSE,FALSE,FALSE,11,92,Strongly agree,Neither agree nor disagree,Neither agree nor disagree,No,No,1 - Not at all,1- Very unlike me,3,3,1- Very unlike me,2,3,1- Very unlike me,1- Very unlike me,1- Very unlike me,1- Very unlike me,1- Very unlike me,1- Very unlike me,NA,NA,NA,NA,NA,NA,NA,NA,Washington,4 - 6 months in jail,Strongly oppose,2,2,1,1,Democrat,Republican,vandalism
Male,White/Caucasian,"100,000 or more",4-year College Degree,Democrat,NA,NA,Strong Democrat,67,No,No,Yes,FALSE,TRUE,TRUE,TRUE,TRUE,TRUE,FALSE,TRUE,FALSE,TRUE,82,39,Neither agree nor disagree,Strongly disagree,Neither agree nor disagree,No,No,1 - Not at all,1- Very unlike me,4,2,1- Very unlike me,4,3,2,1- Very unlike me,3,2,1- Very unlike me,1- Very unlike me,NA,NA,NA,NA,Oregon,Strongly support,Unjustified,Yes,NA,NA,NA,1,2,2,1,Republican,Democrat,NA
Female,White/Caucasian,"90,000 – 99,999",2-year College Degree,Democrat,NA,NA,Strong Democrat,53,No,Yes,Yes,FALSE,TRUE,TRUE,TRUE,TRUE,TRUE,FALSE,FALSE,TRUE,TRUE,100,0,Neither agree nor disagree,Strongly disagree,Neither agree nor disagree,No,No,1 - Not at all,1- Very unlike me,3,3,1- Very unlike me,2,3,1- Very unlike me,2,3,2,1- Very unlike me,2,Florida,Strongly oppose,Unjustified,Yes,NA,NA,NA,NA,NA,NA,NA,1,1,1,1,Republican,Democrat,NA
Female,White/Caucasian,"50,000 – 59,999",High School / GED,Democrat,NA,NA,Strong Democrat,78,No,No,No,FALSE,TRUE,TRUE,TRUE,TRUE,FALSE,TRUE,TRUE,TRUE,FALSE,100,0,Somewhat disagree,Strongly disagree,Strongly disagree,No,No,1 - Not at all,1- Very unlike me,1- Very unlike me,1- Very unlike me,1- Very unlike me,1- Very unlike me,1- Very unlike me,1- Very unlike me,1- Very unlike me,1- Very unlike me,1- Very unlike me,1- Very unlike me,1- Very unlike me,Florida,Strongly oppose,Unjustified,Yes,NA,NA,NA,NA,NA,NA,NA,1,1,1,1,Republican,Democrat,NA
Female,White/Caucasian,"Less than 30,000",Some College,Democrat,NA,NA,Not a strong Democrat,61,No,No,Yes,TRUE,TRUE,TRUE,TRUE,TRUE,FALSE,FALSE,FALSE,FALSE,FALSE,77,60,Strongly disagree,Strongly disagree,Strongly disagree,No,No,1 - Not at all,1- Very unlike me,1- Very unlike me,1- Very unlike me,1- Very unlike me,1- Very unlike me,1- Very unlike me,1- Very unlike me,1- Very unlike me,1- Very unlike me,1- Very unlike me,1- Very unlike me,1- Very unlike me,Florida,Neither support nor oppose,Unjustified,Yes,NA,NA,NA,NA,NA,NA,NA,1,2,1,1,Republican,Democrat,NA
Male,White/Caucasian,"30,000 – 39,999",4-year College Degree,Democrat,NA,NA,Strong Democrat,77,No,Yes,Yes,FALSE,TRUE,TRUE,FALSE,TRUE,TRUE,TRUE,FALSE,FALSE,TRUE,86,9,Strongly disagree,Strongly disagree,Strongly disagree,No,No,1 - Not at all,3,3,1- Very unlike me,1- Very unlike me,1- Very unlike me,1- Very unlike me,1- Very unlike me,1- Very unlike me,1- Very unlike me,1- Very unlike me,1- Very unlike me,1- Very unlike me,Florida,Strongly oppose,Unjustified,Yes,NA,NA,NA,NA,NA,NA,NA,1,1,1,1,Republican,Democrat,NA
Female,White/Caucasian,"Less than 30,000",High School / GED,Democrat,NA,NA,Strong Democrat,65,NA,NA,NA,FALSE,TRUE,TRUE,TRUE,TRUE,TRUE,FALSE,TRUE,TRUE,FALSE,87,3,Strongly agree,Strongly agree,Strongly agree,No,No,1 - Not at all,1- Very unlike me,1- Very unlike me,3,1- Very unlike me,1- Very unlike me,1- Very unlike me,1- Very unlike me,1- Very unlike me,1- Very unlike me,1- Very unlike me,3,1- Very unlike me,NA,NA,NA,NA,NA,NA,NA,NA,Florida,More than 20 years in prison,Strongly oppose,2,1,2,1,Republican,Democrat,murder
Male,White/Caucasian,"90,000 – 99,999",2-year College Degree,Independent,Republican Party,NA,NA,71,No,No,Yes,FALSE,TRUE,TRUE,TRUE,TRUE,FALSE,TRUE,FALSE,TRUE,FALSE,10,75,Neither agree nor disagree,Neither agree nor disagree,Neither agree nor disagree,No,No,1 - Not at all,2,3,4,3,1- Very unlike me,3,2,1- Very unlike me,1- Very unlike me,1- Very unlike me,1- Very unlike me,1- Very unlike me,NA,NA,NA,NA,NA,NA,NA,NA,California,Community service,Oppose,2,2,1,1,Democrat,Republican,assault
Female,White/Caucasian,"Less than 30,000",High School / GED,Independent,Neither,NA,NA,NA,NA,NA,NA,NA,NA,NA,NA,NA,NA,NA,NA,NA,NA,,,NA,NA,NA,NA,NA,NA,NA,NA,NA,NA,NA,NA,NA,NA,NA,NA,NA,NA,NA,NA,NA,NA,NA,NA,NA,NA,NA,NA,NA,1,2,2,2,NA,NA,NA
Male,White/Caucasian,"30,000 – 39,999",Some College,Republican,NA,Not a strong Republican,NA,70,NA,NA,NA,TRUE,TRUE,TRUE,TRUE,TRUE,TRUE,FALSE,FALSE,FALSE,TRUE,29,71,Somewhat agree,Somewhat disagree,Somewhat agree,Yes,Yes,1 - Not at all,4,4,3,4,2,3,2,1- Very unlike me,1- Very unlike me,2,2,2,NA,NA,NA,NA,NA,NA,NA,NA,Oregon,6 - 10 years in prison,Oppose,2,2,1,1,Democrat,Republican,arson
Male,White/Caucasian,"70,000 – 79,999",2-year College Degree,Republican,NA,Strong Republican,NA,51,No,No,Yes,FALSE,FALSE,FALSE,FALSE,FALSE,FALSE,TRUE,TRUE,FALSE,TRUE,0,99,Neither agree nor disagree,Strongly agree,Neither agree nor disagree,No,No,3,4,3,2,4,3,3,1- Very unlike me,3,1- Very unlike me,2,3,1- Very unlike me,NA,NA,NA,NA,NA,NA,NA,NA,Florida,Community service,Oppose,2,1,2,1,Democrat,Republican,arson
Female,White/Caucasian,"40,000 – 49,999",High School / GED,Republican,NA,Not a strong Republican,NA,58,NA,NA,NA,FALSE,TRUE,TRUE,TRUE,TRUE,TRUE,TRUE,TRUE,TRUE,TRUE,21,50,Neither agree nor disagree,Neither agree nor disagree,Neither agree nor disagree,No,No,1 - Not at all,1- Very unlike me,1- Very unlike me,1- Very unlike me,1- Very unlike me,1- Very unlike me,1- Very unlike me,1- Very unlike me,1- Very unlike me,1- Very unlike me,1- Very unlike me,1- Very unlike me,1- Very unlike me,NA,NA,NA,NA,California,Neither support nor oppose,Unjustified,Yes,NA,NA,NA,1,2,2,1,Democrat,Republican,NA
Female,White/Caucasian,"40,000 – 49,999",Some College,NA,NA,NA,NA,NA,NA,NA,NA,NA,NA,NA,NA,NA,NA,NA,NA,NA,NA,,,NA,NA,NA,NA,NA,NA,NA,NA,NA,NA,NA,NA,NA,NA,NA,NA,NA,NA,NA,NA,NA,NA,NA,NA,NA,NA,NA,NA,NA,1,2,2,,NA,NA,NA
Female,White/Caucasian,"60,000 – 69,999",High School / GED,Republican,NA,Strong Republican,NA,71,No,No,Yes,TRUE,TRUE,TRUE,TRUE,TRUE,FALSE,FALSE,TRUE,TRUE,FALSE,0,100,Strongly agree,Strongly agree,Neither agree nor disagree,No,No,1 - Not at all,1- Very unlike me,2,3,2,2,3,1- Very unlike me,1- Very unlike me,1- Very unlike me,1- Very unlike me,2,2,NA,NA,NA,NA,NA,NA,NA,NA,Oregon,Community service,Strongly support,2,2,2,1,Democrat,Republican,protesting without a permit
Male,White/Caucasian,"80,000 – 89,999","Professional Degree (JD, MD)",Democrat,NA,NA,Strong Democrat,66,No,Yes,Yes,FALSE,TRUE,TRUE,TRUE,TRUE,TRUE,FALSE,TRUE,TRUE,TRUE,90,10,Neither agree nor disagree,Strongly disagree,Neither agree nor disagree,No,No,1 - Not at all,2,3,1- Very unlike me,1- Very unlike me,1- Very unlike me,1- Very unlike me,1- Very unlike me,1- Very unlike me,1- Very unlike me,1- Very unlike me,1- Very unlike me,1- Very unlike me,NA,NA,NA,NA,NA,NA,NA,NA,Oregon,More than 20 years in prison,Oppose,2,2,2,1,Republican,Democrat,murder
Female,White/Caucasian,"70,000 – 79,999",2-year College Degree,Republican,NA,Not a strong Republican,NA,59,No,No,Yes,FALSE,TRUE,TRUE,TRUE,TRUE,TRUE,FALSE,FALSE,FALSE,FALSE,9,100,Strongly disagree,Somewhat agree,Neither agree nor disagree,No,No,1 - Not at all,2,3,3,3,1- Very unlike me,2,1- Very unlike me,1- Very unlike me,1- Very unlike me,1- Very unlike me,1- Very unlike me,1- Very unlike me,NA,NA,NA,NA,Oregon,Strongly support,Unjustified,Yes,NA,NA,NA,1,2,2,1,Democrat,Republican,NA
Male,White/Caucasian,"100,000 or more","Professional Degree (JD, MD)",Republican,NA,Strong Republican,NA,45,NA,NA,NA,FALSE,TRUE,FALSE,TRUE,TRUE,TRUE,FALSE,FALSE,FALSE,FALSE,66,100,Strongly agree,Somewhat agree,Somewhat disagree,No,No,4,2,2,4,4,4,4,2,2,2,2,4,4,NA,NA,NA,NA,NA,NA,NA,NA,Washington,2 - 5 years in prison,Support,2,2,1,1,Democrat,Republican,murder
Female,White/Caucasian,"Less than 30,000",4-year College Degree,Democrat,NA,NA,Strong Democrat,69,No,No,Yes,FALSE,TRUE,TRUE,TRUE,TRUE,FALSE,TRUE,FALSE,FALSE,FALSE,86,4,Neither agree nor disagree,Strongly disagree,Neither agree nor disagree,No,No,1 - Not at all,1- Very unlike me,3,4,1- Very unlike me,2,3,2,1- Very unlike me,1- Very unlike me,2,3,1- Very unlike me,Florida,Strongly oppose,Unjustified,Yes,NA,NA,NA,NA,NA,NA,NA,1,1,1,1,Republican,Democrat,NA
Male,White/Caucasian,"Less than 30,000",Some College,Republican,NA,Strong Republican,NA,71,No,Yes,Yes,FALSE,TRUE,FALSE,FALSE,TRUE,TRUE,FALSE,TRUE,TRUE,TRUE,0,81,Neither agree nor disagree,Strongly agree,Neither agree nor disagree,Yes,No,2,4,4,4,4,4,3,4,3,2,2,4,2,NA,NA,NA,NA,NA,NA,NA,NA,Oregon,1 - 3 days in jail,Oppose,2,1,2,1,Democrat,Republican,protesting without a permit
Male,White/Caucasian,"100,000 or more",Masters Degree,Democrat,NA,NA,Not a strong Democrat,67,Yes,No,Yes,FALSE,FALSE,FALSE,TRUE,FALSE,TRUE,FALSE,FALSE,FALSE,TRUE,63,45,Neither agree nor disagree,Strongly disagree,Neither agree nor disagree,No,No,2,2,3,2,1- Very unlike me,2,3,2,1- Very unlike me,2,2,2,1- Very unlike me,Florida,Oppose,Unjustified,Yes,NA,NA,NA,NA,NA,NA,NA,1,2,1,1,Republican,Democrat,NA
Male,White/Caucasian,"100,000 or more",4-year College Degree,Republican,NA,Not a strong Republican,NA,64,No,No,Yes,TRUE,FALSE,TRUE,TRUE,TRUE,FALSE,FALSE,FALSE,FALSE,FALSE,31,61,Somewhat disagree,Strongly disagree,Strongly disagree,No,No,1 - Not at all,2,2,1- Very unlike me,1- Very unlike me,2,1- Very unlike me,1- Very unlike me,1- Very unlike me,1- Very unlike me,1- Very unlike me,1- Very unlike me,1- Very unlike me,Florida,Strongly oppose,Unjustified,Yes,NA,NA,NA,NA,NA,NA,NA,1,1,1,1,Democrat,Republican,NA
Female,White/Caucasian,"100,000 or more",High School / GED,Republican,NA,Not a strong Republican,NA,55,No,No,No,FALSE,FALSE,TRUE,TRUE,TRUE,TRUE,FALSE,TRUE,TRUE,TRUE,15,30,Somewhat agree,Neither agree nor disagree,Somewhat agree,No,No,1 - Not at all,1- Very unlike me,2,3,1- Very unlike me,3,3,4,1- Very unlike me,4,5- Very like me,3,5- Very like me,NA,NA,NA,NA,NA,NA,NA,NA,Oregon,More than 20 years in prison,Strongly oppose,2,2,1,1,Democrat,Republican,murder
Male,White/Caucasian,"100,000 or more",Some College,Democrat,NA,NA,Strong Democrat,59,No,Yes,Yes,FALSE,TRUE,TRUE,TRUE,TRUE,FALSE,FALSE,FALSE,FALSE,FALSE,100,0,Somewhat agree,Neither agree nor disagree,Neither agree nor disagree,No,Yes,1 - Not at all,1- Very unlike me,3,3,3,3,3,3,3,3,3,3,3,NA,NA,NA,NA,NA,NA,NA,NA,Alaska,6 - 10 years in prison,Strongly oppose,2,2,2,1,Republican,Democrat,arson
Female,White/Caucasian,"30,000 – 39,999",Masters Degree,Democrat,NA,NA,Strong Democrat,51,Yes,Yes,Yes,FALSE,FALSE,TRUE,TRUE,TRUE,TRUE,TRUE,TRUE,TRUE,TRUE,94,0,Neither agree nor disagree,Strongly disagree,Neither agree nor disagree,No,No,1 - Not at all,1- Very unlike me,5- Very like me,5- Very like me,1- Very unlike me,1- Very unlike me,5- Very like me,1- Very unlike me,1- Very unlike me,1- Very unlike me,1- Very unlike me,1- Very unlike me,1- Very unlike me,NA,NA,NA,NA,Oregon,Strongly oppose,Unjustified,Yes,NA,NA,NA,1,2,2,1,Republican,Democrat,NA
Female,White/Caucasian,"Less than 30,000",Some College,Democrat,NA,NA,Strong Democrat,76,No,No,Yes,FALSE,FALSE,TRUE,TRUE,TRUE,FALSE,FALSE,TRUE,TRUE,TRUE,19,20,Somewhat agree,Somewhat agree,Neither agree nor disagree,No,Yes,1 - Not at all,1- Very unlike me,4,5- Very like me,1- Very unlike me,1- Very unlike me,3,1- Very unlike me,1- Very unlike me,1- Very unlike me,1- Very unlike me,3,1- Very unlike me,NA,NA,NA,NA,Oregon,Strongly oppose,Unjustified,Yes,NA,NA,NA,1,2,2,1,Republican,Democrat,NA
Female,White/Caucasian,"Less than 30,000",4-year College Degree,Democrat,NA,NA,Strong Democrat,60,NA,NA,NA,NA,NA,NA,NA,NA,NA,NA,NA,NA,NA,,,NA,NA,NA,NA,NA,NA,NA,NA,NA,NA,NA,NA,NA,NA,NA,NA,NA,NA,NA,NA,NA,NA,NA,NA,NA,NA,NA,NA,NA,2,2,2,2,NA,NA,NA
Female,White/Caucasian,"50,000 – 59,999",2-year College Degree,Republican,NA,Strong Republican,NA,67,NA,NA,NA,FALSE,TRUE,TRUE,TRUE,TRUE,FALSE,TRUE,FALSE,FALSE,FALSE,0,83,Somewhat disagree,Somewhat agree,Strongly disagree,No,No,3,1- Very unlike me,3,2,3,2,1- Very unlike me,2,1- Very unlike me,1- Very unlike me,1- Very unlike me,3,1- Very unlike me,NA,NA,NA,NA,NA,NA,NA,NA,Oregon,7 months to 1 year in jail,Neither support nor oppose,2,2,1,1,Democrat,Republican,arson
Female,White/Caucasian,"80,000 – 89,999",Some College,Republican,NA,Strong Republican,NA,66,NA,NA,NA,TRUE,TRUE,TRUE,TRUE,TRUE,FALSE,TRUE,TRUE,TRUE,TRUE,0,100,Strongly agree,Strongly agree,Strongly agree,No,No,1 - Not at all,1- Very unlike me,1- Very unlike me,1- Very unlike me,1- Very unlike me,1- Very unlike me,1- Very unlike me,1- Very unlike me,1- Very unlike me,1- Very unlike me,1- Very unlike me,1- Very unlike me,1- Very unlike me,Florida,Strongly oppose,Unjustified,Yes,NA,NA,NA,NA,NA,NA,NA,1,1,1,1,Democrat,Republican,NA
Female,White/Caucasian,"100,000 or more",4-year College Degree,Independent,Neither,NA,NA,NA,NA,NA,NA,NA,NA,NA,NA,NA,NA,NA,NA,NA,NA,,,NA,NA,NA,NA,NA,NA,NA,NA,NA,NA,NA,NA,NA,NA,NA,NA,NA,NA,NA,NA,NA,NA,NA,NA,NA,NA,NA,NA,NA,2,1,2,2,NA,NA,NA
Female,White/Caucasian,"70,000 – 79,999",Some College,Republican,NA,Strong Republican,NA,51,No,No,Yes,TRUE,TRUE,TRUE,TRUE,TRUE,FALSE,FALSE,TRUE,TRUE,FALSE,0,84,Somewhat agree,Somewhat agree,Somewhat disagree,No,No,1 - Not at all,1- Very unlike me,1- Very unlike me,3,2,1- Very unlike me,2,1- Very unlike me,1- Very unlike me,1- Very unlike me,1- Very unlike me,1- Very unlike me,1- Very unlike me,NA,NA,NA,NA,Oregon,Strongly oppose,Unjustified,Yes,NA,NA,NA,1,1,2,1,Democrat,Republican,NA
Male,White/Caucasian,"70,000 – 79,999",Masters Degree,Democrat,NA,NA,Strong Democrat,67,NA,NA,NA,FALSE,FALSE,TRUE,TRUE,TRUE,TRUE,FALSE,TRUE,TRUE,TRUE,71,32,Somewhat agree,Strongly disagree,Neither agree nor disagree,No,No,1 - Not at all,4,3,2,1- Very unlike me,1- Very unlike me,2,1- Very unlike me,1- Very unlike me,1- Very unlike me,1- Very unlike me,1- Very unlike me,1- Very unlike me,NA,NA,NA,NA,NA,NA,NA,NA,Washington,2 - 5 years in prison,Oppose,2,1,1,1,Republican,Democrat,arson
Male,White/Caucasian,"60,000 – 69,999",Some College,Democrat,NA,NA,Not a strong Democrat,62,No,No,Yes,FALSE,FALSE,FALSE,FALSE,FALSE,TRUE,TRUE,FALSE,TRUE,TRUE,100,0,Neither agree nor disagree,Strongly agree,Somewhat agree,No,Yes,5 - A great deal,5- Very like me,5- Very like me,5- Very like me,5- Very like me,5- Very like me,5- Very like me,3,2,3,3,3,3,NA,NA,NA,NA,Oregon,Strongly oppose,Unjustified,Yes,NA,NA,NA,1,1,2,1,Republican,Democrat,NA
Female,White/Caucasian,"30,000 – 39,999",2-year College Degree,Democrat,NA,NA,Strong Democrat,59,Yes,No,Yes,FALSE,FALSE,TRUE,TRUE,TRUE,TRUE,FALSE,TRUE,TRUE,TRUE,80,30,Neither agree nor disagree,Somewhat agree,Neither agree nor disagree,No,No,1 - Not at all,1- Very unlike me,4,3,2,2,2,3,1- Very unlike me,1- Very unlike me,1- Very unlike me,3,2,NA,NA,NA,NA,Oregon,Strongly oppose,Unjustified,Yes,NA,NA,NA,1,2,2,1,Republican,Democrat,NA
Male,White/Caucasian,"30,000 – 39,999",Doctoral Degree,Republican,NA,Strong Republican,NA,69,NA,NA,NA,FALSE,TRUE,TRUE,TRUE,TRUE,TRUE,FALSE,TRUE,TRUE,FALSE,30,30,Neither agree nor disagree,Strongly disagree,Neither agree nor disagree,No,No,1 - Not at all,1- Very unlike me,3,5- Very like me,1- Very unlike me,1- Very unlike me,4,3,1- Very unlike me,1- Very unlike me,1- Very unlike me,1- Very unlike me,1- Very unlike me,NA,NA,NA,NA,NA,NA,NA,NA,Oregon,More than 20 years in prison,Strongly oppose,2,1,2,1,Democrat,Republican,arson
Male,White/Caucasian,"100,000 or more",Masters Degree,Democrat,NA,NA,Strong Democrat,33,Yes,Yes,Yes,TRUE,TRUE,TRUE,FALSE,TRUE,FALSE,TRUE,TRUE,FALSE,FALSE,21,85,Strongly agree,Strongly agree,Somewhat agree,No,Yes,5 - A great deal,1- Very unlike me,5- Very like me,4,4,3,4,4,4,4,3,4,5- Very like me,NA,NA,NA,NA,NA,NA,NA,NA,California,2 - 3 months in jail,Strongly support,2,2,1,1,Republican,Democrat,vandalism
Male,White/Caucasian,"100,000 or more",4-year College Degree,Republican,NA,Strong Republican,NA,53,No,No,Yes,FALSE,TRUE,TRUE,TRUE,TRUE,TRUE,FALSE,TRUE,FALSE,FALSE,0,70,Neither agree nor disagree,Strongly disagree,Neither agree nor disagree,No,No,1 - Not at all,3,3,1- Very unlike me,1- Very unlike me,3,1- Very unlike me,1- Very unlike me,1- Very unlike me,1- Very unlike me,1- Very unlike me,1- Very unlike me,1- Very unlike me,Florida,Strongly oppose,Unjustified,Yes,NA,NA,NA,NA,NA,NA,NA,1,2,1,1,Democrat,Republican,NA
Female,White/Caucasian,"40,000 – 49,999","Professional Degree (JD, MD)",Republican,NA,Strong Republican,NA,72,NA,NA,NA,FALSE,TRUE,TRUE,TRUE,TRUE,FALSE,FALSE,TRUE,FALSE,FALSE,51,83,Neither agree nor disagree,Strongly disagree,Somewhat disagree,No,No,1 - Not at all,1- Very unlike me,4,1- Very unlike me,1- Very unlike me,2,1- Very unlike me,3,1- Very unlike me,2,3,4,3,NA,NA,NA,NA,NA,NA,NA,NA,Oregon,Community service,Oppose,2,1,2,1,Democrat,Republican,vandalism
Male,White/Caucasian,"40,000 – 49,999",4-year College Degree,Republican,NA,Strong Republican,NA,66,No,No,Yes,FALSE,TRUE,TRUE,FALSE,TRUE,TRUE,FALSE,FALSE,TRUE,TRUE,0,92,Neither agree nor disagree,Somewhat agree,Somewhat agree,Yes,No,1 - Not at all,3,4,4,2,3,3,1- Very unlike me,1- Very unlike me,4,1- Very unlike me,4,2,NA,NA,NA,NA,NA,NA,NA,NA,Oregon,2 - 5 years in prison,Oppose,2,2,2,1,Democrat,Republican,arson
Female,White/Caucasian,"Less than 30,000",Less than High School,Democrat,NA,NA,Strong Democrat,49,NA,NA,NA,NA,NA,NA,NA,NA,NA,NA,NA,NA,NA,,,NA,NA,NA,NA,NA,NA,NA,NA,NA,NA,NA,NA,NA,NA,NA,NA,NA,NA,NA,NA,NA,NA,NA,NA,NA,NA,NA,NA,NA,1,2,2,2,NA,NA,NA
Female,White/Caucasian,"100,000 or more",2-year College Degree,Republican,NA,Strong Republican,NA,47,No,No,Yes,TRUE,FALSE,TRUE,TRUE,TRUE,FALSE,FALSE,TRUE,TRUE,TRUE,29,74,Somewhat disagree,Neither agree nor disagree,Somewhat disagree,No,No,2,1- Very unlike me,2,4,3,3,3,4,1- Very unlike me,1- Very unlike me,3,3,3,NA,NA,NA,NA,California,Neither support nor oppose,Unjustified,No,NA,NA,NA,1,1,2,1,Democrat,Republican,NA
Male,White/Caucasian,"40,000 – 49,999",Some College,Independent,Republican Party,NA,NA,67,No,No,Yes,FALSE,TRUE,TRUE,TRUE,TRUE,FALSE,FALSE,FALSE,TRUE,FALSE,8,66,Somewhat agree,Somewhat disagree,Neither agree nor disagree,No,No,2,3,2,3,2,3,2,2,1- Very unlike me,3,1- Very unlike me,2,2,NA,NA,NA,NA,NA,NA,NA,NA,Oregon,1 - 3 days in jail,Neither support nor oppose,2,1,2,1,Democrat,Republican,arson
Male,White/Caucasian,"90,000 – 99,999",4-year College Degree,Democrat,NA,NA,Strong Democrat,48,NA,NA,NA,FALSE,TRUE,TRUE,TRUE,TRUE,TRUE,FALSE,TRUE,TRUE,TRUE,100,0,Somewhat agree,Somewhat agree,Strongly agree,No,No,1 - Not at all,1- Very unlike me,2,4,4,1- Very unlike me,3,2,1- Very unlike me,1- Very unlike me,1- Very unlike me,2,1- Very unlike me,Florida,Strongly oppose,Unjustified,Yes,NA,NA,NA,NA,NA,NA,NA,1,2,1,1,Republican,Democrat,NA
Male,White/Caucasian,"100,000 or more",2-year College Degree,Republican,NA,Strong Republican,NA,72,No,Yes,Yes,FALSE,FALSE,TRUE,FALSE,TRUE,FALSE,FALSE,FALSE,FALSE,TRUE,0,100,Neither agree nor disagree,Neither agree nor disagree,Neither agree nor disagree,No,No,1 - Not at all,2,2,1- Very unlike me,1- Very unlike me,1- Very unlike me,1- Very unlike me,1- Very unlike me,1- Very unlike me,1- Very unlike me,1- Very unlike me,1- Very unlike me,1- Very unlike me,NA,NA,NA,NA,NA,NA,NA,NA,Oregon,2 - 3 months in jail,Oppose,2,1,2,1,Democrat,Republican,assault
Female,White/Caucasian,"100,000 or more",4-year College Degree,Republican,NA,Not a strong Republican,NA,61,No,No,Yes,TRUE,TRUE,TRUE,TRUE,TRUE,FALSE,FALSE,FALSE,FALSE,TRUE,55,71,Strongly disagree,Strongly disagree,Strongly disagree,No,No,1 - Not at all,1- Very unlike me,1- Very unlike me,1- Very unlike me,1- Very unlike me,1- Very unlike me,1- Very unlike me,1- Very unlike me,1- Very unlike me,1- Very unlike me,1- Very unlike me,1- Very unlike me,1- Very unlike me,NA,NA,NA,NA,Oregon,Oppose,Unjustified,Yes,NA,NA,NA,1,1,2,1,Democrat,Republican,NA
Female,White/Caucasian,"100,000 or more",2-year College Degree,Republican,NA,Not a strong Republican,NA,65,No,Yes,Yes,FALSE,TRUE,TRUE,TRUE,TRUE,FALSE,TRUE,FALSE,TRUE,FALSE,14,69,Somewhat agree,Strongly disagree,Strongly disagree,Yes,Yes,1 - Not at all,3,3,4,1- Very unlike me,1- Very unlike me,3,2,1- Very unlike me,1- Very unlike me,2,1- Very unlike me,1- Very unlike me,NA,NA,NA,NA,NA,NA,NA,NA,Oregon,More than 20 years in prison,Strongly oppose,2,2,2,1,Democrat,Republican,murder
Female,White/Caucasian,"30,000 – 39,999",High School / GED,Republican,NA,Strong Republican,NA,60,No,No,Yes,FALSE,TRUE,TRUE,TRUE,TRUE,FALSE,TRUE,TRUE,FALSE,FALSE,50,60,Neither agree nor disagree,Strongly disagree,Neither agree nor disagree,No,No,1 - Not at all,3,2,1- Very unlike me,1- Very unlike me,3,3,1- Very unlike me,4,3,1- Very unlike me,1- Very unlike me,1- Very unlike me,Florida,Strongly oppose,Unjustified,Yes,NA,NA,NA,NA,NA,NA,NA,1,2,1,1,Democrat,Republican,NA
Male,White/Caucasian,"50,000 – 59,999",High School / GED,Republican,NA,Strong Republican,NA,60,No,No,Yes,FALSE,TRUE,TRUE,TRUE,TRUE,FALSE,FALSE,FALSE,FALSE,FALSE,19,83,Somewhat agree,Neither agree nor disagree,Neither agree nor disagree,No,No,1 - Not at all,2,3,3,1- Very unlike me,1- Very unlike me,3,1- Very unlike me,1- Very unlike me,1- Very unlike me,1- Very unlike me,1- Very unlike me,1- Very unlike me,NA,NA,NA,NA,NA,NA,NA,NA,Alaska,Community service,Strongly support,2,2,2,1,Democrat,Republican,protesting without a permit
Male,White/Caucasian,"50,000 – 59,999",Some College,Independent,Republican Party,NA,NA,51,No,Yes,Yes,TRUE,TRUE,TRUE,TRUE,TRUE,TRUE,FALSE,TRUE,FALSE,FALSE,40,39,Neither agree nor disagree,Somewhat disagree,Somewhat disagree,No,No,1 - Not at all,1- Very unlike me,1- Very unlike me,2,1- Very unlike me,1- Very unlike me,1- Very unlike me,1- Very unlike me,1- Very unlike me,1- Very unlike me,1- Very unlike me,1- Very unlike me,1- Very unlike me,Florida,Strongly oppose,Unjustified,Yes,NA,NA,NA,NA,NA,NA,NA,1,2,1,1,Democrat,Republican,NA
Male,White/Caucasian,"70,000 – 79,999",High School / GED,Democrat,NA,NA,Not a strong Democrat,66,NA,NA,NA,NA,NA,NA,NA,NA,NA,NA,NA,NA,NA,,,NA,NA,NA,NA,NA,NA,NA,NA,NA,NA,NA,NA,NA,NA,NA,NA,NA,NA,NA,NA,NA,NA,NA,NA,NA,NA,NA,NA,NA,2,2,2,2,NA,NA,NA
Male,White/Caucasian,"50,000 – 59,999",Masters Degree,Democrat,NA,NA,Strong Democrat,67,NA,NA,NA,FALSE,TRUE,TRUE,FALSE,FALSE,FALSE,FALSE,FALSE,FALSE,TRUE,96,10,Neither agree nor disagree,Strongly disagree,Neither agree nor disagree,No,No,1 - Not at all,1- Very unlike me,2,1- Very unlike me,1- Very unlike me,1- Very unlike me,1- Very unlike me,1- Very unlike me,1- Very unlike me,1- Very unlike me,1- Very unlike me,1- Very unlike me,1- Very unlike me,NA,NA,NA,NA,NA,NA,NA,NA,Oregon,Community service,Neither support nor oppose,2,2,2,1,Republican,Democrat,vandalism
Male,Other,"100,000 or more","Professional Degree (JD, MD)",Independent,Neither,NA,NA,NA,NA,NA,NA,NA,NA,NA,NA,NA,NA,NA,NA,NA,NA,,,NA,NA,NA,NA,NA,NA,NA,NA,NA,NA,NA,NA,NA,NA,NA,NA,NA,NA,NA,NA,NA,NA,NA,NA,NA,NA,NA,NA,NA,2,2,1,2,NA,NA,NA
Female,White/Caucasian,"Less than 30,000",4-year College Degree,Republican,NA,Not a strong Republican,NA,46,No,No,Yes,TRUE,TRUE,TRUE,TRUE,TRUE,FALSE,FALSE,FALSE,TRUE,FALSE,48,54,Neither agree nor disagree,Neither agree nor disagree,Neither agree nor disagree,No,No,1 - Not at all,1- Very unlike me,3,3,1- Very unlike me,1- Very unlike me,4,1- Very unlike me,1- Very unlike me,1- Very unlike me,1- Very unlike me,1- Very unlike me,1- Very unlike me,Georgia,Strongly oppose,Unjustified,Yes,NA,NA,NA,NA,NA,NA,NA,1,2,1,1,Democrat,Republican,NA
Female,White/Caucasian,"40,000 – 49,999",Some College,Democrat,NA,NA,NA,78,NA,NA,NA,NA,NA,NA,NA,NA,NA,NA,NA,NA,NA,,,NA,NA,NA,NA,NA,NA,NA,NA,NA,NA,NA,NA,NA,NA,NA,NA,NA,NA,NA,NA,NA,NA,NA,NA,NA,NA,NA,NA,NA,2,1,1,2,NA,NA,NA
Female,White/Caucasian,"30,000 – 39,999",High School / GED,Democrat,NA,NA,Strong Democrat,51,No,No,No,TRUE,TRUE,TRUE,TRUE,TRUE,FALSE,FALSE,TRUE,TRUE,FALSE,90,35,Somewhat disagree,Somewhat disagree,Somewhat disagree,No,No,1 - Not at all,1- Very unlike me,3,3,1- Very unlike me,3,2,1- Very unlike me,1- Very unlike me,3,3,3,3,Florida,Strongly oppose,Unjustified,Yes,NA,NA,NA,NA,NA,NA,NA,1,2,1,1,Republican,Democrat,NA
Male,White/Caucasian,"70,000 – 79,999",Masters Degree,Other,Democratic Party,NA,NA,48,No,No,No,FALSE,FALSE,TRUE,FALSE,FALSE,TRUE,FALSE,TRUE,TRUE,TRUE,100,100,Strongly disagree,Strongly disagree,Strongly disagree,No,No,1 - Not at all,1- Very unlike me,3,3,1- Very unlike me,1- Very unlike me,1- Very unlike me,2,1- Very unlike me,1- Very unlike me,2,2,1- Very unlike me,NA,NA,NA,NA,NA,NA,NA,NA,California,More than 20 years in prison,Strongly oppose,2,1,1,1,Republican,Democrat,murder
Male,White/Caucasian,"50,000 – 59,999",Some College,Democrat,NA,NA,Strong Democrat,73,No,No,Yes,TRUE,TRUE,FALSE,TRUE,TRUE,TRUE,FALSE,TRUE,FALSE,TRUE,100,0,Somewhat disagree,Neither agree nor disagree,Neither agree nor disagree,No,No,1 - Not at all,4,5- Very like me,4,2,3,3,2,2,3,4,4,3,Florida,Neither support nor oppose,Justified,No,NA,NA,NA,NA,NA,NA,NA,1,2,1,1,Republican,Democrat,NA
Male,White/Caucasian,"90,000 – 99,999",4-year College Degree,Democrat,NA,NA,Strong Democrat,58,No,No,Yes,FALSE,FALSE,TRUE,FALSE,TRUE,FALSE,FALSE,FALSE,TRUE,TRUE,79,4,Strongly agree,Somewhat disagree,Neither agree nor disagree,No,No,1 - Not at all,3,3,3,2,3,3,2,2,3,1- Very unlike me,2,1- Very unlike me,NA,NA,NA,NA,NA,NA,NA,NA,Oregon,2 - 5 years in prison,Oppose,2,1,2,1,Republican,Democrat,assault with a deadly weapon
Female,White/Caucasian,"100,000 or more",2-year College Degree,Democrat,NA,NA,Strong Democrat,70,No,Yes,Yes,FALSE,TRUE,TRUE,TRUE,TRUE,TRUE,FALSE,FALSE,TRUE,FALSE,100,0,Neither agree nor disagree,Somewhat agree,Neither agree nor disagree,No,Yes,3,1- Very unlike me,1- Very unlike me,1- Very unlike me,1- Very unlike me,1- Very unlike me,4,1- Very unlike me,1- Very unlike me,1- Very unlike me,1- Very unlike me,3,1- Very unlike me,NA,NA,NA,NA,NA,NA,NA,NA,California,Community service,Support,2,2,2,1,Republican,Democrat,assault
Male,White/Caucasian,"Less than 30,000",Some College,Republican,NA,Strong Republican,NA,50,No,Yes,Yes,FALSE,TRUE,TRUE,TRUE,TRUE,FALSE,TRUE,TRUE,FALSE,TRUE,4,65,Strongly agree,Strongly disagree,Somewhat agree,Yes,Yes,1 - Not at all,3,2,4,2,3,4,4,4,4,3,3,4,Florida,Strongly oppose,Unjustified,Yes,NA,NA,NA,NA,NA,NA,NA,1,1,1,1,Democrat,Republican,NA
Female,White/Caucasian,"Less than 30,000",4-year College Degree,Other,Neither,NA,NA,NA,NA,NA,NA,NA,NA,NA,NA,NA,NA,NA,NA,NA,NA,,,NA,NA,NA,NA,NA,NA,NA,NA,NA,NA,NA,NA,NA,NA,NA,NA,NA,NA,NA,NA,NA,NA,NA,NA,NA,NA,NA,NA,NA,2,2,2,2,NA,NA,NA
Male,White/Caucasian,"100,000 or more",4-year College Degree,Democrat,NA,NA,Not a strong Democrat,56,No,No,Yes,TRUE,TRUE,TRUE,TRUE,TRUE,FALSE,FALSE,FALSE,TRUE,FALSE,80,3,Neither agree nor disagree,Somewhat disagree,Neither agree nor disagree,No,No,1 - Not at all,1- Very unlike me,2,3,1- Very unlike me,2,3,1- Very unlike me,1- Very unlike me,1- Very unlike me,1- Very unlike me,1- Very unlike me,1- Very unlike me,NA,NA,NA,NA,NA,NA,NA,NA,Oregon,6 - 10 years in prison,Oppose,2,1,2,1,Republican,Democrat,assault with a deadly weapon
Male,White/Caucasian,"40,000 – 49,999",2-year College Degree,Democrat,NA,NA,Not a strong Democrat,86,NA,NA,NA,NA,NA,NA,NA,NA,NA,NA,NA,NA,NA,,,NA,NA,NA,NA,NA,NA,NA,NA,NA,NA,NA,NA,NA,NA,NA,NA,NA,NA,NA,NA,NA,NA,NA,NA,NA,NA,NA,NA,NA,2,1,1,2,NA,NA,NA
Female,White/Caucasian,"100,000 or more",4-year College Degree,Republican,NA,Strong Republican,NA,48,No,No,No,FALSE,FALSE,TRUE,TRUE,FALSE,TRUE,FALSE,FALSE,TRUE,TRUE,22,82,Neither agree nor disagree,Neither agree nor disagree,Neither agree nor disagree,No,No,1 - Not at all,1- Very unlike me,1- Very unlike me,1- Very unlike me,1- Very unlike me,1- Very unlike me,1- Very unlike me,1- Very unlike me,1- Very unlike me,1- Very unlike me,1- Very unlike me,1- Very unlike me,1- Very unlike me,NA,NA,NA,NA,NA,NA,NA,NA,Oregon,Community service,Neither support nor oppose,2,1,1,1,Democrat,Republican,vandalism
Female,White/Caucasian,"80,000 – 89,999",Masters Degree,Republican,NA,Not a strong Republican,NA,70,No,No,Yes,FALSE,TRUE,TRUE,TRUE,TRUE,TRUE,FALSE,FALSE,TRUE,TRUE,0,55,Somewhat agree,Somewhat agree,Somewhat agree,Yes,Yes,1 - Not at all,2,3,4,1- Very unlike me,2,5- Very like me,1- Very unlike me,1- Very unlike me,1- Very unlike me,1- Very unlike me,3,1- Very unlike me,NA,NA,NA,NA,NA,NA,NA,NA,Oregon,2 - 5 years in prison,Strongly oppose,2,2,1,1,Democrat,Republican,assault with a deadly weapon
Male,White/Caucasian,"50,000 – 59,999",4-year College Degree,Republican,NA,Not a strong Republican,NA,67,NA,NA,NA,NA,NA,NA,NA,NA,NA,NA,NA,NA,NA,,,NA,NA,NA,NA,NA,NA,NA,NA,NA,NA,NA,NA,NA,NA,NA,NA,NA,NA,NA,NA,NA,NA,NA,NA,NA,NA,NA,NA,NA,2,2,2,2,NA,NA,NA
Female,White/Caucasian,"Less than 30,000",4-year College Degree,Democrat,NA,NA,Strong Democrat,70,NA,NA,NA,TRUE,TRUE,TRUE,TRUE,TRUE,TRUE,TRUE,FALSE,FALSE,TRUE,100,14,Strongly disagree,Somewhat disagree,Neither agree nor disagree,No,No,2,4,2,3,1- Very unlike me,4,2,1- Very unlike me,4,2,5- Very like me,5- Very like me,4,NA,NA,NA,NA,NA,NA,NA,NA,California,Community service,Strongly support,2,2,2,1,Republican,Democrat,assault
Male,White/Caucasian,"100,000 or more",Masters Degree,Republican,NA,Strong Republican,NA,64,NA,NA,NA,FALSE,FALSE,TRUE,FALSE,TRUE,TRUE,FALSE,FALSE,TRUE,TRUE,80,90,Somewhat agree,Strongly disagree,Somewhat disagree,No,No,1 - Not at all,1- Very unlike me,3,1- Very unlike me,1- Very unlike me,1- Very unlike me,1- Very unlike me,1- Very unlike me,1- Very unlike me,1- Very unlike me,1- Very unlike me,1- Very unlike me,1- Very unlike me,NA,NA,NA,NA,Oregon,Oppose,Unjustified,Yes,NA,NA,NA,1,2,2,1,Democrat,Republican,NA
Female,White/Caucasian,"90,000 – 99,999",4-year College Degree,Republican,NA,Not a strong Republican,NA,48,No,No,Yes,FALSE,TRUE,FALSE,TRUE,TRUE,TRUE,TRUE,TRUE,TRUE,TRUE,28,65,Somewhat disagree,Strongly disagree,Somewhat disagree,No,No,1 - Not at all,1- Very unlike me,5- Very like me,5- Very like me,1- Very unlike me,5- Very like me,5- Very like me,1- Very unlike me,1- Very unlike me,1- Very unlike me,1- Very unlike me,1- Very unlike me,1- Very unlike me,Georgia,Neither support nor oppose,Justified,No,NA,NA,NA,NA,NA,NA,NA,1,2,1,1,Democrat,Republican,NA
Male,White/Caucasian,"100,000 or more",Masters Degree,Republican,NA,Not a strong Republican,NA,79,No,Yes,Yes,TRUE,TRUE,TRUE,TRUE,TRUE,FALSE,FALSE,FALSE,FALSE,TRUE,40,70,Neither agree nor disagree,Strongly disagree,Neither agree nor disagree,No,No,1 - Not at all,3,2,1- Very unlike me,1- Very unlike me,1- Very unlike me,1- Very unlike me,1- Very unlike me,1- Very unlike me,3,1- Very unlike me,2,1- Very unlike me,NA,NA,NA,NA,NA,NA,NA,NA,California,2 - 3 months in jail,Strongly oppose,2,1,2,1,Democrat,Republican,assault
Female,Asian,"100,000 or more",Doctoral Degree,Republican,NA,Strong Republican,NA,55,NA,NA,NA,TRUE,TRUE,TRUE,TRUE,TRUE,FALSE,TRUE,FALSE,TRUE,TRUE,38,80,Somewhat disagree,Somewhat disagree,Neither agree nor disagree,No,No,1 - Not at all,1- Very unlike me,2,2,1- Very unlike me,2,2,1- Very unlike me,1- Very unlike me,2,1- Very unlike me,2,1- Very unlike me,NA,NA,NA,NA,Oregon,Oppose,Unjustified,No,NA,NA,NA,1,2,2,1,Democrat,Republican,NA
Male,White/Caucasian,"90,000 – 99,999",Some College,Republican,NA,Strong Republican,NA,80,No,Yes,Yes,FALSE,FALSE,TRUE,TRUE,TRUE,TRUE,FALSE,TRUE,TRUE,TRUE,8,81,Neither agree nor disagree,Strongly agree,Neither agree nor disagree,Yes,No,2,3,3,2,2,2,3,2,1- Very unlike me,2,1- Very unlike me,3,2,NA,NA,NA,NA,NA,NA,NA,NA,California,Community service,Strongly support,2,2,1,1,Democrat,Republican,protesting without a permit
Female,White/Caucasian,"Less than 30,000",High School / GED,Republican,NA,Strong Republican,NA,65,NA,NA,NA,TRUE,FALSE,TRUE,FALSE,TRUE,FALSE,FALSE,FALSE,FALSE,TRUE,0,100,Strongly agree,Strongly disagree,Strongly disagree,No,No,1 - Not at all,1- Very unlike me,1- Very unlike me,1- Very unlike me,1- Very unlike me,5- Very like me,1- Very unlike me,1- Very unlike me,1- Very unlike me,1- Very unlike me,1- Very unlike me,1- Very unlike me,1- Very unlike me,Florida,Neither support nor oppose,Unjustified,Yes,NA,NA,NA,NA,NA,NA,NA,1,2,1,1,Democrat,Republican,NA
Male,White/Caucasian,"60,000 – 69,999",4-year College Degree,Republican,NA,Not a strong Republican,NA,63,NA,NA,NA,FALSE,TRUE,TRUE,TRUE,TRUE,FALSE,TRUE,TRUE,FALSE,FALSE,0,60,Strongly agree,Somewhat agree,Somewhat agree,No,No,1 - Not at all,2,3,1- Very unlike me,3,1- Very unlike me,1- Very unlike me,3,1- Very unlike me,1- Very unlike me,3,1- Very unlike me,1- Very unlike me,Florida,Neither support nor oppose,Unjustified,Yes,NA,NA,NA,NA,NA,NA,NA,1,2,1,1,Democrat,Republican,NA
Male,White/Caucasian,"40,000 – 49,999",4-year College Degree,Republican,NA,Not a strong Republican,NA,65,No,Yes,Yes,FALSE,TRUE,TRUE,TRUE,TRUE,FALSE,FALSE,FALSE,FALSE,FALSE,15,60,Neither agree nor disagree,Somewhat agree,Neither agree nor disagree,No,No,2,3,2,1- Very unlike me,1- Very unlike me,3,1- Very unlike me,3,1- Very unlike me,3,2,1- Very unlike me,1- Very unlike me,Florida,Strongly oppose,Unjustified,Yes,NA,NA,NA,NA,NA,NA,NA,1,1,1,1,Democrat,Republican,NA
Female,White/Caucasian,"60,000 – 69,999",Some College,Democrat,NA,NA,Strong Democrat,59,No,No,Yes,FALSE,FALSE,TRUE,TRUE,TRUE,TRUE,TRUE,TRUE,FALSE,TRUE,91,13,Neither agree nor disagree,Neither agree nor disagree,Strongly agree,No,No,3,3,3,4,3,3,3,4,2,3,3,3,3,Georgia,Neither support nor oppose,Unjustified,Yes,NA,NA,NA,NA,NA,NA,NA,1,2,1,1,Republican,Democrat,NA
Female,White/Caucasian,"Less than 30,000",Some College,Republican,NA,Strong Republican,NA,52,No,No,Yes,FALSE,TRUE,TRUE,TRUE,TRUE,FALSE,TRUE,TRUE,TRUE,FALSE,20,86,Somewhat agree,Neither agree nor disagree,Somewhat agree,Yes,Yes,2,3,2,3,1- Very unlike me,2,1- Very unlike me,1- Very unlike me,1- Very unlike me,1- Very unlike me,1- Very unlike me,2,1- Very unlike me,NA,NA,NA,NA,NA,NA,NA,NA,Alaska,More than 20 years in prison,Strongly oppose,2,1,2,1,Democrat,Republican,murder
Female,White/Caucasian,"50,000 – 59,999",High School / GED,Democrat,NA,NA,Strong Democrat,74,No,Yes,Yes,TRUE,TRUE,TRUE,TRUE,TRUE,FALSE,FALSE,FALSE,FALSE,FALSE,100,8,Strongly agree,Neither agree nor disagree,Neither agree nor disagree,No,No,1 - Not at all,1- Very unlike me,3,3,1- Very unlike me,1- Very unlike me,3,1- Very unlike me,1- Very unlike me,1- Very unlike me,1- Very unlike me,2,1- Very unlike me,Florida,Strongly oppose,Unjustified,Yes,NA,NA,NA,NA,NA,NA,NA,1,1,1,1,Republican,Democrat,NA
Male,White/Caucasian,"100,000 or more",4-year College Degree,Republican,NA,Not a strong Republican,NA,49,NA,NA,NA,FALSE,FALSE,TRUE,FALSE,TRUE,TRUE,TRUE,FALSE,FALSE,TRUE,50,65,Somewhat agree,Strongly disagree,Somewhat agree,No,No,1 - Not at all,2,3,2,1- Very unlike me,2,1- Very unlike me,3,1- Very unlike me,2,1- Very unlike me,1- Very unlike me,1- Very unlike me,NA,NA,NA,NA,NA,NA,NA,NA,Oregon,6 - 10 years in prison,Strongly oppose,2,2,1,1,Democrat,Republican,assault with a deadly weapon
Male,White/Caucasian,"100,000 or more",4-year College Degree,Republican,NA,Strong Republican,NA,74,NA,NA,NA,FALSE,FALSE,TRUE,TRUE,TRUE,TRUE,FALSE,FALSE,FALSE,FALSE,9,92,Neither agree nor disagree,Strongly disagree,Neither agree nor disagree,Yes,No,3,4,4,1- Very unlike me,1- Very unlike me,3,2,3,1- Very unlike me,2,1- Very unlike me,3,2,NA,NA,NA,NA,Oregon,Neither support nor oppose,Justified,No,NA,NA,NA,1,1,2,1,Democrat,Republican,NA
Female,White/Caucasian,"80,000 – 89,999",4-year College Degree,Republican,NA,Not a strong Republican,NA,61,No,No,Yes,FALSE,TRUE,TRUE,TRUE,TRUE,TRUE,FALSE,FALSE,FALSE,FALSE,50,60,Neither agree nor disagree,Strongly disagree,Neither agree nor disagree,No,No,1 - Not at all,1- Very unlike me,3,1- Very unlike me,1- Very unlike me,1- Very unlike me,1- Very unlike me,1- Very unlike me,1- Very unlike me,1- Very unlike me,2,1- Very unlike me,1- Very unlike me,Florida,Strongly oppose,Unjustified,Yes,NA,NA,NA,NA,NA,NA,NA,1,2,1,1,Democrat,Republican,NA
Female,White/Caucasian,"Less than 30,000",Some College,Independent,Neither,NA,NA,NA,NA,NA,NA,NA,NA,NA,NA,NA,NA,NA,NA,NA,NA,,,NA,NA,NA,NA,NA,NA,NA,NA,NA,NA,NA,NA,NA,NA,NA,NA,NA,NA,NA,NA,NA,NA,NA,NA,NA,NA,NA,NA,NA,2,1,2,2,NA,NA,NA
Male,White/Caucasian,"30,000 – 39,999",Masters Degree,Republican,NA,Not a strong Republican,NA,69,No,No,Yes,TRUE,TRUE,TRUE,TRUE,TRUE,FALSE,FALSE,TRUE,TRUE,TRUE,57,56,Neither agree nor disagree,Somewhat disagree,Neither agree nor disagree,No,No,1 - Not at all,3,3,3,1- Very unlike me,2,3,2,2,1- Very unlike me,1- Very unlike me,3,1- Very unlike me,NA,NA,NA,NA,NA,NA,NA,NA,Oregon,7 months to 1 year in jail,Neither support nor oppose,2,2,2,1,Democrat,Republican,assault with a deadly weapon
Male,White/Caucasian,"100,000 or more","Professional Degree (JD, MD)",Republican,NA,Strong Republican,NA,71,No,Yes,Yes,FALSE,TRUE,TRUE,TRUE,TRUE,FALSE,FALSE,TRUE,FALSE,FALSE,70,19,Neither agree nor disagree,Strongly disagree,Neither agree nor disagree,No,No,1 - Not at all,1- Very unlike me,3,1- Very unlike me,1- Very unlike me,1- Very unlike me,1- Very unlike me,1- Very unlike me,1- Very unlike me,1- Very unlike me,1- Very unlike me,1- Very unlike me,1- Very unlike me,NA,NA,NA,NA,Oregon,Oppose,Unjustified,Yes,NA,NA,NA,1,2,2,1,Democrat,Republican,NA
Female,White/Caucasian,"30,000 – 39,999",2-year College Degree,Republican,NA,Strong Republican,NA,59,NA,NA,NA,FALSE,FALSE,TRUE,FALSE,TRUE,TRUE,TRUE,TRUE,FALSE,TRUE,11,95,Somewhat agree,Strongly agree,Strongly agree,No,No,5 - A great deal,1- Very unlike me,1- Very unlike me,5- Very like me,5- Very like me,1- Very unlike me,3,1- Very unlike me,1- Very unlike me,1- Very unlike me,1- Very unlike me,3,1- Very unlike me,NA,NA,NA,NA,NA,NA,NA,NA,California,More than 20 years in prison,Strongly oppose,2,2,2,1,Democrat,Republican,murder
Male,White/Caucasian,"100,000 or more",Masters Degree,Republican,NA,Strong Republican,NA,66,Yes,Yes,Yes,FALSE,TRUE,TRUE,TRUE,TRUE,TRUE,TRUE,FALSE,FALSE,FALSE,0,100,Strongly agree,Strongly disagree,Somewhat agree,No,No,1 - Not at all,3,3,1- Very unlike me,3,2,3,3,1- Very unlike me,3,1- Very unlike me,3,3,NA,NA,NA,NA,NA,NA,NA,NA,Oregon,More than 20 years in prison,Oppose,2,2,2,1,Democrat,Republican,murder
Female,White/Caucasian,"100,000 or more",4-year College Degree,Democrat,NA,NA,Strong Democrat,67,No,Yes,Yes,FALSE,FALSE,TRUE,TRUE,TRUE,FALSE,FALSE,FALSE,FALSE,FALSE,91,0,Neither agree nor disagree,Neither agree nor disagree,Neither agree nor disagree,No,No,1 - Not at all,1- Very unlike me,3,1- Very unlike me,1- Very unlike me,3,2,1- Very unlike me,1- Very unlike me,4,1- Very unlike me,1- Very unlike me,1- Very unlike me,NA,NA,NA,NA,Oregon,Strongly support,Unjustified,Yes,NA,NA,NA,1,1,2,1,Republican,Democrat,NA
Male,White/Caucasian,"40,000 – 49,999",4-year College Degree,Republican,NA,Not a strong Republican,NA,65,No,No,Yes,FALSE,TRUE,TRUE,TRUE,TRUE,FALSE,FALSE,TRUE,FALSE,TRUE,10,81,Somewhat agree,Somewhat disagree,Neither agree nor disagree,No,No,1 - Not at all,2,3,2,1- Very unlike me,2,2,1- Very unlike me,1- Very unlike me,3,1- Very unlike me,1- Very unlike me,1- Very unlike me,Florida,Strongly oppose,Unjustified,Yes,NA,NA,NA,NA,NA,NA,NA,1,2,1,1,Democrat,Republican,NA
Female,White/Caucasian,"80,000 – 89,999",Masters Degree,Republican,NA,Strong Republican,NA,68,No,No,Yes,FALSE,FALSE,TRUE,TRUE,TRUE,FALSE,FALSE,FALSE,FALSE,TRUE,0,80,Neither agree nor disagree,Strongly agree,Neither agree nor disagree,No,No,1 - Not at all,1- Very unlike me,3,1- Very unlike me,1- Very unlike me,1- Very unlike me,2,1- Very unlike me,1- Very unlike me,1- Very unlike me,1- Very unlike me,1- Very unlike me,1- Very unlike me,NA,NA,NA,NA,NA,NA,NA,NA,Oregon,Community service,Support,2,2,2,1,Democrat,Republican,vandalism
Female,White/Caucasian,"Less than 30,000",High School / GED,Democrat,NA,NA,Strong Democrat,48,NA,NA,NA,NA,NA,NA,NA,NA,NA,NA,NA,NA,NA,,,NA,NA,NA,NA,NA,NA,NA,NA,NA,NA,NA,NA,NA,NA,NA,NA,NA,NA,NA,NA,NA,NA,NA,NA,NA,NA,NA,NA,NA,2,2,2,2,NA,NA,NA
Male,White/Caucasian,"30,000 – 39,999",Masters Degree,Republican,NA,Not a strong Republican,NA,68,No,No,Yes,FALSE,TRUE,TRUE,TRUE,TRUE,FALSE,FALSE,FALSE,FALSE,FALSE,31,51,Neither agree nor disagree,Neither agree nor disagree,Neither agree nor disagree,No,No,1 - Not at all,3,1- Very unlike me,1- Very unlike me,1- Very unlike me,1- Very unlike me,1- Very unlike me,1- Very unlike me,1- Very unlike me,1- Very unlike me,1- Very unlike me,1- Very unlike me,1- Very unlike me,NA,NA,NA,NA,NA,NA,NA,NA,Oregon,2 - 3 months in jail,Oppose,2,1,1,1,Democrat,Republican,vandalism
Male,White/Caucasian,"100,000 or more",4-year College Degree,Republican,NA,Not a strong Republican,NA,76,No,No,Yes,TRUE,FALSE,TRUE,FALSE,TRUE,TRUE,FALSE,FALSE,FALSE,TRUE,46,71,Neither agree nor disagree,Strongly disagree,Neither agree nor disagree,No,No,1 - Not at all,3,4,1- Very unlike me,1- Very unlike me,2,1- Very unlike me,4,3,4,4,3,2,Florida,Oppose,Unjustified,Yes,NA,NA,NA,NA,NA,NA,NA,1,2,1,1,Democrat,Republican,NA
Female,White/Caucasian,"Less than 30,000",High School / GED,Democrat,NA,NA,Strong Democrat,49,No,No,No,TRUE,TRUE,FALSE,TRUE,TRUE,FALSE,FALSE,TRUE,TRUE,FALSE,87,41,Neither agree nor disagree,Neither agree nor disagree,Neither agree nor disagree,No,No,1 - Not at all,1- Very unlike me,3,3,3,1- Very unlike me,2,1- Very unlike me,1- Very unlike me,1- Very unlike me,1- Very unlike me,1- Very unlike me,1- Very unlike me,NA,NA,NA,NA,NA,NA,NA,NA,Alaska,2 - 5 years in prison,Neither support nor oppose,2,1,1,1,Republican,Democrat,assault with a deadly weapon
Female,White/Caucasian,"100,000 or more",Masters Degree,Democrat,NA,NA,Strong Democrat,62,No,Yes,Yes,FALSE,TRUE,FALSE,FALSE,TRUE,TRUE,TRUE,FALSE,TRUE,TRUE,91,42,Somewhat disagree,Strongly disagree,Strongly disagree,No,No,1 - Not at all,1- Very unlike me,3,2,1- Very unlike me,2,2,3,1- Very unlike me,2,3,3,1- Very unlike me,Florida,Strongly oppose,Unjustified,Yes,NA,NA,NA,NA,NA,NA,NA,1,1,1,1,Republican,Democrat,NA
Male,White/Caucasian,"100,000 or more",Masters Degree,Democrat,NA,NA,Strong Democrat,61,No,No,Yes,TRUE,TRUE,TRUE,TRUE,TRUE,FALSE,FALSE,FALSE,FALSE,FALSE,98,3,Neither agree nor disagree,Somewhat disagree,Neither agree nor disagree,No,Yes,1 - Not at all,1- Very unlike me,2,1- Very unlike me,1- Very unlike me,2,1- Very unlike me,1- Very unlike me,1- Very unlike me,1- Very unlike me,1- Very unlike me,1- Very unlike me,1- Very unlike me,Florida,Strongly oppose,Unjustified,Yes,NA,NA,NA,NA,NA,NA,NA,1,2,1,1,Republican,Democrat,NA
Male,White/Caucasian,"100,000 or more",High School / GED,Republican,NA,Not a strong Republican,NA,62,No,No,No,FALSE,TRUE,TRUE,FALSE,TRUE,FALSE,FALSE,FALSE,FALSE,FALSE,39,61,Neither agree nor disagree,Somewhat disagree,Neither agree nor disagree,No,No,1 - Not at all,1- Very unlike me,2,1- Very unlike me,1- Very unlike me,2,1- Very unlike me,1- Very unlike me,1- Very unlike me,3,1- Very unlike me,1- Very unlike me,1- Very unlike me,NA,NA,NA,NA,NA,NA,NA,NA,Oregon,16 - 20 years in prison,Strongly oppose,2,1,2,1,Democrat,Republican,murder
Male,White/Caucasian,"100,000 or more",4-year College Degree,Democrat,NA,NA,Not a strong Democrat,68,No,No,Yes,TRUE,FALSE,TRUE,TRUE,TRUE,FALSE,FALSE,TRUE,FALSE,FALSE,80,20,Neither agree nor disagree,Strongly disagree,Neither agree nor disagree,No,No,1 - Not at all,2,2,1- Very unlike me,1- Very unlike me,1- Very unlike me,1- Very unlike me,1- Very unlike me,1- Very unlike me,1- Very unlike me,1- Very unlike me,1- Very unlike me,1- Very unlike me,South Carolina,Strongly oppose,Unjustified,Yes,NA,NA,NA,NA,NA,NA,NA,1,1,1,1,Republican,Democrat,NA
Female,White/Caucasian,"50,000 – 59,999",Some College,Democrat,NA,NA,Strong Democrat,52,No,No,Yes,FALSE,FALSE,TRUE,FALSE,FALSE,TRUE,TRUE,FALSE,TRUE,TRUE,79,0,Somewhat agree,Somewhat agree,Somewhat agree,No,Yes,1 - Not at all,5- Very like me,5- Very like me,5- Very like me,5- Very like me,5- Very like me,3,3,4,3,3,4,4,NA,NA,NA,NA,Oregon,Strongly oppose,Unjustified,Yes,NA,NA,NA,1,2,2,1,Republican,Democrat,NA
Female,White/Caucasian,"60,000 – 69,999",4-year College Degree,Republican,NA,Not a strong Republican,NA,69,No,No,Yes,FALSE,TRUE,TRUE,TRUE,TRUE,FALSE,FALSE,TRUE,FALSE,FALSE,0,90,Strongly agree,Strongly agree,Strongly agree,Yes,No,1 - Not at all,3,1- Very unlike me,3,3,2,3,1- Very unlike me,1- Very unlike me,1- Very unlike me,2,1- Very unlike me,1- Very unlike me,NA,NA,NA,NA,Oregon,Strongly oppose,Unjustified,Yes,NA,NA,NA,1,1,2,1,Democrat,Republican,NA
Female,White/Caucasian,"60,000 – 69,999",2-year College Degree,Independent,Neither,NA,NA,NA,NA,NA,NA,NA,NA,NA,NA,NA,NA,NA,NA,NA,NA,,,NA,NA,NA,NA,NA,NA,NA,NA,NA,NA,NA,NA,NA,NA,NA,NA,NA,NA,NA,NA,NA,NA,NA,NA,NA,NA,NA,NA,NA,2,2,2,2,NA,NA,NA
Male,White/Caucasian,"Less than 30,000",4-year College Degree,Democrat,NA,NA,Strong Democrat,72,No,No,Yes,FALSE,TRUE,TRUE,FALSE,TRUE,TRUE,TRUE,TRUE,TRUE,TRUE,96,0,Neither agree nor disagree,Strongly agree,Neither agree nor disagree,No,Yes,1 - Not at all,3,3,5- Very like me,4,3,5- Very like me,2,2,2,2,4,3,NA,NA,NA,NA,NA,NA,NA,NA,Oregon,2 - 5 years in prison,Neither support nor oppose,2,2,2,1,Republican,Democrat,murder
Female,White/Caucasian,"30,000 – 39,999",Some College,Republican,NA,Not a strong Republican,NA,62,No,No,Yes,FALSE,TRUE,TRUE,FALSE,TRUE,FALSE,TRUE,FALSE,FALSE,TRUE,34,44,Neither agree nor disagree,Somewhat disagree,Neither agree nor disagree,No,Yes,1 - Not at all,2,3,4,1- Very unlike me,2,2,1- Very unlike me,1- Very unlike me,1- Very unlike me,2,2,4,NA,NA,NA,NA,Oregon,Neither support nor oppose,Unjustified,Yes,NA,NA,NA,1,2,2,1,Democrat,Republican,NA
Male,White/Caucasian,"90,000 – 99,999",Masters Degree,Republican,NA,Strong Republican,NA,72,No,No,No,TRUE,TRUE,TRUE,TRUE,TRUE,FALSE,FALSE,FALSE,FALSE,FALSE,0,9,Neither agree nor disagree,Strongly disagree,Neither agree nor disagree,No,No,1 - Not at all,1- Very unlike me,2,1- Very unlike me,1- Very unlike me,1- Very unlike me,1- Very unlike me,1- Very unlike me,1- Very unlike me,1- Very unlike me,1- Very unlike me,1- Very unlike me,1- Very unlike me,NA,NA,NA,NA,Oregon,Support,Unjustified,Yes,NA,NA,NA,1,2,2,1,Democrat,Republican,NA
Male,White/Caucasian,"100,000 or more",Masters Degree,Democrat,NA,NA,Strong Democrat,46,No,No,Yes,TRUE,TRUE,TRUE,FALSE,TRUE,FALSE,TRUE,TRUE,FALSE,FALSE,80,20,Somewhat agree,Neither agree nor disagree,Strongly disagree,No,No,4,4,3,3,3,4,4,3,3,4,3,3,4,NA,NA,NA,NA,New Mexico,Support,Justified,Yes,NA,NA,NA,1,1,2,1,Republican,Democrat,NA
Female,White/Caucasian,"40,000 – 49,999",Some College,Democrat,NA,NA,Strong Democrat,68,NA,NA,NA,TRUE,FALSE,TRUE,TRUE,TRUE,FALSE,FALSE,FALSE,TRUE,FALSE,82,9,Strongly disagree,Somewhat agree,Neither agree nor disagree,No,No,1 - Not at all,1- Very unlike me,2,4,1- Very unlike me,1- Very unlike me,3,2,1- Very unlike me,1- Very unlike me,2,3,1- Very unlike me,NA,NA,NA,NA,NA,NA,NA,NA,Washington,16 - 20 years in prison,Strongly oppose,2,1,1,1,Republican,Democrat,murder
Female,White/Caucasian,"Less than 30,000",Some College,Democrat,NA,NA,Not a strong Democrat,62,No,No,Yes,TRUE,TRUE,TRUE,TRUE,TRUE,FALSE,FALSE,TRUE,FALSE,FALSE,100,0,Neither agree nor disagree,Neither agree nor disagree,Neither agree nor disagree,No,No,1 - Not at all,1- Very unlike me,1- Very unlike me,1- Very unlike me,1- Very unlike me,1- Very unlike me,1- Very unlike me,1- Very unlike me,1- Very unlike me,1- Very unlike me,1- Very unlike me,1- Very unlike me,1- Very unlike me,NA,NA,NA,NA,NA,NA,NA,NA,Oregon,7 months to 1 year in jail,Neither support nor oppose,2,2,1,1,Republican,Democrat,assault with a deadly weapon
Female,White/Caucasian,"Less than 30,000",High School / GED,Democrat,NA,NA,Strong Democrat,61,NA,NA,NA,FALSE,FALSE,TRUE,TRUE,TRUE,TRUE,FALSE,FALSE,FALSE,FALSE,53,35,Neither agree nor disagree,Somewhat disagree,Neither agree nor disagree,No,No,1 - Not at all,1- Very unlike me,3,2,1- Very unlike me,3,3,3,1- Very unlike me,4,3,2,3,Alabama,Oppose,Unjustified,Yes,NA,NA,NA,NA,NA,NA,NA,1,2,1,1,Republican,Democrat,NA
Male,White/Caucasian,"90,000 – 99,999",High School / GED,Democrat,NA,NA,Not a strong Democrat,71,NA,NA,NA,NA,NA,NA,NA,NA,NA,NA,NA,NA,NA,,,NA,NA,NA,NA,NA,NA,NA,NA,NA,NA,NA,NA,NA,NA,NA,NA,NA,NA,NA,NA,NA,NA,NA,NA,NA,NA,NA,NA,NA,2,1,1,2,NA,NA,NA
Male,White/Caucasian,"90,000 – 99,999",2-year College Degree,Democrat,NA,NA,Not a strong Democrat,74,No,No,Yes,TRUE,TRUE,TRUE,TRUE,TRUE,FALSE,FALSE,FALSE,FALSE,FALSE,56,74,Somewhat agree,Strongly disagree,Neither agree nor disagree,No,No,1 - Not at all,1- Very unlike me,1- Very unlike me,1- Very unlike me,1- Very unlike me,1- Very unlike me,1- Very unlike me,1- Very unlike me,1- Very unlike me,1- Very unlike me,1- Very unlike me,1- Very unlike me,1- Very unlike me,NA,NA,NA,NA,NA,NA,NA,NA,Oregon,1 - 3 days in jail,Neither support nor oppose,2,1,1,1,Republican,Democrat,vandalism
Female,White/Caucasian,"100,000 or more",4-year College Degree,Independent,Republican Party,NA,NA,65,No,No,Yes,FALSE,TRUE,TRUE,TRUE,TRUE,TRUE,TRUE,TRUE,TRUE,TRUE,0,70,Strongly agree,Somewhat agree,Strongly agree,No,No,1 - Not at all,3,3,2,3,3,2,3,2,2,2,3,3,Florida,Strongly oppose,Unjustified,Yes,NA,NA,NA,NA,NA,NA,NA,1,2,1,1,Democrat,Republican,NA
Female,White/Caucasian,"40,000 – 49,999",Some College,Republican,NA,Strong Republican,NA,56,No,No,Yes,FALSE,FALSE,TRUE,TRUE,TRUE,FALSE,FALSE,TRUE,FALSE,FALSE,8,100,Somewhat agree,Neither agree nor disagree,Somewhat agree,No,No,2,1- Very unlike me,1- Very unlike me,1- Very unlike me,1- Very unlike me,1- Very unlike me,2,1- Very unlike me,1- Very unlike me,1- Very unlike me,1- Very unlike me,1- Very unlike me,1- Very unlike me,Florida,Strongly oppose,Unjustified,Yes,NA,NA,NA,NA,NA,NA,NA,1,1,1,1,Democrat,Republican,NA
Male,White/Caucasian,"70,000 – 79,999",2-year College Degree,Democrat,NA,NA,Not a strong Democrat,69,No,No,Yes,TRUE,TRUE,TRUE,TRUE,TRUE,FALSE,FALSE,FALSE,FALSE,TRUE,85,5,Strongly agree,Strongly disagree,Neither agree nor disagree,No,No,1 - Not at all,1- Very unlike me,4,5- Very like me,1- Very unlike me,1- Very unlike me,4,1- Very unlike me,1- Very unlike me,1- Very unlike me,1- Very unlike me,3,1- Very unlike me,Florida,Strongly oppose,Unjustified,Yes,NA,NA,NA,NA,NA,NA,NA,1,1,1,1,Republican,Democrat,NA
Female,White/Caucasian,"30,000 – 39,999",4-year College Degree,Republican,NA,Strong Republican,NA,56,No,No,Yes,FALSE,FALSE,TRUE,TRUE,TRUE,TRUE,FALSE,TRUE,TRUE,TRUE,0,85,Strongly agree,Strongly agree,Strongly agree,No,No,1 - Not at all,1- Very unlike me,3,4,1- Very unlike me,1- Very unlike me,4,1- Very unlike me,1- Very unlike me,1- Very unlike me,1- Very unlike me,2,1- Very unlike me,NA,NA,NA,NA,NA,NA,NA,NA,Oregon,More than 20 years in prison,Strongly oppose,2,1,2,1,Democrat,Republican,arson
Male,White/Caucasian,"40,000 – 49,999",Masters Degree,Democrat,NA,NA,Not a strong Democrat,59,No,Yes,Yes,TRUE,TRUE,TRUE,TRUE,TRUE,FALSE,FALSE,FALSE,FALSE,FALSE,70,40,Neither agree nor disagree,Strongly disagree,Neither agree nor disagree,No,No,1 - Not at all,3,4,1- Very unlike me,1- Very unlike me,1- Very unlike me,2,1- Very unlike me,1- Very unlike me,2,1- Very unlike me,2,1- Very unlike me,NA,NA,NA,NA,NA,NA,NA,NA,Oregon,2 - 5 years in prison,Strongly oppose,2,1,2,1,Republican,Democrat,arson
Female,White/Caucasian,"100,000 or more",Masters Degree,Independent,Republican Party,NA,NA,68,No,Yes,Yes,TRUE,TRUE,TRUE,TRUE,TRUE,FALSE,FALSE,FALSE,FALSE,FALSE,29,70,Neither agree nor disagree,Strongly disagree,Strongly disagree,No,No,3,2,1- Very unlike me,3,1- Very unlike me,1- Very unlike me,1- Very unlike me,1- Very unlike me,1- Very unlike me,1- Very unlike me,1- Very unlike me,1- Very unlike me,1- Very unlike me,NA,NA,NA,NA,NA,NA,NA,NA,Alaska,Community service,Support,2,2,1,1,Democrat,Republican,protesting without a permit
Female,White/Caucasian,"100,000 or more",4-year College Degree,Democrat,NA,NA,Strong Democrat,80,No,Yes,Yes,FALSE,TRUE,TRUE,TRUE,TRUE,TRUE,FALSE,TRUE,TRUE,TRUE,95,0,Neither agree nor disagree,Strongly agree,Neither agree nor disagree,No,No,1 - Not at all,1- Very unlike me,5- Very like me,1- Very unlike me,1- Very unlike me,3,2,3,1- Very unlike me,3,2,1- Very unlike me,1- Very unlike me,NA,NA,NA,NA,NA,NA,NA,NA,Oregon,Community service,Neither support nor oppose,2,2,1,1,Republican,Democrat,vandalism
Female,White/Caucasian,"90,000 – 99,999",Masters Degree,Republican,NA,Not a strong Republican,NA,67,No,No,Yes,FALSE,TRUE,TRUE,FALSE,TRUE,FALSE,FALSE,TRUE,TRUE,TRUE,79,5,Somewhat agree,Somewhat disagree,Neither agree nor disagree,No,Yes,1 - Not at all,3,3,4,2,3,3,4,2,4,3,3,2,NA,NA,NA,NA,NA,NA,NA,NA,Oregon,6 - 10 years in prison,Oppose,2,1,2,1,Democrat,Republican,murder
Male,White/Caucasian,"Less than 30,000",High School / GED,Republican,NA,Strong Republican,NA,59,No,No,Yes,TRUE,TRUE,TRUE,TRUE,FALSE,TRUE,FALSE,FALSE,FALSE,FALSE,19,50,Somewhat agree,Neither agree nor disagree,Neither agree nor disagree,No,No,1 - Not at all,1- Very unlike me,1- Very unlike me,2,1- Very unlike me,2,1- Very unlike me,1- Very unlike me,1- Very unlike me,1- Very unlike me,1- Very unlike me,1- Very unlike me,1- Very unlike me,NA,NA,NA,NA,Oregon,Neither support nor oppose,Unjustified,No,NA,NA,NA,1,1,2,1,Democrat,Republican,NA
Female,White/Caucasian,"30,000 – 39,999",Some College,Independent,Neither,NA,NA,NA,NA,NA,NA,NA,NA,NA,NA,NA,NA,NA,NA,NA,NA,,,NA,NA,NA,NA,NA,NA,NA,NA,NA,NA,NA,NA,NA,NA,NA,NA,NA,NA,NA,NA,NA,NA,NA,NA,NA,NA,NA,NA,NA,1,1,1,2,NA,NA,NA
Female,White/Caucasian,"30,000 – 39,999",Some College,Democrat,NA,NA,Strong Democrat,68,No,Yes,Yes,FALSE,TRUE,TRUE,TRUE,TRUE,TRUE,FALSE,FALSE,TRUE,FALSE,100,70,Neither agree nor disagree,Neither agree nor disagree,Neither agree nor disagree,No,Yes,2,3,4,4,1- Very unlike me,2,4,1- Very unlike me,1- Very unlike me,4,1- Very unlike me,1- Very unlike me,1- Very unlike me,NA,NA,NA,NA,NA,NA,NA,NA,Oregon,11 - 15 years in prison,Strongly oppose,2,2,1,1,Republican,Democrat,assault with a deadly weapon
Male,White/Caucasian,"30,000 – 39,999",Some College,Republican,NA,Strong Republican,NA,68,No,No,Yes,TRUE,FALSE,TRUE,TRUE,TRUE,FALSE,FALSE,TRUE,FALSE,FALSE,0,100,Somewhat agree,Strongly disagree,Neither agree nor disagree,No,No,1 - Not at all,1- Very unlike me,3,3,1- Very unlike me,1- Very unlike me,1- Very unlike me,1- Very unlike me,1- Very unlike me,1- Very unlike me,1- Very unlike me,1- Very unlike me,1- Very unlike me,NA,NA,NA,NA,Oregon,Strongly oppose,Unjustified,Yes,NA,NA,NA,1,2,2,1,Democrat,Republican,NA
Male,White/Caucasian,"Less than 30,000",Some College,Republican,NA,Strong Republican,NA,66,NA,NA,NA,NA,NA,NA,NA,NA,NA,NA,NA,NA,NA,,,NA,NA,NA,NA,NA,NA,NA,NA,NA,NA,NA,NA,NA,NA,NA,NA,NA,NA,NA,NA,NA,NA,NA,NA,NA,NA,NA,NA,NA,1,1,2,2,NA,NA,NA
Male,White/Caucasian,"30,000 – 39,999",4-year College Degree,Republican,NA,Not a strong Republican,NA,63,No,No,No,FALSE,TRUE,TRUE,TRUE,TRUE,FALSE,TRUE,TRUE,FALSE,TRUE,10,65,Strongly agree,Strongly disagree,Neither agree nor disagree,No,No,1 - Not at all,4,3,2,5- Very like me,3,2,1- Very unlike me,1- Very unlike me,2,1- Very unlike me,2,1- Very unlike me,NA,NA,NA,NA,Oregon,Support,Unjustified,Yes,NA,NA,NA,1,2,2,1,Democrat,Republican,NA
Male,White/Caucasian,"80,000 – 89,999",2-year College Degree,Republican,NA,Strong Republican,NA,77,No,No,No,FALSE,TRUE,TRUE,TRUE,TRUE,TRUE,TRUE,TRUE,TRUE,FALSE,0,100,Neither agree nor disagree,Strongly disagree,Strongly disagree,Yes,No,1 - Not at all,3,5- Very like me,1- Very unlike me,1- Very unlike me,3,2,5- Very like me,1- Very unlike me,1- Very unlike me,2,5- Very like me,2,Florida,Strongly oppose,Unjustified,Yes,NA,NA,NA,NA,NA,NA,NA,1,1,1,1,Democrat,Republican,NA
Male,White/Caucasian,"50,000 – 59,999",Some College,Republican,NA,Strong Republican,NA,72,No,No,Yes,FALSE,TRUE,TRUE,TRUE,TRUE,FALSE,FALSE,FALSE,FALSE,FALSE,1,61,Neither agree nor disagree,Neither agree nor disagree,Neither agree nor disagree,No,No,1 - Not at all,1- Very unlike me,4,2,1- Very unlike me,3,2,2,1- Very unlike me,1- Very unlike me,2,2,2,NA,NA,NA,NA,NA,NA,NA,NA,Oregon,7 months to 1 year in jail,Oppose,2,1,2,1,Democrat,Republican,arson
Female,White/Caucasian,"40,000 – 49,999",4-year College Degree,Republican,NA,Strong Republican,NA,83,NA,NA,NA,TRUE,TRUE,TRUE,TRUE,TRUE,FALSE,TRUE,FALSE,FALSE,TRUE,0,81,Neither agree nor disagree,Somewhat agree,Neither agree nor disagree,No,No,1 - Not at all,2,4,3,2,3,3,1- Very unlike me,1- Very unlike me,2,2,2,1- Very unlike me,NA,NA,NA,NA,Oregon,Support,Unjustified,Yes,NA,NA,NA,1,2,2,1,Democrat,Republican,NA
Male,White/Caucasian,"Less than 30,000",4-year College Degree,Democrat,NA,NA,Strong Democrat,61,No,No,Yes,FALSE,TRUE,TRUE,TRUE,TRUE,TRUE,FALSE,FALSE,TRUE,TRUE,97,0,Strongly disagree,Strongly disagree,Neither agree nor disagree,No,No,1 - Not at all,3,3,5- Very like me,3,3,5- Very like me,4,3,3,2,1- Very unlike me,1- Very unlike me,NA,NA,NA,NA,Oregon,Strongly oppose,Unjustified,Yes,NA,NA,NA,1,2,2,1,Republican,Democrat,NA
Female,White/Caucasian,"70,000 – 79,999",High School / GED,Republican,NA,Not a strong Republican,NA,74,No,No,Yes,TRUE,TRUE,TRUE,TRUE,TRUE,FALSE,TRUE,FALSE,FALSE,FALSE,30,29,Neither agree nor disagree,Neither agree nor disagree,Neither agree nor disagree,No,No,1 - Not at all,1- Very unlike me,3,1- Very unlike me,1- Very unlike me,2,1- Very unlike me,2,1- Very unlike me,1- Very unlike me,1- Very unlike me,3,2,NA,NA,NA,NA,NA,NA,NA,NA,Alaska,6 - 10 years in prison,Strongly oppose,2,1,1,1,Democrat,Republican,protesting without a permit
Male,White/Caucasian,"Less than 30,000",2-year College Degree,Democrat,NA,NA,Not a strong Democrat,57,No,No,Yes,FALSE,FALSE,TRUE,FALSE,TRUE,TRUE,TRUE,TRUE,TRUE,TRUE,55,29,Somewhat agree,Strongly disagree,Neither agree nor disagree,No,No,1 - Not at all,3,3,4,1- Very unlike me,2,3,1- Very unlike me,4,3,2,3,2,NA,NA,NA,NA,NA,NA,NA,NA,Oregon,2 - 5 years in prison,Oppose,2,2,1,1,Republican,Democrat,assault with a deadly weapon
Male,White/Caucasian,"40,000 – 49,999",Some College,Democrat,NA,NA,Strong Democrat,47,No,No,Yes,TRUE,TRUE,TRUE,TRUE,TRUE,TRUE,TRUE,TRUE,FALSE,TRUE,50,50,Strongly disagree,Strongly disagree,Strongly disagree,No,No,1 - Not at all,1- Very unlike me,1- Very unlike me,1- Very unlike me,1- Very unlike me,1- Very unlike me,1- Very unlike me,1- Very unlike me,1- Very unlike me,1- Very unlike me,5- Very like me,1- Very unlike me,5- Very like me,NA,NA,NA,NA,NA,NA,NA,NA,Oregon,Community service,Strongly oppose,2,2,1,1,Republican,Democrat,protesting without a permit
Female,White/Caucasian,"100,000 or more",4-year College Degree,Democrat,NA,NA,Strong Democrat,63,No,Yes,Yes,FALSE,FALSE,TRUE,TRUE,TRUE,TRUE,FALSE,FALSE,FALSE,FALSE,75,30,Neither agree nor disagree,Strongly disagree,Strongly disagree,No,No,1 - Not at all,1- Very unlike me,2,2,1- Very unlike me,2,1- Very unlike me,1- Very unlike me,1- Very unlike me,1- Very unlike me,1- Very unlike me,1- Very unlike me,1- Very unlike me,NA,NA,NA,NA,NA,NA,NA,NA,Oregon,Community service,Oppose,2,1,2,1,Republican,Democrat,vandalism
Female,White/Caucasian,"50,000 – 59,999",4-year College Degree,Republican,NA,Strong Republican,NA,74,No,No,Yes,TRUE,TRUE,TRUE,TRUE,TRUE,FALSE,FALSE,TRUE,FALSE,TRUE,0,76,Neither agree nor disagree,Somewhat agree,Neither agree nor disagree,No,No,1 - Not at all,1- Very unlike me,3,3,1- Very unlike me,2,2,1- Very unlike me,1- Very unlike me,1- Very unlike me,1- Very unlike me,1- Very unlike me,1- Very unlike me,NA,NA,NA,NA,Oregon,Neither support nor oppose,Unjustified,Yes,NA,NA,NA,1,2,2,1,Democrat,Republican,NA
Male,White/Caucasian,"40,000 – 49,999",High School / GED,Republican,NA,Strong Republican,NA,70,Yes,No,Yes,FALSE,TRUE,TRUE,TRUE,TRUE,FALSE,FALSE,FALSE,FALSE,TRUE,0,80,Somewhat agree,Strongly disagree,Neither agree nor disagree,No,No,1 - Not at all,5- Very like me,1- Very unlike me,1- Very unlike me,5- Very like me,1- Very unlike me,1- Very unlike me,1- Very unlike me,3,1- Very unlike me,1- Very unlike me,1- Very unlike me,3,NA,NA,NA,NA,Nevada,Strongly oppose,Unjustified,Yes,NA,NA,NA,1,2,2,1,Democrat,Republican,NA
Male,White/Caucasian,"50,000 – 59,999",4-year College Degree,Republican,NA,Not a strong Republican,NA,71,No,No,Yes,TRUE,TRUE,TRUE,TRUE,TRUE,TRUE,FALSE,TRUE,FALSE,TRUE,0,65,Neither agree nor disagree,Somewhat agree,Neither agree nor disagree,No,No,1 - Not at all,1- Very unlike me,2,4,1- Very unlike me,1- Very unlike me,2,2,1- Very unlike me,1- Very unlike me,1- Very unlike me,1- Very unlike me,1- Very unlike me,Florida,Strongly oppose,Unjustified,Yes,NA,NA,NA,NA,NA,NA,NA,1,2,1,1,Democrat,Republican,NA
Female,White/Caucasian,"40,000 – 49,999",High School / GED,Republican,NA,Not a strong Republican,NA,70,No,No,No,FALSE,TRUE,TRUE,TRUE,TRUE,TRUE,FALSE,TRUE,TRUE,FALSE,51,51,Neither agree nor disagree,Strongly disagree,Neither agree nor disagree,No,No,1 - Not at all,1- Very unlike me,1- Very unlike me,2,1- Very unlike me,1- Very unlike me,3,1- Very unlike me,2,1- Very unlike me,1- Very unlike me,1- Very unlike me,1- Very unlike me,Florida,Strongly oppose,Unjustified,Yes,NA,NA,NA,NA,NA,NA,NA,1,2,1,1,Democrat,Republican,NA
Female,White/Caucasian,"Less than 30,000",High School / GED,Other,Neither,NA,NA,NA,NA,NA,NA,NA,NA,NA,NA,NA,NA,NA,NA,NA,NA,,,NA,NA,NA,NA,NA,NA,NA,NA,NA,NA,NA,NA,NA,NA,NA,NA,NA,NA,NA,NA,NA,NA,NA,NA,NA,NA,NA,NA,NA,2,2,2,2,NA,NA,NA
Female,White/Caucasian,"40,000 – 49,999",Some College,Democrat,NA,NA,Strong Democrat,55,NA,NA,NA,FALSE,TRUE,TRUE,TRUE,TRUE,TRUE,TRUE,TRUE,FALSE,FALSE,98,0,Neither agree nor disagree,Strongly disagree,Neither agree nor disagree,No,No,1 - Not at all,1- Very unlike me,3,2,1- Very unlike me,2,1- Very unlike me,1- Very unlike me,1- Very unlike me,2,1- Very unlike me,2,1- Very unlike me,NA,NA,NA,NA,Oregon,Support,Unjustified,Yes,NA,NA,NA,1,2,2,1,Republican,Democrat,NA
Female,White/Caucasian,"100,000 or more",High School / GED,Republican,NA,Not a strong Republican,NA,58,No,No,Yes,TRUE,TRUE,TRUE,TRUE,TRUE,FALSE,TRUE,TRUE,TRUE,FALSE,36,62,Neither agree nor disagree,Strongly disagree,Somewhat disagree,No,No,1 - Not at all,1- Very unlike me,3,3,1- Very unlike me,1- Very unlike me,2,1- Very unlike me,1- Very unlike me,1- Very unlike me,1- Very unlike me,1- Very unlike me,1- Very unlike me,NA,NA,NA,NA,NA,NA,NA,NA,Oregon,6 - 10 years in prison,Oppose,2,2,1,1,Democrat,Republican,assault with a deadly weapon
Female,White/Caucasian,"40,000 – 49,999",High School / GED,Republican,NA,Strong Republican,NA,66,NA,NA,NA,NA,NA,NA,NA,NA,NA,NA,NA,NA,NA,,,NA,NA,NA,NA,NA,NA,NA,NA,NA,NA,NA,NA,NA,NA,NA,NA,NA,NA,NA,NA,NA,NA,NA,NA,NA,NA,NA,NA,NA,2,2,2,2,NA,NA,NA
Male,White/Caucasian,"60,000 – 69,999",High School / GED,Republican,NA,Strong Republican,NA,63,No,No,Yes,FALSE,TRUE,TRUE,TRUE,TRUE,TRUE,FALSE,FALSE,TRUE,TRUE,12,86,Neither agree nor disagree,Strongly agree,Neither agree nor disagree,Yes,No,1 - Not at all,4,3,5- Very like me,4,3,1- Very unlike me,2,1- Very unlike me,3,1- Very unlike me,4,3,Florida,Strongly oppose,Unjustified,Yes,NA,NA,NA,NA,NA,NA,NA,1,2,1,1,Democrat,Republican,NA
Female,White/Caucasian,"50,000 – 59,999",Some College,Republican,NA,Strong Republican,NA,56,NA,NA,NA,NA,NA,NA,NA,NA,NA,NA,NA,NA,NA,,,NA,NA,NA,NA,NA,NA,NA,NA,NA,NA,NA,NA,NA,NA,NA,NA,NA,NA,NA,NA,NA,NA,NA,NA,NA,NA,NA,NA,NA,1,2,1,2,NA,NA,NA
Male,White/Caucasian,"60,000 – 69,999",4-year College Degree,Democrat,NA,NA,Strong Democrat,59,No,No,Yes,FALSE,FALSE,TRUE,FALSE,TRUE,TRUE,FALSE,TRUE,FALSE,TRUE,71,0,Somewhat disagree,Strongly disagree,Somewhat disagree,No,Yes,1 - Not at all,1- Very unlike me,5- Very like me,1- Very unlike me,1- Very unlike me,1- Very unlike me,2,1- Very unlike me,1- Very unlike me,3,3,1- Very unlike me,1- Very unlike me,Florida,Strongly oppose,Unjustified,Yes,NA,NA,NA,NA,NA,NA,NA,1,1,1,1,Republican,Democrat,NA
Female,White/Caucasian,"100,000 or more",Masters Degree,Republican,NA,Strong Republican,NA,54,No,No,Yes,TRUE,TRUE,TRUE,TRUE,TRUE,TRUE,FALSE,FALSE,TRUE,FALSE,54,91,Somewhat agree,Strongly disagree,Strongly disagree,No,No,1 - Not at all,1- Very unlike me,1- Very unlike me,3,2,1- Very unlike me,3,2,1- Very unlike me,1- Very unlike me,1- Very unlike me,1- Very unlike me,1- Very unlike me,NA,NA,NA,NA,NA,NA,NA,NA,Oregon,Community service,Neither support nor oppose,2,1,1,1,Democrat,Republican,arson
Male,White/Caucasian,"50,000 – 59,999",Masters Degree,Democrat,NA,NA,Not a strong Democrat,79,No,Yes,Yes,FALSE,FALSE,TRUE,TRUE,TRUE,FALSE,FALSE,TRUE,FALSE,FALSE,70,35,Somewhat disagree,Strongly disagree,Strongly disagree,No,No,1 - Not at all,1- Very unlike me,3,1- Very unlike me,1- Very unlike me,1- Very unlike me,1- Very unlike me,1- Very unlike me,1- Very unlike me,1- Very unlike me,1- Very unlike me,1- Very unlike me,1- Very unlike me,Florida,Strongly oppose,Unjustified,Yes,NA,NA,NA,NA,NA,NA,NA,1,1,1,1,Republican,Democrat,NA
Female,White/Caucasian,"Less than 30,000",4-year College Degree,Democrat,NA,NA,Not a strong Democrat,51,No,No,Yes,FALSE,TRUE,TRUE,FALSE,TRUE,FALSE,TRUE,FALSE,FALSE,TRUE,61,60,Neither agree nor disagree,Strongly disagree,Strongly disagree,No,No,1 - Not at all,1- Very unlike me,3,1- Very unlike me,1- Very unlike me,1- Very unlike me,1- Very unlike me,1- Very unlike me,1- Very unlike me,1- Very unlike me,1- Very unlike me,1- Very unlike me,1- Very unlike me,NA,NA,NA,NA,NA,NA,NA,NA,Oregon,2 - 5 years in prison,Strongly oppose,2,1,2,1,Republican,Democrat,arson
Female,White/Caucasian,"70,000 – 79,999",2-year College Degree,Democrat,NA,NA,Strong Democrat,76,No,No,Yes,TRUE,TRUE,TRUE,TRUE,TRUE,FALSE,TRUE,TRUE,TRUE,TRUE,83,43,Neither agree nor disagree,Strongly disagree,Strongly disagree,No,No,1 - Not at all,1- Very unlike me,1- Very unlike me,4,1- Very unlike me,1- Very unlike me,3,1- Very unlike me,1- Very unlike me,1- Very unlike me,1- Very unlike me,1- Very unlike me,1- Very unlike me,NA,NA,NA,NA,NA,NA,NA,NA,Oregon,Community service,Support,2,2,1,1,Republican,Democrat,vandalism
Female,White/Caucasian,"100,000 or more",High School / GED,Independent,Republican Party,NA,NA,69,No,No,Yes,FALSE,TRUE,TRUE,TRUE,TRUE,FALSE,FALSE,FALSE,FALSE,TRUE,30,51,Somewhat agree,Strongly disagree,Neither agree nor disagree,Yes,Yes,3,2,4,1- Very unlike me,2,1- Very unlike me,1- Very unlike me,1- Very unlike me,1- Very unlike me,1- Very unlike me,1- Very unlike me,1- Very unlike me,1- Very unlike me,NA,NA,NA,NA,NA,NA,NA,NA,Oregon,2 - 5 years in prison,Strongly oppose,2,1,1,1,Democrat,Republican,assault with a deadly weapon
Female,White/Caucasian,"50,000 – 59,999",4-year College Degree,Republican,NA,Not a strong Republican,NA,51,No,No,Yes,TRUE,TRUE,TRUE,TRUE,TRUE,FALSE,FALSE,FALSE,FALSE,TRUE,100,100,Strongly disagree,Strongly disagree,Strongly disagree,No,No,1 - Not at all,1- Very unlike me,1- Very unlike me,2,1- Very unlike me,1- Very unlike me,1- Very unlike me,1- Very unlike me,1- Very unlike me,1- Very unlike me,1- Very unlike me,2,1- Very unlike me,NA,NA,NA,NA,NA,NA,NA,NA,Washington,Community service,Oppose,2,1,1,1,Democrat,Republican,vandalism
Male,White/Caucasian,"30,000 – 39,999",2-year College Degree,Republican,NA,Strong Republican,NA,69,NA,NA,NA,FALSE,TRUE,TRUE,TRUE,TRUE,FALSE,FALSE,FALSE,FALSE,FALSE,0,93,Strongly agree,Strongly disagree,Somewhat agree,No,No,1 - Not at all,1- Very unlike me,3,1- Very unlike me,1- Very unlike me,3,1- Very unlike me,1- Very unlike me,1- Very unlike me,1- Very unlike me,1- Very unlike me,1- Very unlike me,1- Very unlike me,NA,NA,NA,NA,NA,NA,NA,NA,Oregon,More than 20 years in prison,Strongly oppose,2,1,2,1,Democrat,Republican,murder
Female,White/Caucasian,"40,000 – 49,999",4-year College Degree,Republican,NA,Strong Republican,NA,54,NA,NA,NA,FALSE,TRUE,TRUE,TRUE,TRUE,FALSE,FALSE,FALSE,FALSE,TRUE,45,100,Somewhat agree,Strongly disagree,Strongly disagree,No,No,3,1- Very unlike me,1- Very unlike me,3,1- Very unlike me,1- Very unlike me,3,1- Very unlike me,1- Very unlike me,1- Very unlike me,1- Very unlike me,1- Very unlike me,1- Very unlike me,NA,NA,NA,NA,NA,NA,NA,NA,Oregon,Community service,Neither support nor oppose,2,2,2,1,Democrat,Republican,assault
Female,White/Caucasian,"40,000 – 49,999",High School / GED,Democrat,NA,NA,Strong Democrat,63,No,No,Yes,FALSE,TRUE,TRUE,TRUE,TRUE,TRUE,FALSE,TRUE,FALSE,TRUE,89,11,Neither agree nor disagree,Strongly disagree,Neither agree nor disagree,No,No,1 - Not at all,2,2,3,2,3,2,3,2,2,2,2,2,NA,NA,NA,NA,Oregon,Strongly support,Unjustified,Yes,NA,NA,NA,1,1,2,1,Republican,Democrat,NA
Male,White/Caucasian,"50,000 – 59,999",4-year College Degree,Republican,NA,Not a strong Republican,NA,61,No,No,Yes,FALSE,TRUE,TRUE,TRUE,TRUE,FALSE,FALSE,TRUE,TRUE,TRUE,60,90,Strongly disagree,Somewhat agree,Neither agree nor disagree,Yes,No,1 - Not at all,3,3,3,3,3,3,2,1- Very unlike me,2,2,2,2,NA,NA,NA,NA,Oregon,Support,Unjustified,Yes,NA,NA,NA,1,1,2,1,Democrat,Republican,NA
Male,White/Caucasian,"40,000 – 49,999",Some College,Democrat,NA,NA,Strong Democrat,63,No,No,Yes,TRUE,TRUE,TRUE,TRUE,TRUE,FALSE,FALSE,FALSE,FALSE,FALSE,100,6,Neither agree nor disagree,Neither agree nor disagree,Neither agree nor disagree,No,No,1 - Not at all,1- Very unlike me,2,2,3,1- Very unlike me,3,1- Very unlike me,1- Very unlike me,1- Very unlike me,1- Very unlike me,1- Very unlike me,1- Very unlike me,NA,NA,NA,NA,Oregon,Strongly oppose,Unjustified,Yes,NA,NA,NA,1,1,2,1,Republican,Democrat,NA
Female,White/Caucasian,"40,000 – 49,999",4-year College Degree,Republican,NA,Not a strong Republican,NA,68,NA,NA,NA,FALSE,TRUE,TRUE,TRUE,TRUE,FALSE,FALSE,TRUE,FALSE,FALSE,8,60,Neither agree nor disagree,Strongly disagree,Neither agree nor disagree,No,No,1 - Not at all,3,2,3,2,2,4,2,1- Very unlike me,1- Very unlike me,1- Very unlike me,1- Very unlike me,1- Very unlike me,Florida,Strongly oppose,Unjustified,Yes,NA,NA,NA,NA,NA,NA,NA,1,1,1,1,Democrat,Republican,NA
Male,White/Caucasian,"Less than 30,000",Some College,Republican,NA,Not a strong Republican,NA,69,No,No,No,TRUE,TRUE,FALSE,TRUE,TRUE,FALSE,FALSE,TRUE,TRUE,TRUE,41,61,Neither agree nor disagree,Strongly disagree,Neither agree nor disagree,No,No,1 - Not at all,1- Very unlike me,3,2,1- Very unlike me,3,1- Very unlike me,1- Very unlike me,1- Very unlike me,1- Very unlike me,1- Very unlike me,1- Very unlike me,1- Very unlike me,NA,NA,NA,NA,NA,NA,NA,NA,Washington,4 - 6 months in jail,Oppose,2,2,1,1,Democrat,Republican,assault with a deadly weapon
Female,White/Caucasian,"Less than 30,000",High School / GED,Republican,NA,Not a strong Republican,NA,63,No,No,No,TRUE,TRUE,TRUE,TRUE,TRUE,FALSE,FALSE,TRUE,FALSE,FALSE,60,65,Strongly agree,Strongly agree,Neither agree nor disagree,No,No,3,3,3,4,3,1- Very unlike me,4,4,1- Very unlike me,1- Very unlike me,1- Very unlike me,2,2,Georgia,Strongly oppose,Unjustified,Yes,NA,NA,NA,NA,NA,NA,NA,1,1,1,1,Democrat,Republican,NA
Male,White/Caucasian,"40,000 – 49,999",Some College,Democrat,NA,NA,Strong Democrat,49,No,No,Yes,TRUE,TRUE,TRUE,TRUE,TRUE,TRUE,FALSE,FALSE,TRUE,FALSE,92,60,Somewhat agree,Somewhat agree,Somewhat disagree,No,No,2,1- Very unlike me,2,1- Very unlike me,1- Very unlike me,3,2,3,2,4,4,3,3,NA,NA,NA,NA,NA,NA,NA,NA,Florida,7 months to 1 year in jail,Strongly support,2,1,1,1,Republican,Democrat,arson
Male,White/Caucasian,"60,000 – 69,999",4-year College Degree,Republican,NA,Strong Republican,NA,78,No,Yes,Yes,TRUE,TRUE,TRUE,TRUE,TRUE,TRUE,FALSE,FALSE,TRUE,FALSE,10,94,Strongly disagree,Somewhat agree,Neither agree nor disagree,No,No,1 - Not at all,3,4,3,1- Very unlike me,4,3,2,1- Very unlike me,3,4,2,3,NA,NA,NA,NA,NA,NA,NA,NA,California,Community service,Neither support nor oppose,2,1,2,1,Democrat,Republican,assault
Male,White/Caucasian,"30,000 – 39,999",High School / GED,Democrat,NA,NA,Strong Democrat,64,No,No,Yes,TRUE,TRUE,TRUE,TRUE,TRUE,FALSE,FALSE,FALSE,FALSE,FALSE,69,9,Neither agree nor disagree,Strongly disagree,Neither agree nor disagree,No,No,1 - Not at all,2,3,3,2,2,3,2,1- Very unlike me,2,2,1- Very unlike me,1- Very unlike me,NA,NA,NA,NA,NA,NA,NA,NA,Oregon,More than 20 years in prison,Strongly oppose,2,2,1,1,Republican,Democrat,murder
Female,White/Caucasian,"80,000 – 89,999",Some College,Republican,NA,Strong Republican,NA,77,No,No,Yes,FALSE,TRUE,TRUE,TRUE,TRUE,TRUE,TRUE,FALSE,TRUE,FALSE,50,60,Strongly disagree,Strongly disagree,Strongly disagree,No,No,1 - Not at all,1- Very unlike me,2,1- Very unlike me,1- Very unlike me,1- Very unlike me,1- Very unlike me,1- Very unlike me,1- Very unlike me,1- Very unlike me,1- Very unlike me,1- Very unlike me,1- Very unlike me,NA,NA,NA,NA,Oregon,Strongly oppose,Unjustified,Yes,NA,NA,NA,1,2,2,1,Democrat,Republican,NA
Male,White/Caucasian,"Less than 30,000",Less than High School,Democrat,NA,NA,Strong Democrat,50,NA,NA,NA,NA,NA,NA,NA,NA,NA,NA,NA,NA,NA,,,NA,NA,NA,NA,NA,NA,NA,NA,NA,NA,NA,NA,NA,NA,NA,NA,NA,NA,NA,NA,NA,NA,NA,NA,NA,NA,NA,NA,NA,2,2,2,2,NA,NA,NA
Male,White/Caucasian,"60,000 – 69,999",Masters Degree,Republican,NA,Strong Republican,NA,80,No,No,Yes,FALSE,FALSE,TRUE,TRUE,TRUE,TRUE,FALSE,FALSE,FALSE,TRUE,22,83,Neither agree nor disagree,Somewhat disagree,Neither agree nor disagree,No,No,1 - Not at all,1- Very unlike me,3,2,1- Very unlike me,3,3,2,1- Very unlike me,2,1- Very unlike me,2,1- Very unlike me,NA,NA,NA,NA,NA,NA,NA,NA,Oregon,2 - 5 years in prison,Neither support nor oppose,2,1,2,1,Democrat,Republican,assault with a deadly weapon
Female,White/Caucasian,"90,000 – 99,999",Some College,Republican,NA,Not a strong Republican,NA,53,No,No,No,TRUE,TRUE,TRUE,TRUE,TRUE,FALSE,FALSE,TRUE,TRUE,TRUE,60,60,Neither agree nor disagree,Neither agree nor disagree,Neither agree nor disagree,No,No,1 - Not at all,1- Very unlike me,2,3,2,2,4,2,1- Very unlike me,1- Very unlike me,1- Very unlike me,1- Very unlike me,1- Very unlike me,NA,NA,NA,NA,Oregon,Neither support nor oppose,Unjustified,Yes,NA,NA,NA,1,1,2,1,Democrat,Republican,NA
Male,White/Caucasian,"80,000 – 89,999",High School / GED,Republican,NA,Strong Republican,NA,73,No,No,Yes,FALSE,TRUE,TRUE,TRUE,TRUE,FALSE,TRUE,TRUE,FALSE,TRUE,19,76,Neither agree nor disagree,Neither agree nor disagree,Neither agree nor disagree,No,No,1 - Not at all,4,1- Very unlike me,3,3,1- Very unlike me,3,1- Very unlike me,1- Very unlike me,1- Very unlike me,1- Very unlike me,2,1- Very unlike me,NA,NA,NA,NA,NA,NA,NA,NA,California,More than 20 years in prison,Strongly oppose,2,1,2,1,Democrat,Republican,murder
Female,White/Caucasian,"100,000 or more",4-year College Degree,Independent,Neither,NA,NA,NA,NA,NA,NA,NA,NA,NA,NA,NA,NA,NA,NA,NA,NA,,,NA,NA,NA,NA,NA,NA,NA,NA,NA,NA,NA,NA,NA,NA,NA,NA,NA,NA,NA,NA,NA,NA,NA,NA,NA,NA,NA,NA,NA,1,2,2,2,NA,NA,NA
Male,White/Caucasian,"30,000 – 39,999",High School / GED,Republican,NA,Strong Republican,NA,66,No,Yes,Yes,TRUE,TRUE,TRUE,TRUE,TRUE,FALSE,FALSE,TRUE,FALSE,FALSE,30,71,Somewhat agree,Somewhat agree,Neither agree nor disagree,No,No,1 - Not at all,1- Very unlike me,2,1- Very unlike me,1- Very unlike me,1- Very unlike me,1- Very unlike me,1- Very unlike me,1- Very unlike me,1- Very unlike me,1- Very unlike me,1- Very unlike me,1- Very unlike me,NA,NA,NA,NA,Oregon,Oppose,Unjustified,Yes,NA,NA,NA,1,2,2,1,Democrat,Republican,NA
Female,White/Caucasian,"Less than 30,000",High School / GED,Republican,NA,Strong Republican,NA,68,No,No,Yes,TRUE,TRUE,TRUE,TRUE,TRUE,FALSE,FALSE,FALSE,FALSE,FALSE,20,100,Neither agree nor disagree,Strongly disagree,Strongly disagree,No,No,1 - Not at all,1- Very unlike me,1- Very unlike me,3,1- Very unlike me,1- Very unlike me,4,1- Very unlike me,1- Very unlike me,1- Very unlike me,1- Very unlike me,1- Very unlike me,1- Very unlike me,NA,NA,NA,NA,NA,NA,NA,NA,California,Community service,Neither support nor oppose,2,2,2,1,Democrat,Republican,protesting without a permit
Male,White/Caucasian,"30,000 – 39,999",2-year College Degree,Republican,NA,Not a strong Republican,NA,65,NA,NA,NA,TRUE,TRUE,FALSE,TRUE,TRUE,TRUE,TRUE,TRUE,FALSE,TRUE,9,63,Neither agree nor disagree,Somewhat disagree,Neither agree nor disagree,Yes,No,3,4,5- Very like me,1- Very unlike me,2,4,1- Very unlike me,4,4,1- Very unlike me,3,1- Very unlike me,1- Very unlike me,NA,NA,NA,NA,NA,NA,NA,NA,Oregon,Community service,Support,2,2,1,1,Democrat,Republican,vandalism
Female,White/Caucasian,"100,000 or more",Some College,Republican,NA,Not a strong Republican,NA,55,No,No,Yes,FALSE,TRUE,TRUE,TRUE,TRUE,FALSE,FALSE,TRUE,TRUE,TRUE,52,76,Neither agree nor disagree,Strongly disagree,Strongly disagree,No,No,1 - Not at all,1- Very unlike me,1- Very unlike me,1- Very unlike me,1- Very unlike me,1- Very unlike me,1- Very unlike me,1- Very unlike me,1- Very unlike me,1- Very unlike me,1- Very unlike me,1- Very unlike me,1- Very unlike me,NA,NA,NA,NA,NA,NA,NA,NA,Oregon,More than 20 years in prison,Strongly oppose,2,2,2,1,Democrat,Republican,murder
Female,White/Caucasian,"30,000 – 39,999",High School / GED,Democrat,NA,NA,Not a strong Democrat,67,NA,NA,NA,NA,NA,NA,NA,NA,NA,NA,NA,NA,NA,,,NA,NA,NA,NA,NA,NA,NA,NA,NA,NA,NA,NA,NA,NA,NA,NA,NA,NA,NA,NA,NA,NA,NA,NA,NA,NA,NA,NA,NA,2,1,1,2,NA,NA,NA
Female,White/Caucasian,"70,000 – 79,999",4-year College Degree,Republican,NA,Not a strong Republican,NA,58,No,Yes,Yes,FALSE,TRUE,TRUE,TRUE,TRUE,TRUE,FALSE,TRUE,TRUE,FALSE,29,40,Strongly agree,Strongly disagree,Somewhat agree,No,No,1 - Not at all,1- Very unlike me,3,1- Very unlike me,1- Very unlike me,3,2,1- Very unlike me,1- Very unlike me,2,1- Very unlike me,1- Very unlike me,1- Very unlike me,NA,NA,NA,NA,NA,NA,NA,NA,California,2 - 3 months in jail,Oppose,2,2,2,1,Democrat,Republican,assault
Male,White/Caucasian,"40,000 – 49,999",High School / GED,Republican,NA,Strong Republican,NA,67,No,Yes,Yes,FALSE,TRUE,TRUE,TRUE,TRUE,FALSE,TRUE,TRUE,TRUE,FALSE,3,99,Neither agree nor disagree,Somewhat agree,Neither agree nor disagree,Yes,No,1 - Not at all,1- Very unlike me,2,3,2,2,3,1- Very unlike me,1- Very unlike me,1- Very unlike me,1- Very unlike me,4,1- Very unlike me,NA,NA,NA,NA,NA,NA,NA,NA,California,Community service,Oppose,2,1,2,1,Democrat,Republican,vandalism
Female,White/Caucasian,"30,000 – 39,999",High School / GED,Republican,NA,Strong Republican,NA,75,No,No,Yes,TRUE,FALSE,TRUE,TRUE,TRUE,TRUE,FALSE,TRUE,FALSE,TRUE,30,80,Strongly agree,Strongly disagree,Neither agree nor disagree,No,No,1 - Not at all,1- Very unlike me,2,2,1- Very unlike me,1- Very unlike me,1- Very unlike me,1- Very unlike me,1- Very unlike me,1- Very unlike me,1- Very unlike me,1- Very unlike me,1- Very unlike me,NA,NA,NA,NA,Oregon,Strongly oppose,Unjustified,Yes,NA,NA,NA,1,1,2,1,Democrat,Republican,NA
Female,White/Caucasian,"70,000 – 79,999",2-year College Degree,Democrat,NA,NA,Strong Democrat,69,No,No,Yes,FALSE,TRUE,TRUE,FALSE,TRUE,FALSE,FALSE,TRUE,FALSE,FALSE,100,15,Somewhat agree,Neither agree nor disagree,Neither agree nor disagree,No,No,1 - Not at all,1- Very unlike me,4,2,1- Very unlike me,3,2,2,1- Very unlike me,2,1- Very unlike me,2,1- Very unlike me,Florida,Strongly oppose,Unjustified,Yes,NA,NA,NA,NA,NA,NA,NA,1,2,1,1,Republican,Democrat,NA
Female,White/Caucasian,"100,000 or more",4-year College Degree,Republican,NA,Strong Republican,NA,75,No,No,Yes,FALSE,TRUE,TRUE,TRUE,TRUE,TRUE,FALSE,TRUE,TRUE,FALSE,18,82,Somewhat agree,Strongly disagree,Somewhat agree,No,No,1 - Not at all,1- Very unlike me,2,1- Very unlike me,1- Very unlike me,2,1- Very unlike me,1- Very unlike me,1- Very unlike me,1- Very unlike me,1- Very unlike me,1- Very unlike me,1- Very unlike me,Florida,Strongly oppose,Unjustified,Yes,NA,NA,NA,NA,NA,NA,NA,1,1,1,1,Democrat,Republican,NA
Male,White/Caucasian,"Less than 30,000",2-year College Degree,Democrat,NA,NA,Strong Democrat,59,No,Yes,Yes,FALSE,TRUE,TRUE,TRUE,TRUE,TRUE,TRUE,TRUE,TRUE,TRUE,92,10,Somewhat agree,Neither agree nor disagree,Neither agree nor disagree,No,No,1 - Not at all,2,3,2,4,3,4,3,2,3,2,3,1- Very unlike me,NA,NA,NA,NA,Oregon,Strongly support,Unjustified,Yes,NA,NA,NA,1,2,2,1,Republican,Democrat,NA
Male,White/Caucasian,"40,000 – 49,999",Some College,Republican,NA,Strong Republican,NA,65,NA,NA,NA,TRUE,TRUE,TRUE,TRUE,TRUE,FALSE,TRUE,TRUE,FALSE,TRUE,0,89,Neither agree nor disagree,Strongly agree,Neither agree nor disagree,No,No,1 - Not at all,1- Very unlike me,5- Very like me,3,1- Very unlike me,3,1- Very unlike me,3,1- Very unlike me,1- Very unlike me,1- Very unlike me,1- Very unlike me,1- Very unlike me,NA,NA,NA,NA,NA,NA,NA,NA,Oregon,7 months to 1 year in jail,Strongly oppose,2,2,2,1,Democrat,Republican,vandalism
Female,White/Caucasian,"100,000 or more",Some College,Independent,Republican Party,NA,NA,61,No,No,Yes,FALSE,TRUE,TRUE,FALSE,TRUE,FALSE,FALSE,FALSE,FALSE,FALSE,29,70,Neither agree nor disagree,Strongly disagree,Neither agree nor disagree,No,No,1 - Not at all,1- Very unlike me,2,2,2,2,1- Very unlike me,1- Very unlike me,1- Very unlike me,1- Very unlike me,1- Very unlike me,1- Very unlike me,1- Very unlike me,NA,NA,NA,NA,Oregon,Strongly oppose,Unjustified,Yes,NA,NA,NA,1,2,2,1,Democrat,Republican,NA
Female,White/Caucasian,"100,000 or more",4-year College Degree,Democrat,NA,NA,Strong Democrat,67,No,Yes,Yes,TRUE,TRUE,TRUE,TRUE,TRUE,FALSE,FALSE,FALSE,FALSE,FALSE,94,25,Neither agree nor disagree,Somewhat disagree,Neither agree nor disagree,No,No,1 - Not at all,1- Very unlike me,2,1- Very unlike me,1- Very unlike me,2,1- Very unlike me,2,1- Very unlike me,1- Very unlike me,1- Very unlike me,1- Very unlike me,2,NA,NA,NA,NA,NA,NA,NA,NA,Oregon,1 - 3 days in jail,Support,2,1,1,1,Republican,Democrat,protesting without a permit
Male,White/Caucasian,"100,000 or more",Masters Degree,Republican,NA,Strong Republican,NA,45,NA,NA,NA,TRUE,TRUE,FALSE,TRUE,TRUE,TRUE,TRUE,TRUE,TRUE,TRUE,100,100,Strongly agree,Strongly agree,Strongly agree,No,Yes,5 - A great deal,5- Very like me,5- Very like me,5- Very like me,5- Very like me,5- Very like me,5- Very like me,5- Very like me,5- Very like me,5- Very like me,5- Very like me,5- Very like me,5- Very like me,NA,NA,NA,NA,NA,NA,NA,NA,Oregon,11 - 15 years in prison,Strongly support,2,1,2,1,Democrat,Republican,arson
Male,White/Caucasian,"100,000 or more",Masters Degree,Democrat,NA,NA,Strong Democrat,44,NA,NA,NA,NA,NA,NA,NA,NA,NA,NA,NA,NA,NA,,,NA,NA,NA,NA,NA,NA,NA,NA,NA,NA,NA,NA,NA,NA,NA,NA,NA,NA,NA,NA,NA,NA,NA,NA,NA,NA,NA,NA,NA,1,2,1,,NA,NA,NA
Male,White/Caucasian,"70,000 – 79,999",2-year College Degree,Republican,NA,Not a strong Republican,NA,62,No,No,No,TRUE,TRUE,TRUE,TRUE,TRUE,FALSE,FALSE,FALSE,FALSE,FALSE,50,50,Neither agree nor disagree,Strongly disagree,Strongly disagree,No,No,1 - Not at all,3,1- Very unlike me,2,2,1- Very unlike me,3,1- Very unlike me,1- Very unlike me,1- Very unlike me,1- Very unlike me,1- Very unlike me,1- Very unlike me,Georgia,Neither support nor oppose,Unjustified,No,NA,NA,NA,NA,NA,NA,NA,1,1,1,1,Democrat,Republican,NA
Male,White/Caucasian,"100,000 or more",4-year College Degree,Republican,NA,Strong Republican,NA,74,No,Yes,Yes,TRUE,FALSE,TRUE,FALSE,TRUE,FALSE,FALSE,FALSE,FALSE,FALSE,12,92,Somewhat agree,Somewhat disagree,Somewhat disagree,No,No,1 - Not at all,2,2,1- Very unlike me,2,1- Very unlike me,2,2,2,3,2,2,2,NA,NA,NA,NA,NA,NA,NA,NA,Oregon,Community service,Support,2,2,2,1,Democrat,Republican,protesting without a permit
Female,White/Caucasian,"80,000 – 89,999",4-year College Degree,Republican,NA,Not a strong Republican,NA,70,No,No,Yes,FALSE,TRUE,TRUE,TRUE,TRUE,FALSE,FALSE,FALSE,FALSE,FALSE,80,80,Neither agree nor disagree,Strongly disagree,Neither agree nor disagree,No,No,1 - Not at all,1- Very unlike me,1- Very unlike me,1- Very unlike me,1- Very unlike me,2,1- Very unlike me,1- Very unlike me,1- Very unlike me,1- Very unlike me,1- Very unlike me,1- Very unlike me,1- Very unlike me,Florida,Strongly oppose,Unjustified,Yes,NA,NA,NA,NA,NA,NA,NA,1,2,1,1,Democrat,Republican,NA
Male,White/Caucasian,"Less than 30,000",Some College,Democrat,NA,NA,Strong Democrat,62,No,No,Yes,FALSE,FALSE,TRUE,FALSE,TRUE,TRUE,FALSE,TRUE,TRUE,TRUE,95,0,Strongly agree,Strongly agree,Neither agree nor disagree,No,Yes,1 - Not at all,2,2,5- Very like me,1- Very unlike me,4,4,3,1- Very unlike me,1- Very unlike me,1- Very unlike me,4,3,Florida,Strongly oppose,Unjustified,Yes,NA,NA,NA,NA,NA,NA,NA,1,2,1,1,Republican,Democrat,NA
Female,White/Caucasian,"70,000 – 79,999",2-year College Degree,Republican,NA,Not a strong Republican,NA,73,No,No,Yes,FALSE,TRUE,TRUE,FALSE,TRUE,FALSE,FALSE,TRUE,FALSE,FALSE,78,30,Neither agree nor disagree,Strongly disagree,Somewhat disagree,No,Yes,1 - Not at all,1- Very unlike me,2,3,1- Very unlike me,1- Very unlike me,1- Very unlike me,1- Very unlike me,1- Very unlike me,1- Very unlike me,1- Very unlike me,1- Very unlike me,1- Very unlike me,Florida,Strongly oppose,Unjustified,Yes,NA,NA,NA,NA,NA,NA,NA,1,1,1,1,Democrat,Republican,NA
Male,White/Caucasian,"Less than 30,000",Masters Degree,Republican,NA,Strong Republican,NA,67,NA,NA,NA,TRUE,TRUE,TRUE,TRUE,TRUE,TRUE,TRUE,FALSE,TRUE,TRUE,40,72,Neither agree nor disagree,Strongly disagree,Somewhat disagree,No,No,1 - Not at all,1- Very unlike me,3,1- Very unlike me,1- Very unlike me,2,2,2,2,1- Very unlike me,3,1- Very unlike me,1- Very unlike me,Florida,Strongly oppose,Unjustified,Yes,NA,NA,NA,NA,NA,NA,NA,1,2,1,1,Democrat,Republican,NA
Male,White/Caucasian,"Less than 30,000",Less than High School,Democrat,NA,NA,Strong Democrat,55,No,No,No,FALSE,TRUE,TRUE,TRUE,TRUE,FALSE,TRUE,TRUE,TRUE,TRUE,84,9,Somewhat disagree,Somewhat agree,Somewhat agree,No,No,1 - Not at all,3,3,4,3,3,4,4,3,3,4,4,4,Florida,Neither support nor oppose,Unjustified,Yes,NA,NA,NA,NA,NA,NA,NA,1,1,1,1,Republican,Democrat,NA
Female,White/Caucasian,"30,000 – 39,999",Some College,Republican,NA,Not a strong Republican,NA,68,No,No,Yes,FALSE,TRUE,TRUE,TRUE,TRUE,TRUE,FALSE,TRUE,FALSE,FALSE,29,70,Somewhat agree,Strongly disagree,Neither agree nor disagree,No,No,1 - Not at all,1- Very unlike me,3,3,1- Very unlike me,1- Very unlike me,1- Very unlike me,1- Very unlike me,1- Very unlike me,1- Very unlike me,2,1- Very unlike me,1- Very unlike me,NA,NA,NA,NA,NA,NA,NA,NA,Washington,4 - 30 days in jail,Neither support nor oppose,2,1,1,1,Democrat,Republican,assault
Female,White/Caucasian,"30,000 – 39,999",High School / GED,Independent,Neither,NA,NA,NA,NA,NA,NA,NA,NA,NA,NA,NA,NA,NA,NA,NA,NA,,,NA,NA,NA,NA,NA,NA,NA,NA,NA,NA,NA,NA,NA,NA,NA,NA,NA,NA,NA,NA,NA,NA,NA,NA,NA,NA,NA,NA,NA,1,2,2,2,NA,NA,NA
Male,White/Caucasian,"Less than 30,000",2-year College Degree,Republican,NA,Not a strong Republican,NA,70,No,No,Yes,FALSE,TRUE,TRUE,TRUE,TRUE,FALSE,FALSE,TRUE,FALSE,FALSE,81,0,Strongly disagree,Strongly disagree,Strongly disagree,No,No,1 - Not at all,3,3,1- Very unlike me,3,3,3,1- Very unlike me,1- Very unlike me,1- Very unlike me,1- Very unlike me,1- Very unlike me,1- Very unlike me,NA,NA,NA,NA,NA,NA,NA,NA,Oregon,More than 20 years in prison,Strongly oppose,2,1,2,1,Democrat,Republican,murder
Male,White/Caucasian,"90,000 – 99,999",Some College,Democrat,NA,NA,Strong Democrat,61,No,No,Yes,FALSE,TRUE,TRUE,TRUE,TRUE,TRUE,FALSE,FALSE,TRUE,FALSE,82,26,Neither agree nor disagree,Strongly disagree,Neither agree nor disagree,No,No,1 - Not at all,1- Very unlike me,2,1- Very unlike me,1- Very unlike me,1- Very unlike me,2,1- Very unlike me,1- Very unlike me,1- Very unlike me,1- Very unlike me,1- Very unlike me,1- Very unlike me,Florida,Strongly oppose,Unjustified,Yes,NA,NA,NA,NA,NA,NA,NA,1,1,1,1,Republican,Democrat,NA
Female,White/Caucasian,"60,000 – 69,999",4-year College Degree,Republican,NA,Strong Republican,NA,50,No,No,Yes,FALSE,FALSE,TRUE,FALSE,TRUE,FALSE,FALSE,TRUE,FALSE,TRUE,39,61,Neither agree nor disagree,Neither agree nor disagree,Neither agree nor disagree,No,No,3,3,3,3,3,3,3,3,3,3,3,3,3,South Carolina,Neither support nor oppose,Unjustified,Yes,NA,NA,NA,NA,NA,NA,NA,1,2,1,1,Democrat,Republican,NA
Female,White/Caucasian,"Less than 30,000",High School / GED,Republican,NA,Not a strong Republican,NA,46,No,No,No,TRUE,TRUE,TRUE,TRUE,TRUE,FALSE,TRUE,TRUE,FALSE,FALSE,50,50,Neither agree nor disagree,Neither agree nor disagree,Neither agree nor disagree,No,No,1 - Not at all,1- Very unlike me,3,3,1- Very unlike me,1- Very unlike me,3,3,1- Very unlike me,1- Very unlike me,1- Very unlike me,1- Very unlike me,1- Very unlike me,Florida,Strongly oppose,Unjustified,Yes,NA,NA,NA,NA,NA,NA,NA,1,2,1,1,Democrat,Republican,NA
Male,White/Caucasian,"100,000 or more",4-year College Degree,Republican,NA,Not a strong Republican,NA,79,No,No,Yes,TRUE,TRUE,TRUE,FALSE,TRUE,TRUE,TRUE,TRUE,FALSE,TRUE,74,74,Neither agree nor disagree,Strongly disagree,Neither agree nor disagree,No,No,1 - Not at all,4,2,2,1- Very unlike me,1- Very unlike me,2,1- Very unlike me,1- Very unlike me,2,1- Very unlike me,1- Very unlike me,1- Very unlike me,NA,NA,NA,NA,Oregon,Strongly oppose,Unjustified,Yes,NA,NA,NA,1,1,2,1,Democrat,Republican,NA
Male,White/Caucasian,"30,000 – 39,999",High School / GED,Republican,NA,Strong Republican,NA,61,No,No,No,FALSE,TRUE,TRUE,TRUE,TRUE,FALSE,TRUE,TRUE,FALSE,FALSE,0,20,Strongly agree,Neither agree nor disagree,Strongly agree,No,No,1 - Not at all,3,5- Very like me,4,1- Very unlike me,1- Very unlike me,2,1- Very unlike me,1- Very unlike me,1- Very unlike me,1- Very unlike me,1- Very unlike me,1- Very unlike me,NA,NA,NA,NA,Oregon,Strongly oppose,Unjustified,Yes,NA,NA,NA,1,2,2,1,Democrat,Republican,NA
Male,White/Caucasian,"100,000 or more",Masters Degree,Democrat,NA,NA,Not a strong Democrat,49,No,No,Yes,FALSE,TRUE,TRUE,TRUE,TRUE,FALSE,FALSE,TRUE,TRUE,FALSE,50,40,Neither agree nor disagree,Strongly disagree,Neither agree nor disagree,No,No,1 - Not at all,1- Very unlike me,3,2,1- Very unlike me,2,1- Very unlike me,2,1- Very unlike me,1- Very unlike me,1- Very unlike me,2,2,NA,NA,NA,NA,Oregon,Support,Unjustified,Yes,NA,NA,NA,1,1,2,1,Republican,Democrat,NA
Female,White/Caucasian,"60,000 – 69,999",4-year College Degree,Independent,Democratic Party,NA,NA,54,No,No,Yes,FALSE,TRUE,TRUE,TRUE,TRUE,TRUE,FALSE,TRUE,FALSE,TRUE,82,10,Neither agree nor disagree,Strongly disagree,Neither agree nor disagree,No,No,1 - Not at all,1- Very unlike me,4,4,1- Very unlike me,4,3,3,1- Very unlike me,2,3,2,2,NA,NA,NA,NA,NA,NA,NA,NA,Oregon,Community service,Neither support nor oppose,2,1,2,1,Republican,Democrat,protesting without a permit
Female,White/Caucasian,"90,000 – 99,999",High School / GED,Republican,NA,Not a strong Republican,NA,55,No,No,Yes,TRUE,TRUE,TRUE,TRUE,TRUE,TRUE,FALSE,FALSE,TRUE,FALSE,11,66,Neither agree nor disagree,Neither agree nor disagree,Neither agree nor disagree,No,No,1 - Not at all,1- Very unlike me,3,3,1- Very unlike me,1- Very unlike me,4,1- Very unlike me,1- Very unlike me,1- Very unlike me,2,3,2,NA,NA,NA,NA,NA,NA,NA,NA,Oregon,Community service,Neither support nor oppose,2,2,1,1,Democrat,Republican,assault
Male,White/Caucasian,"Less than 30,000",High School / GED,Republican,NA,Not a strong Republican,NA,61,No,No,Yes,TRUE,TRUE,TRUE,TRUE,TRUE,FALSE,FALSE,FALSE,FALSE,TRUE,63,85,Somewhat agree,Strongly disagree,Somewhat disagree,No,No,1 - Not at all,4,1- Very unlike me,1- Very unlike me,2,1- Very unlike me,3,1- Very unlike me,1- Very unlike me,1- Very unlike me,1- Very unlike me,1- Very unlike me,1- Very unlike me,NA,NA,NA,NA,NA,NA,NA,NA,Washington,2 - 5 years in prison,Oppose,2,1,1,1,Democrat,Republican,assault with a deadly weapon
Male,White/Caucasian,"70,000 – 79,999",Some College,Republican,NA,Not a strong Republican,NA,67,No,No,No,TRUE,TRUE,TRUE,TRUE,TRUE,FALSE,TRUE,TRUE,FALSE,FALSE,20,82,Neither agree nor disagree,Neither agree nor disagree,Neither agree nor disagree,No,No,1 - Not at all,1- Very unlike me,3,4,1- Very unlike me,1- Very unlike me,3,1- Very unlike me,1- Very unlike me,1- Very unlike me,1- Very unlike me,1- Very unlike me,1- Very unlike me,NA,NA,NA,NA,NA,NA,NA,NA,Oregon,More than 20 years in prison,Strongly oppose,2,1,1,1,Democrat,Republican,murder
Female,White/Caucasian,"100,000 or more",High School / GED,Independent,Democratic Party,NA,NA,53,No,No,No,FALSE,FALSE,TRUE,FALSE,TRUE,TRUE,FALSE,FALSE,TRUE,TRUE,87,0,Neither agree nor disagree,Neither agree nor disagree,Neither agree nor disagree,No,No,1 - Not at all,1- Very unlike me,5- Very like me,5- Very like me,1- Very unlike me,5- Very like me,5- Very like me,5- Very like me,1- Very unlike me,5- Very like me,5- Very like me,1- Very unlike me,5- Very like me,Florida,Neither support nor oppose,Unjustified,Yes,NA,NA,NA,NA,NA,NA,NA,1,2,1,1,Republican,Democrat,NA
Female,White/Caucasian,"Less than 30,000",High School / GED,Democrat,NA,NA,Strong Democrat,45,No,No,Yes,TRUE,TRUE,TRUE,FALSE,TRUE,TRUE,FALSE,TRUE,TRUE,FALSE,51,35,Neither agree nor disagree,Neither agree nor disagree,Neither agree nor disagree,No,No,1 - Not at all,3,2,3,3,2,3,2,3,1- Very unlike me,1- Very unlike me,3,3,NA,NA,NA,NA,Oregon,Strongly support,Unjustified,Yes,NA,NA,NA,1,2,2,1,Republican,Democrat,NA
Male,White/Caucasian,"Less than 30,000",2-year College Degree,Democrat,NA,NA,Not a strong Democrat,70,No,Yes,Yes,FALSE,TRUE,TRUE,TRUE,TRUE,TRUE,TRUE,FALSE,TRUE,FALSE,71,10,Somewhat agree,Neither agree nor disagree,Neither agree nor disagree,No,No,1 - Not at all,1- Very unlike me,4,2,1- Very unlike me,2,2,2,1- Very unlike me,2,2,3,1- Very unlike me,Florida,Strongly oppose,Unjustified,Yes,NA,NA,NA,NA,NA,NA,NA,1,1,1,1,Republican,Democrat,NA
Female,White/Caucasian,"70,000 – 79,999",High School / GED,Republican,NA,Not a strong Republican,NA,57,No,No,Yes,FALSE,FALSE,TRUE,FALSE,TRUE,TRUE,FALSE,TRUE,TRUE,TRUE,25,35,Neither agree nor disagree,Strongly disagree,Strongly disagree,No,No,1 - Not at all,1- Very unlike me,4,3,1- Very unlike me,1- Very unlike me,3,1- Very unlike me,1- Very unlike me,2,1- Very unlike me,2,1- Very unlike me,NA,NA,NA,NA,NA,NA,NA,NA,Oregon,Community service,Neither support nor oppose,2,1,2,1,Democrat,Republican,vandalism
Male,White/Caucasian,"70,000 – 79,999",4-year College Degree,Republican,NA,Not a strong Republican,NA,62,No,No,Yes,FALSE,TRUE,TRUE,TRUE,TRUE,FALSE,TRUE,TRUE,TRUE,TRUE,59,28,Neither agree nor disagree,Strongly disagree,Neither agree nor disagree,No,Yes,1 - Not at all,4,3,4,4,4,3,4,2,4,3,2,2,NA,NA,NA,NA,NA,NA,NA,NA,Alaska,4 - 30 days in jail,Oppose,2,2,1,1,Democrat,Republican,assault
Male,White/Caucasian,"100,000 or more",4-year College Degree,Republican,NA,Strong Republican,NA,56,No,No,Yes,FALSE,TRUE,TRUE,TRUE,TRUE,FALSE,FALSE,FALSE,FALSE,FALSE,0,100,Strongly agree,Neither agree nor disagree,Neither agree nor disagree,No,No,1 - Not at all,1- Very unlike me,2,2,1- Very unlike me,1- Very unlike me,2,1- Very unlike me,1- Very unlike me,2,1- Very unlike me,2,1- Very unlike me,NA,NA,NA,NA,Oregon,Oppose,Unjustified,Yes,NA,NA,NA,1,1,2,1,Democrat,Republican,NA
Female,White/Caucasian,"50,000 – 59,999",2-year College Degree,Republican,NA,Strong Republican,NA,58,No,No,Yes,FALSE,FALSE,TRUE,TRUE,TRUE,FALSE,FALSE,TRUE,FALSE,TRUE,0,51,Strongly agree,Strongly disagree,Neither agree nor disagree,No,No,1 - Not at all,1- Very unlike me,4,1- Very unlike me,1- Very unlike me,3,2,1- Very unlike me,1- Very unlike me,3,1- Very unlike me,1- Very unlike me,1- Very unlike me,Florida,Strongly oppose,Unjustified,Yes,NA,NA,NA,NA,NA,NA,NA,1,1,1,1,Democrat,Republican,NA
Female,White/Caucasian,"Less than 30,000",Less than High School,Republican,NA,Strong Republican,NA,59,No,No,Yes,FALSE,TRUE,TRUE,TRUE,TRUE,FALSE,FALSE,TRUE,FALSE,TRUE,30,100,Somewhat disagree,Strongly disagree,Somewhat disagree,No,No,1 - Not at all,5- Very like me,1- Very unlike me,5- Very like me,5- Very like me,1- Very unlike me,5- Very like me,1- Very unlike me,1- Very unlike me,5- Very like me,1- Very unlike me,1- Very unlike me,1- Very unlike me,Texas,Oppose,Unjustified,No,NA,NA,NA,NA,NA,NA,NA,1,2,1,1,Democrat,Republican,NA
Male,White/Caucasian,"60,000 – 69,999",4-year College Degree,Republican,NA,Strong Republican,NA,77,No,No,Yes,FALSE,TRUE,TRUE,FALSE,TRUE,FALSE,TRUE,FALSE,TRUE,TRUE,30,51,Somewhat agree,Neither agree nor disagree,NA,Yes,Yes,1 - Not at all,2,2,3,2,2,2,1- Very unlike me,1- Very unlike me,1- Very unlike me,1- Very unlike me,2,1- Very unlike me,NA,NA,NA,NA,Oregon,Strongly oppose,Unjustified,Yes,NA,NA,NA,1,2,2,1,Democrat,Republican,NA
Female,White/Caucasian,"50,000 – 59,999",Some College,Republican,NA,Strong Republican,NA,68,No,Yes,Yes,TRUE,TRUE,TRUE,TRUE,TRUE,TRUE,TRUE,TRUE,TRUE,FALSE,10,85,Somewhat agree,Strongly disagree,Somewhat disagree,No,No,1 - Not at all,2,4,1- Very unlike me,1- Very unlike me,2,3,2,1- Very unlike me,3,2,1- Very unlike me,1- Very unlike me,Georgia,Strongly oppose,Unjustified,Yes,NA,NA,NA,NA,NA,NA,NA,1,1,1,1,Democrat,Republican,NA
Female,White/Caucasian,"70,000 – 79,999",Masters Degree,Republican,NA,Strong Republican,NA,60,No,No,Yes,TRUE,TRUE,FALSE,FALSE,TRUE,FALSE,FALSE,TRUE,FALSE,TRUE,50,91,Neither agree nor disagree,Somewhat disagree,Neither agree nor disagree,No,No,1 - Not at all,1- Very unlike me,1- Very unlike me,1- Very unlike me,1- Very unlike me,1- Very unlike me,1- Very unlike me,1- Very unlike me,1- Very unlike me,1- Very unlike me,1- Very unlike me,1- Very unlike me,1- Very unlike me,NA,NA,NA,NA,NA,NA,NA,NA,Washington,More than 20 years in prison,Strongly support,2,2,1,1,Democrat,Republican,murder
Female,White/Caucasian,"Less than 30,000","Professional Degree (JD, MD)",Independent,Neither,NA,NA,NA,NA,NA,NA,NA,NA,NA,NA,NA,NA,NA,NA,NA,NA,,,NA,NA,NA,NA,NA,NA,NA,NA,NA,NA,NA,NA,NA,NA,NA,NA,NA,NA,NA,NA,NA,NA,NA,NA,NA,NA,NA,NA,NA,2,2,2,2,NA,NA,NA
Male,White/Caucasian,"100,000 or more",Masters Degree,Republican,NA,Not a strong Republican,NA,72,Yes,Yes,Yes,FALSE,TRUE,TRUE,TRUE,TRUE,FALSE,FALSE,FALSE,FALSE,FALSE,0,75,Strongly agree,Strongly agree,Somewhat agree,Yes,Yes,1 - Not at all,3,2,1- Very unlike me,1- Very unlike me,2,1- Very unlike me,1- Very unlike me,1- Very unlike me,1- Very unlike me,1- Very unlike me,1- Very unlike me,1- Very unlike me,NA,NA,NA,NA,NA,NA,NA,NA,Oregon,16 - 20 years in prison,Strongly oppose,2,1,2,1,Democrat,Republican,assault with a deadly weapon
NA,NA,NA,NA,NA,NA,NA,NA,NA,NA,NA,NA,NA,NA,NA,NA,NA,NA,NA,NA,NA,NA,,,NA,NA,NA,NA,NA,NA,NA,NA,NA,NA,NA,NA,NA,NA,NA,NA,NA,NA,NA,NA,NA,NA,NA,NA,NA,NA,NA,NA,NA,1,2,2,4,NA,NA,NA
Female,White/Caucasian,"90,000 – 99,999",Masters Degree,Democrat,NA,NA,Strong Democrat,71,No,No,Yes,FALSE,TRUE,TRUE,TRUE,TRUE,TRUE,TRUE,FALSE,FALSE,FALSE,94,3,Neither agree nor disagree,Neither agree nor disagree,Neither agree nor disagree,No,Yes,1 - Not at all,1- Very unlike me,1- Very unlike me,1- Very unlike me,1- Very unlike me,1- Very unlike me,1- Very unlike me,1- Very unlike me,1- Very unlike me,1- Very unlike me,1- Very unlike me,1- Very unlike me,1- Very unlike me,NA,NA,NA,NA,Oregon,Strongly oppose,Unjustified,Yes,NA,NA,NA,1,1,2,1,Republican,Democrat,NA
Male,White/Caucasian,"60,000 – 69,999",Some College,Republican,NA,Strong Republican,NA,61,No,No,Yes,TRUE,TRUE,TRUE,TRUE,TRUE,FALSE,FALSE,TRUE,TRUE,FALSE,25,90,Neither agree nor disagree,Neither agree nor disagree,Neither agree nor disagree,No,No,1 - Not at all,2,3,3,2,2,3,1- Very unlike me,1- Very unlike me,1- Very unlike me,1- Very unlike me,2,1- Very unlike me,NA,NA,NA,NA,Oregon,Strongly oppose,Unjustified,Yes,NA,NA,NA,1,2,2,1,Democrat,Republican,NA
Male,White/Caucasian,"Less than 30,000",4-year College Degree,Democrat,NA,NA,Strong Democrat,47,No,No,Yes,FALSE,FALSE,TRUE,TRUE,TRUE,TRUE,FALSE,FALSE,TRUE,TRUE,86,22,Neither agree nor disagree,Strongly agree,Strongly agree,No,No,1 - Not at all,4,2,4,2,2,4,4,2,2,3,2,4,NA,NA,NA,NA,NA,NA,NA,NA,Oregon,1 - 3 days in jail,Oppose,2,2,1,1,Republican,Democrat,protesting without a permit
Male,White/Caucasian,"90,000 – 99,999",4-year College Degree,Democrat,NA,NA,Not a strong Democrat,57,NA,NA,NA,FALSE,TRUE,TRUE,FALSE,TRUE,TRUE,FALSE,FALSE,FALSE,FALSE,70,9,Somewhat agree,Strongly disagree,Somewhat disagree,No,No,1 - Not at all,2,3,3,2,1- Very unlike me,2,2,1- Very unlike me,2,2,1- Very unlike me,1- Very unlike me,NA,NA,NA,NA,Oregon,Oppose,Unjustified,Yes,NA,NA,NA,1,1,2,1,Republican,Democrat,NA
Female,White/Caucasian,"40,000 – 49,999",High School / GED,Democrat,NA,NA,Strong Democrat,65,No,No,Yes,FALSE,TRUE,TRUE,TRUE,TRUE,TRUE,FALSE,TRUE,TRUE,TRUE,97,3,Somewhat agree,Neither agree nor disagree,Neither agree nor disagree,No,No,1 - Not at all,1- Very unlike me,3,4,3,3,3,2,1- Very unlike me,1- Very unlike me,1- Very unlike me,4,3,NA,NA,NA,NA,Oregon,Strongly oppose,Unjustified,Yes,NA,NA,NA,1,1,2,1,Republican,Democrat,NA
Male,White/Caucasian,"30,000 – 39,999",4-year College Degree,Republican,NA,Not a strong Republican,NA,70,No,Yes,Yes,TRUE,TRUE,TRUE,TRUE,TRUE,FALSE,FALSE,FALSE,TRUE,FALSE,30,70,Strongly disagree,Somewhat agree,Somewhat agree,No,No,1 - Not at all,3,1- Very unlike me,1- Very unlike me,1- Very unlike me,1- Very unlike me,1- Very unlike me,1- Very unlike me,1- Very unlike me,1- Very unlike me,1- Very unlike me,1- Very unlike me,1- Very unlike me,Florida,Strongly oppose,Unjustified,Yes,NA,NA,NA,NA,NA,NA,NA,1,2,1,1,Democrat,Republican,NA
Male,White/Caucasian,"Less than 30,000",High School / GED,Republican,NA,Strong Republican,NA,62,No,Yes,Yes,FALSE,TRUE,TRUE,TRUE,TRUE,FALSE,FALSE,FALSE,FALSE,TRUE,14,85,Neither agree nor disagree,Strongly disagree,Neither agree nor disagree,No,No,1 - Not at all,1- Very unlike me,3,1- Very unlike me,1- Very unlike me,1- Very unlike me,1- Very unlike me,1- Very unlike me,1- Very unlike me,1- Very unlike me,1- Very unlike me,1- Very unlike me,1- Very unlike me,NA,NA,NA,NA,Oregon,Oppose,Unjustified,Yes,NA,NA,NA,1,1,2,1,Democrat,Republican,NA
Male,White/Caucasian,"90,000 – 99,999",2-year College Degree,Republican,NA,Strong Republican,NA,50,No,No,Yes,FALSE,TRUE,TRUE,FALSE,TRUE,FALSE,FALSE,TRUE,FALSE,FALSE,8,82,Somewhat agree,Neither agree nor disagree,Neither agree nor disagree,No,No,3,4,4,5- Very like me,4,4,3,4,4,3,3,3,3,NA,NA,NA,NA,NA,NA,NA,NA,Alaska,2 - 5 years in prison,Neither support nor oppose,2,2,2,1,Democrat,Republican,arson
Male,White/Caucasian,"60,000 – 69,999",4-year College Degree,Democrat,NA,NA,Strong Democrat,70,No,Yes,Yes,FALSE,TRUE,TRUE,FALSE,TRUE,FALSE,FALSE,FALSE,TRUE,TRUE,90,69,Somewhat agree,Strongly disagree,Neither agree nor disagree,No,Yes,1 - Not at all,1- Very unlike me,3,2,1- Very unlike me,2,1- Very unlike me,1- Very unlike me,1- Very unlike me,1- Very unlike me,1- Very unlike me,1- Very unlike me,1- Very unlike me,NA,NA,NA,NA,NA,NA,NA,NA,Oregon,Community service,Support,2,2,2,1,Republican,Democrat,protesting without a permit
Female,White/Caucasian,"100,000 or more",Masters Degree,Democrat,NA,NA,Strong Democrat,54,No,No,Yes,FALSE,TRUE,TRUE,TRUE,TRUE,FALSE,FALSE,FALSE,FALSE,FALSE,89,0,Strongly agree,Strongly disagree,Neither agree nor disagree,No,No,1 - Not at all,2,4,1- Very unlike me,1- Very unlike me,2,1- Very unlike me,1- Very unlike me,1- Very unlike me,3,1- Very unlike me,1- Very unlike me,1- Very unlike me,NA,NA,NA,NA,NA,NA,NA,NA,Oregon,7 months to 1 year in jail,Oppose,2,2,2,1,Republican,Democrat,arson
Male,White/Caucasian,"Less than 30,000",Some College,Republican,NA,Strong Republican,NA,86,No,No,Yes,TRUE,FALSE,TRUE,TRUE,TRUE,FALSE,FALSE,FALSE,FALSE,FALSE,40,80,Somewhat agree,Somewhat disagree,Neither agree nor disagree,No,No,1 - Not at all,3,3,2,1- Very unlike me,1- Very unlike me,1- Very unlike me,1- Very unlike me,1- Very unlike me,1- Very unlike me,1- Very unlike me,2,1- Very unlike me,NA,NA,NA,NA,NA,NA,NA,NA,Oregon,2 - 5 years in prison,Neither support nor oppose,2,1,1,1,Democrat,Republican,assault with a deadly weapon
Male,White/Caucasian,"50,000 – 59,999",Some College,Republican,NA,Strong Republican,NA,64,NA,NA,NA,TRUE,TRUE,TRUE,TRUE,TRUE,FALSE,FALSE,FALSE,FALSE,TRUE,42,60,Neither agree nor disagree,Strongly disagree,Strongly disagree,No,No,1 - Not at all,4,2,1- Very unlike me,1- Very unlike me,2,1- Very unlike me,1- Very unlike me,1- Very unlike me,1- Very unlike me,1- Very unlike me,1- Very unlike me,1- Very unlike me,NA,NA,NA,NA,NA,NA,NA,NA,Oregon,2 - 5 years in prison,Support,2,1,1,1,Democrat,Republican,assault with a deadly weapon
Female,White/Caucasian,"90,000 – 99,999",2-year College Degree,Republican,NA,Strong Republican,NA,54,No,No,Yes,TRUE,TRUE,TRUE,TRUE,TRUE,FALSE,FALSE,TRUE,FALSE,FALSE,0,93,Neither agree nor disagree,Neither agree nor disagree,Neither agree nor disagree,No,No,1 - Not at all,1- Very unlike me,1- Very unlike me,1- Very unlike me,1- Very unlike me,1- Very unlike me,1- Very unlike me,1- Very unlike me,1- Very unlike me,1- Very unlike me,1- Very unlike me,1- Very unlike me,1- Very unlike me,NA,NA,NA,NA,NA,NA,NA,NA,Florida,Community service,Neither support nor oppose,2,1,1,1,Democrat,Republican,assault
Male,White/Caucasian,"100,000 or more",2-year College Degree,Republican,NA,Strong Republican,NA,68,No,No,Yes,FALSE,FALSE,TRUE,TRUE,TRUE,FALSE,FALSE,FALSE,FALSE,FALSE,0,80,Neither agree nor disagree,Somewhat agree,Neither agree nor disagree,Yes,Yes,3,5- Very like me,3,1- Very unlike me,1- Very unlike me,3,3,1- Very unlike me,1- Very unlike me,1- Very unlike me,1- Very unlike me,1- Very unlike me,1- Very unlike me,NA,NA,NA,NA,Oregon,Strongly oppose,Unjustified,Yes,NA,NA,NA,1,1,2,1,Democrat,Republican,NA
Female,White/Caucasian,"100,000 or more",Some College,Republican,NA,Strong Republican,NA,46,No,No,No,FALSE,FALSE,TRUE,TRUE,TRUE,FALSE,FALSE,TRUE,TRUE,TRUE,0,84,Strongly agree,Neither agree nor disagree,Strongly agree,No,No,1 - Not at all,1- Very unlike me,3,5- Very like me,1- Very unlike me,1- Very unlike me,5- Very like me,1- Very unlike me,1- Very unlike me,1- Very unlike me,2,1- Very unlike me,1- Very unlike me,NA,NA,NA,NA,NA,NA,NA,NA,Oregon,Community service,Neither support nor oppose,2,1,2,1,Democrat,Republican,vandalism
Male,White/Caucasian,"Less than 30,000",Masters Degree,Democrat,NA,NA,Not a strong Democrat,66,No,Yes,No,FALSE,TRUE,TRUE,TRUE,TRUE,TRUE,TRUE,FALSE,TRUE,TRUE,100,1,Neither agree nor disagree,Strongly disagree,Neither agree nor disagree,No,No,1 - Not at all,3,4,5- Very like me,1- Very unlike me,1- Very unlike me,3,1- Very unlike me,1- Very unlike me,1- Very unlike me,1- Very unlike me,2,1- Very unlike me,Florida,Strongly oppose,Unjustified,Yes,NA,NA,NA,NA,NA,NA,NA,1,1,1,1,Republican,Democrat,NA
Female,White/Caucasian,"100,000 or more",Masters Degree,Republican,NA,Strong Republican,NA,69,No,No,Yes,TRUE,FALSE,TRUE,TRUE,TRUE,FALSE,FALSE,FALSE,FALSE,FALSE,0,92,Neither agree nor disagree,Somewhat disagree,Neither agree nor disagree,No,No,1 - Not at all,1- Very unlike me,3,1- Very unlike me,1- Very unlike me,3,1- Very unlike me,1- Very unlike me,1- Very unlike me,1- Very unlike me,1- Very unlike me,1- Very unlike me,1- Very unlike me,NA,NA,NA,NA,NA,NA,NA,NA,Oregon,2 - 5 years in prison,Strongly oppose,2,2,1,1,Democrat,Republican,assault with a deadly weapon
Female,White/Caucasian,"Less than 30,000",2-year College Degree,Republican,NA,Strong Republican,NA,71,NA,NA,NA,FALSE,TRUE,TRUE,TRUE,TRUE,FALSE,FALSE,TRUE,TRUE,FALSE,42,90,Somewhat agree,Somewhat agree,Neither agree nor disagree,Yes,Yes,1 - Not at all,2,3,1- Very unlike me,2,2,2,1- Very unlike me,1- Very unlike me,1- Very unlike me,1- Very unlike me,1- Very unlike me,1- Very unlike me,NA,NA,NA,NA,NA,NA,NA,NA,California,2 - 3 months in jail,Neither support nor oppose,2,2,1,1,Democrat,Republican,protesting without a permit
Female,White/Caucasian,"Less than 30,000",High School / GED,Republican,NA,Not a strong Republican,NA,74,No,No,No,FALSE,TRUE,TRUE,TRUE,TRUE,TRUE,FALSE,FALSE,FALSE,FALSE,50,10,Neither agree nor disagree,Strongly disagree,Neither agree nor disagree,No,Yes,1 - Not at all,1- Very unlike me,4,3,1- Very unlike me,1- Very unlike me,3,1- Very unlike me,1- Very unlike me,1- Very unlike me,1- Very unlike me,2,1- Very unlike me,NA,NA,NA,NA,NA,NA,NA,NA,Oregon,7 months to 1 year in jail,Oppose,2,2,1,1,Democrat,Republican,arson
Male,White/Caucasian,"40,000 – 49,999",High School / GED,Republican,NA,Not a strong Republican,NA,75,No,No,Yes,TRUE,TRUE,TRUE,TRUE,TRUE,FALSE,FALSE,FALSE,FALSE,FALSE,25,70,Neither agree nor disagree,Strongly disagree,Neither agree nor disagree,No,No,1 - Not at all,1- Very unlike me,1- Very unlike me,1- Very unlike me,1- Very unlike me,1- Very unlike me,1- Very unlike me,1- Very unlike me,1- Very unlike me,1- Very unlike me,1- Very unlike me,1- Very unlike me,1- Very unlike me,NA,NA,NA,NA,NA,NA,NA,NA,Oregon,More than 20 years in prison,Strongly oppose,2,1,2,1,Democrat,Republican,murder
Male,White/Caucasian,"40,000 – 49,999",Some College,Democrat,NA,NA,Strong Democrat,68,NA,NA,NA,FALSE,TRUE,TRUE,TRUE,TRUE,FALSE,FALSE,FALSE,FALSE,TRUE,39,39,Neither agree nor disagree,Strongly disagree,Somewhat disagree,No,No,1 - Not at all,2,4,1- Very unlike me,1- Very unlike me,2,1- Very unlike me,1- Very unlike me,1- Very unlike me,1- Very unlike me,2,1- Very unlike me,1- Very unlike me,NA,NA,NA,NA,Oregon,Neither support nor oppose,Unjustified,Yes,NA,NA,NA,1,1,2,1,Republican,Democrat,NA
Female,White/Caucasian,"40,000 – 49,999",2-year College Degree,Independent,Democratic Party,NA,NA,61,No,No,Yes,FALSE,TRUE,TRUE,FALSE,TRUE,TRUE,FALSE,TRUE,FALSE,FALSE,50,50,Somewhat agree,Strongly disagree,Neither agree nor disagree,No,No,1 - Not at all,1- Very unlike me,2,2,2,1- Very unlike me,1- Very unlike me,1- Very unlike me,1- Very unlike me,3,1- Very unlike me,1- Very unlike me,1- Very unlike me,NA,NA,NA,NA,NA,NA,NA,NA,Oregon,More than 20 years in prison,Oppose,2,2,1,1,Republican,Democrat,murder
Male,White/Caucasian,"40,000 – 49,999",Masters Degree,Republican,NA,Strong Republican,NA,54,No,No,Yes,FALSE,FALSE,TRUE,TRUE,TRUE,FALSE,FALSE,TRUE,FALSE,TRUE,0,75,Neither agree nor disagree,Strongly disagree,Strongly disagree,No,No,1 - Not at all,1- Very unlike me,3,4,1- Very unlike me,1- Very unlike me,4,1- Very unlike me,1- Very unlike me,1- Very unlike me,1- Very unlike me,1- Very unlike me,1- Very unlike me,NA,NA,NA,NA,NA,NA,NA,NA,Oregon,More than 20 years in prison,Strongly oppose,2,2,1,1,Democrat,Republican,murder
Female,White/Caucasian,"Less than 30,000",Masters Degree,Democrat,NA,NA,Strong Democrat,54,No,No,Yes,FALSE,FALSE,TRUE,TRUE,TRUE,FALSE,FALSE,TRUE,TRUE,TRUE,83,7,Neither agree nor disagree,Strongly disagree,Neither agree nor disagree,No,No,1 - Not at all,4,2,3,1- Very unlike me,2,3,2,2,1- Very unlike me,2,2,2,Florida,Oppose,Unjustified,Yes,NA,NA,NA,NA,NA,NA,NA,1,1,1,1,Republican,Democrat,NA
Female,White/Caucasian,"Less than 30,000",High School / GED,Independent,Republican Party,NA,NA,63,No,No,No,FALSE,TRUE,TRUE,FALSE,TRUE,TRUE,TRUE,TRUE,TRUE,TRUE,27,84,Neither agree nor disagree,Somewhat disagree,Neither agree nor disagree,No,No,1 - Not at all,1- Very unlike me,3,3,1- Very unlike me,2,2,2,1- Very unlike me,2,2,2,1- Very unlike me,NA,NA,NA,NA,Oregon,Oppose,Unjustified,Yes,NA,NA,NA,1,1,2,1,Democrat,Republican,NA
Male,White/Caucasian,"90,000 – 99,999",High School / GED,Republican,NA,Not a strong Republican,NA,62,No,Yes,No,FALSE,TRUE,TRUE,TRUE,TRUE,FALSE,FALSE,TRUE,FALSE,FALSE,29,73,Strongly disagree,Somewhat agree,Neither agree nor disagree,No,No,1 - Not at all,1- Very unlike me,4,1- Very unlike me,2,1- Very unlike me,3,1- Very unlike me,1- Very unlike me,2,1- Very unlike me,1- Very unlike me,1- Very unlike me,Alabama,Strongly oppose,Unjustified,Yes,NA,NA,NA,NA,NA,NA,NA,1,1,1,1,Democrat,Republican,NA
Female,White/Caucasian,"90,000 – 99,999",Some College,Democrat,NA,NA,Strong Democrat,57,NA,NA,NA,TRUE,TRUE,TRUE,FALSE,TRUE,TRUE,FALSE,TRUE,TRUE,TRUE,90,72,Strongly disagree,Strongly disagree,Strongly disagree,No,No,1 - Not at all,1- Very unlike me,3,1- Very unlike me,1- Very unlike me,1- Very unlike me,2,1- Very unlike me,1- Very unlike me,1- Very unlike me,1- Very unlike me,1- Very unlike me,1- Very unlike me,Florida,Strongly oppose,Unjustified,Yes,NA,NA,NA,NA,NA,NA,NA,1,2,1,1,Republican,Democrat,NA
Female,White/Caucasian,"Less than 30,000",4-year College Degree,Republican,NA,Not a strong Republican,NA,47,No,No,No,TRUE,TRUE,TRUE,TRUE,TRUE,FALSE,FALSE,TRUE,FALSE,TRUE,5,90,Somewhat agree,Somewhat disagree,Neither agree nor disagree,No,No,1 - Not at all,1- Very unlike me,3,4,1- Very unlike me,2,3,2,1- Very unlike me,2,2,2,3,NA,NA,NA,NA,Oregon,Neither support nor oppose,Unjustified,Yes,NA,NA,NA,1,1,2,1,Democrat,Republican,NA
Female,White/Caucasian,"100,000 or more",2-year College Degree,Republican,NA,Strong Republican,NA,57,No,No,Yes,TRUE,TRUE,TRUE,TRUE,TRUE,FALSE,FALSE,TRUE,FALSE,FALSE,11,90,Neither agree nor disagree,Somewhat agree,Neither agree nor disagree,No,No,1 - Not at all,3,2,1- Very unlike me,3,3,1- Very unlike me,3,1- Very unlike me,1- Very unlike me,1- Very unlike me,1- Very unlike me,1- Very unlike me,NA,NA,NA,NA,NA,NA,NA,NA,Oregon,11 - 15 years in prison,Strongly oppose,2,2,2,1,Democrat,Republican,murder
Female,White/Caucasian,"Less than 30,000",4-year College Degree,Republican,NA,Strong Republican,NA,47,No,No,No,FALSE,TRUE,TRUE,TRUE,TRUE,FALSE,TRUE,TRUE,FALSE,FALSE,78,100,Neither agree nor disagree,Strongly disagree,Neither agree nor disagree,No,No,1 - Not at all,1- Very unlike me,1- Very unlike me,3,1- Very unlike me,1- Very unlike me,3,3,3,1- Very unlike me,1- Very unlike me,1- Very unlike me,1- Very unlike me,NA,NA,NA,NA,Oregon,Neither support nor oppose,Unjustified,Yes,NA,NA,NA,1,1,2,1,Democrat,Republican,NA
Male,White/Caucasian,"60,000 – 69,999",4-year College Degree,Republican,NA,Strong Republican,NA,60,NA,NA,NA,FALSE,TRUE,TRUE,TRUE,TRUE,FALSE,TRUE,TRUE,FALSE,TRUE,55,55,Neither agree nor disagree,Strongly agree,Neither agree nor disagree,No,No,1 - Not at all,1- Very unlike me,3,3,3,3,3,3,3,3,3,3,3,NA,NA,NA,NA,Oregon,Neither support nor oppose,Unjustified,Yes,NA,NA,NA,1,1,2,1,Democrat,Republican,NA
Male,White/Caucasian,"Less than 30,000",Masters Degree,Democrat,NA,NA,Not a strong Democrat,63,No,No,Yes,TRUE,TRUE,TRUE,TRUE,TRUE,FALSE,FALSE,TRUE,FALSE,FALSE,78,46,Neither agree nor disagree,Neither agree nor disagree,Neither agree nor disagree,No,No,1 - Not at all,1- Very unlike me,1- Very unlike me,1- Very unlike me,1- Very unlike me,1- Very unlike me,1- Very unlike me,1- Very unlike me,1- Very unlike me,1- Very unlike me,1- Very unlike me,1- Very unlike me,1- Very unlike me,NA,NA,NA,NA,NA,NA,NA,NA,Oregon,2 - 5 years in prison,Strongly oppose,2,1,2,1,Republican,Democrat,assault with a deadly weapon
Male,White/Caucasian,"90,000 – 99,999",4-year College Degree,Democrat,NA,NA,Not a strong Democrat,70,No,No,Yes,TRUE,TRUE,TRUE,TRUE,TRUE,FALSE,FALSE,TRUE,FALSE,FALSE,75,25,Neither agree nor disagree,Strongly disagree,Somewhat disagree,No,No,1 - Not at all,2,3,1- Very unlike me,1- Very unlike me,2,1- Very unlike me,3,1- Very unlike me,1- Very unlike me,2,1- Very unlike me,1- Very unlike me,NA,NA,NA,NA,Oregon,Strongly oppose,Unjustified,Yes,NA,NA,NA,1,1,2,1,Republican,Democrat,NA
Female,White/Caucasian,"40,000 – 49,999",High School / GED,Democrat,NA,NA,Strong Democrat,66,No,No,Yes,FALSE,TRUE,TRUE,TRUE,TRUE,TRUE,TRUE,TRUE,TRUE,TRUE,95,4,Neither agree nor disagree,Somewhat agree,Strongly disagree,No,No,1 - Not at all,2,3,3,4,3,3,3,1- Very unlike me,2,2,2,3,Florida,Neither support nor oppose,Unjustified,Yes,NA,NA,NA,NA,NA,NA,NA,1,2,1,1,Republican,Democrat,NA
Female,White/Caucasian,"80,000 – 89,999",2-year College Degree,Republican,NA,Strong Republican,NA,48,No,No,Yes,FALSE,FALSE,TRUE,TRUE,TRUE,FALSE,FALSE,TRUE,TRUE,TRUE,15,88,Strongly agree,Somewhat agree,Somewhat agree,No,No,1 - Not at all,1- Very unlike me,1- Very unlike me,4,2,1- Very unlike me,5- Very like me,1- Very unlike me,1- Very unlike me,1- Very unlike me,1- Very unlike me,2,3,NA,NA,NA,NA,NA,NA,NA,NA,California,2 - 5 years in prison,Oppose,2,2,2,1,Democrat,Republican,arson
Male,White/Caucasian,"40,000 – 49,999",High School / GED,Democrat,NA,NA,Strong Democrat,53,No,No,Yes,FALSE,TRUE,TRUE,TRUE,TRUE,TRUE,FALSE,FALSE,FALSE,TRUE,98,10,Neither agree nor disagree,Neither agree nor disagree,Neither agree nor disagree,No,No,1 - Not at all,1- Very unlike me,4,3,1- Very unlike me,4,3,3,1- Very unlike me,4,2,1- Very unlike me,3,NA,NA,NA,NA,NA,NA,NA,NA,Oregon,11 - 15 years in prison,Strongly oppose,2,2,2,1,Republican,Democrat,assault with a deadly weapon
Male,White/Caucasian,"Less than 30,000",High School / GED,Republican,NA,Strong Republican,NA,60,NA,NA,NA,TRUE,TRUE,TRUE,TRUE,TRUE,FALSE,FALSE,FALSE,FALSE,FALSE,9,86,Neither agree nor disagree,Somewhat agree,Strongly agree,No,No,1 - Not at all,1- Very unlike me,2,3,1- Very unlike me,1- Very unlike me,1- Very unlike me,1- Very unlike me,1- Very unlike me,1- Very unlike me,1- Very unlike me,1- Very unlike me,1- Very unlike me,NA,NA,NA,NA,Oregon,Strongly support,Unjustified,Yes,NA,NA,NA,1,2,2,1,Democrat,Republican,NA
Female,White/Caucasian,"40,000 – 49,999",4-year College Degree,Republican,NA,Strong Republican,NA,79,Yes,Yes,Yes,FALSE,TRUE,TRUE,TRUE,TRUE,FALSE,FALSE,FALSE,FALSE,FALSE,0,91,Strongly agree,Strongly agree,Strongly agree,No,No,1 - Not at all,1- Very unlike me,4,2,1- Very unlike me,3,1- Very unlike me,4,1- Very unlike me,1- Very unlike me,1- Very unlike me,2,2,NA,NA,NA,NA,NA,NA,NA,NA,Oregon,Community service,Neither support nor oppose,2,1,2,1,Democrat,Republican,assault
Male,White/Caucasian,"50,000 – 59,999",High School / GED,Republican,NA,Not a strong Republican,NA,69,NA,NA,NA,TRUE,TRUE,TRUE,TRUE,TRUE,FALSE,FALSE,FALSE,FALSE,FALSE,50,81,Neither agree nor disagree,Somewhat disagree,Somewhat disagree,No,No,1 - Not at all,1- Very unlike me,2,2,1- Very unlike me,1- Very unlike me,1- Very unlike me,1- Very unlike me,1- Very unlike me,2,1- Very unlike me,1- Very unlike me,1- Very unlike me,NA,NA,NA,NA,Oregon,Neither support nor oppose,Justified,Yes,NA,NA,NA,1,1,2,1,Democrat,Republican,NA
Female,White/Caucasian,"Less than 30,000",Some College,Democrat,NA,NA,Not a strong Democrat,57,No,No,No,FALSE,FALSE,TRUE,TRUE,TRUE,FALSE,FALSE,TRUE,FALSE,FALSE,70,49,Neither agree nor disagree,Strongly disagree,Neither agree nor disagree,No,No,1 - Not at all,1- Very unlike me,1- Very unlike me,1- Very unlike me,1- Very unlike me,1- Very unlike me,1- Very unlike me,1- Very unlike me,1- Very unlike me,1- Very unlike me,1- Very unlike me,1- Very unlike me,1- Very unlike me,NA,NA,NA,NA,NA,NA,NA,NA,Oregon,2 - 5 years in prison,Strongly oppose,2,1,2,1,Republican,Democrat,assault with a deadly weapon
Female,White/Caucasian,"50,000 – 59,999",High School / GED,Democrat,NA,NA,Strong Democrat,62,No,No,No,TRUE,TRUE,TRUE,TRUE,TRUE,FALSE,FALSE,FALSE,FALSE,FALSE,100,53,Neither agree nor disagree,Strongly disagree,Somewhat disagree,No,No,1 - Not at all,1- Very unlike me,2,2,1- Very unlike me,1- Very unlike me,3,3,2,1- Very unlike me,1- Very unlike me,2,1- Very unlike me,Georgia,Oppose,Unjustified,Yes,NA,NA,NA,NA,NA,NA,NA,1,1,1,1,Republican,Democrat,NA
Male,White/Caucasian,"40,000 – 49,999",High School / GED,Democrat,NA,NA,Strong Democrat,54,No,No,Yes,FALSE,TRUE,TRUE,TRUE,TRUE,FALSE,FALSE,FALSE,FALSE,FALSE,80,20,Neither agree nor disagree,Neither agree nor disagree,Neither agree nor disagree,No,No,1 - Not at all,1- Very unlike me,4,1- Very unlike me,1- Very unlike me,2,1- Very unlike me,1- Very unlike me,1- Very unlike me,3,1- Very unlike me,1- Very unlike me,1- Very unlike me,NA,NA,NA,NA,NA,NA,NA,NA,Oregon,4 - 30 days in jail,Neither support nor oppose,2,2,1,1,Republican,Democrat,assault
Female,White/Caucasian,"Less than 30,000",Some College,Democrat,NA,NA,Not a strong Democrat,57,NA,NA,NA,NA,NA,NA,NA,NA,NA,NA,NA,NA,NA,,,NA,NA,NA,NA,NA,NA,NA,NA,NA,NA,NA,NA,NA,NA,NA,NA,NA,NA,NA,NA,NA,NA,NA,NA,NA,NA,NA,NA,NA,1,2,1,2,NA,NA,NA
Male,White/Caucasian,"90,000 – 99,999",4-year College Degree,Independent,Democratic Party,NA,NA,61,No,Yes,Yes,FALSE,FALSE,TRUE,TRUE,TRUE,TRUE,FALSE,TRUE,TRUE,FALSE,81,81,Strongly disagree,Strongly disagree,Strongly disagree,No,No,1 - Not at all,1- Very unlike me,3,1- Very unlike me,1- Very unlike me,1- Very unlike me,1- Very unlike me,1- Very unlike me,1- Very unlike me,1- Very unlike me,1- Very unlike me,1- Very unlike me,1- Very unlike me,NA,NA,NA,NA,NA,NA,NA,NA,Oregon,More than 20 years in prison,Strongly oppose,2,2,2,1,Republican,Democrat,murder
Male,White/Caucasian,"100,000 or more",High School / GED,Republican,NA,Strong Republican,NA,54,No,Yes,Yes,TRUE,TRUE,TRUE,TRUE,TRUE,FALSE,FALSE,FALSE,FALSE,FALSE,4,91,Neither agree nor disagree,Neither agree nor disagree,Neither agree nor disagree,No,No,1 - Not at all,1- Very unlike me,2,1- Very unlike me,1- Very unlike me,2,1- Very unlike me,1- Very unlike me,1- Very unlike me,1- Very unlike me,1- Very unlike me,1- Very unlike me,1- Very unlike me,NA,NA,NA,NA,NA,NA,NA,NA,Oregon,2 - 5 years in prison,Neither support nor oppose,2,1,1,1,Democrat,Republican,assault with a deadly weapon
Male,White/Caucasian,"100,000 or more",2-year College Degree,Republican,NA,Strong Republican,NA,51,Yes,Yes,Yes,FALSE,TRUE,TRUE,TRUE,TRUE,TRUE,TRUE,TRUE,TRUE,FALSE,20,95,Strongly agree,Neither agree nor disagree,Neither agree nor disagree,No,No,1 - Not at all,1- Very unlike me,3,2,1- Very unlike me,1- Very unlike me,1- Very unlike me,1- Very unlike me,1- Very unlike me,1- Very unlike me,1- Very unlike me,2,1- Very unlike me,NA,NA,NA,NA,NA,NA,NA,NA,Oregon,4 - 30 days in jail,Oppose,2,2,1,1,Democrat,Republican,assault
Female,White/Caucasian,"80,000 – 89,999",2-year College Degree,Republican,NA,Strong Republican,NA,57,No,No,Yes,FALSE,TRUE,TRUE,TRUE,TRUE,FALSE,FALSE,TRUE,FALSE,FALSE,40,80,Neither agree nor disagree,Somewhat disagree,Neither agree nor disagree,No,No,1 - Not at all,1- Very unlike me,2,1- Very unlike me,1- Very unlike me,1- Very unlike me,1- Very unlike me,1- Very unlike me,1- Very unlike me,2,1- Very unlike me,1- Very unlike me,1- Very unlike me,NA,NA,NA,NA,NA,NA,NA,NA,Oregon,4 - 30 days in jail,Oppose,2,1,1,1,Democrat,Republican,protesting without a permit
Male,White/Caucasian,"100,000 or more",Masters Degree,Democrat,NA,NA,Strong Democrat,30,No,Yes,Yes,FALSE,TRUE,TRUE,TRUE,TRUE,FALSE,FALSE,TRUE,TRUE,FALSE,100,0,Neither agree nor disagree,Strongly disagree,Neither agree nor disagree,No,Yes,1 - Not at all,1- Very unlike me,3,3,1- Very unlike me,2,1- Very unlike me,1- Very unlike me,1- Very unlike me,1- Very unlike me,1- Very unlike me,1- Very unlike me,1- Very unlike me,NA,NA,NA,NA,NA,NA,NA,NA,Oregon,Community service,Support,2,1,1,1,Republican,Democrat,protesting without a permit
Male,White/Caucasian,"100,000 or more",4-year College Degree,Republican,NA,Strong Republican,NA,52,No,No,Yes,TRUE,TRUE,TRUE,TRUE,TRUE,FALSE,FALSE,TRUE,FALSE,TRUE,16,78,Strongly disagree,Strongly disagree,Strongly disagree,No,No,1 - Not at all,1- Very unlike me,3,2,1- Very unlike me,1- Very unlike me,1- Very unlike me,1- Very unlike me,1- Very unlike me,1- Very unlike me,1- Very unlike me,1- Very unlike me,1- Very unlike me,NA,NA,NA,NA,Oregon,Oppose,Unjustified,Yes,NA,NA,NA,1,2,2,1,Democrat,Republican,NA
Male,White/Caucasian,"90,000 – 99,999",High School / GED,Republican,NA,Strong Republican,NA,45,No,No,Yes,TRUE,TRUE,TRUE,TRUE,TRUE,TRUE,TRUE,TRUE,FALSE,FALSE,5,90,Neither agree nor disagree,Somewhat agree,Neither agree nor disagree,No,No,1 - Not at all,2,2,3,3,2,3,3,1- Very unlike me,2,2,2,1- Very unlike me,NA,NA,NA,NA,NA,NA,NA,NA,Oregon,11 - 15 years in prison,Strongly oppose,2,1,2,1,Democrat,Republican,assault with a deadly weapon
Female,White/Caucasian,"30,000 – 39,999",High School / GED,Democrat,NA,NA,Not a strong Democrat,76,No,No,Yes,TRUE,TRUE,TRUE,TRUE,TRUE,TRUE,TRUE,FALSE,TRUE,FALSE,30,68,Neither agree nor disagree,Somewhat disagree,Neither agree nor disagree,No,No,1 - Not at all,1- Very unlike me,2,2,1- Very unlike me,1- Very unlike me,3,1- Very unlike me,1- Very unlike me,1- Very unlike me,1- Very unlike me,1- Very unlike me,1- Very unlike me,NA,NA,NA,NA,Oregon,Support,Unjustified,Yes,NA,NA,NA,1,1,2,1,Republican,Democrat,NA
Male,White/Caucasian,"70,000 – 79,999",Masters Degree,Democrat,NA,NA,Not a strong Democrat,50,No,No,Yes,TRUE,TRUE,TRUE,TRUE,TRUE,TRUE,FALSE,FALSE,TRUE,TRUE,80,9,Somewhat agree,Somewhat disagree,Neither agree nor disagree,No,No,1 - Not at all,1- Very unlike me,2,3,1- Very unlike me,1- Very unlike me,3,1- Very unlike me,1- Very unlike me,2,1- Very unlike me,1- Very unlike me,1- Very unlike me,NA,NA,NA,NA,NA,NA,NA,NA,Oregon,Community service,Strongly support,2,2,1,1,Republican,Democrat,protesting without a permit
Male,White/Caucasian,"30,000 – 39,999",Some College,Republican,NA,Not a strong Republican,NA,68,No,No,Yes,FALSE,TRUE,TRUE,TRUE,TRUE,FALSE,FALSE,TRUE,FALSE,TRUE,38,62,Neither agree nor disagree,Neither agree nor disagree,Somewhat disagree,No,No,1 - Not at all,4,2,4,2,3,2,1- Very unlike me,4,2,2,4,3,NA,NA,NA,NA,NA,NA,NA,NA,Oregon,6 - 10 years in prison,Oppose,2,2,2,1,Democrat,Republican,arson
Female,White/Caucasian,"Less than 30,000",2-year College Degree,Republican,NA,Not a strong Republican,NA,56,NA,NA,NA,NA,NA,NA,NA,NA,NA,NA,NA,NA,NA,,,NA,NA,NA,NA,NA,NA,NA,NA,NA,NA,NA,NA,NA,NA,NA,NA,NA,NA,NA,NA,NA,NA,NA,NA,NA,NA,NA,NA,NA,1,2,1,2,NA,NA,NA
Female,White/Caucasian,"60,000 – 69,999",2-year College Degree,Democrat,NA,NA,Strong Democrat,71,No,No,Yes,FALSE,TRUE,TRUE,TRUE,TRUE,FALSE,FALSE,FALSE,TRUE,FALSE,75,2,Neither agree nor disagree,Somewhat disagree,Neither agree nor disagree,No,No,1 - Not at all,1- Very unlike me,2,3,1- Very unlike me,3,3,1- Very unlike me,1- Very unlike me,1- Very unlike me,1- Very unlike me,1- Very unlike me,1- Very unlike me,NA,NA,NA,NA,NA,NA,NA,NA,Oregon,1 - 3 days in jail,Oppose,2,1,2,1,Republican,Democrat,protesting without a permit
Male,White/Caucasian,"100,000 or more",4-year College Degree,Democrat,NA,NA,Not a strong Democrat,55,No,No,Yes,TRUE,FALSE,TRUE,FALSE,FALSE,FALSE,FALSE,FALSE,FALSE,FALSE,92,10,Neither agree nor disagree,Neither agree nor disagree,Neither agree nor disagree,No,No,1 - Not at all,1- Very unlike me,2,1- Very unlike me,2,1- Very unlike me,3,3,3,2,1- Very unlike me,1- Very unlike me,1- Very unlike me,NA,NA,NA,NA,NA,NA,NA,NA,NA,7 months to 1 year in jail,Oppose,2,2,1,1,Republican,Democrat,assault with a deadly weapon
Female,White/Caucasian,"30,000 – 39,999",4-year College Degree,Republican,NA,Strong Republican,NA,74,No,No,No,FALSE,TRUE,TRUE,FALSE,TRUE,FALSE,FALSE,FALSE,TRUE,TRUE,35,73,Neither agree nor disagree,Somewhat disagree,Neither agree nor disagree,Yes,No,1 - Not at all,1- Very unlike me,2,3,1- Very unlike me,1- Very unlike me,3,1- Very unlike me,1- Very unlike me,1- Very unlike me,1- Very unlike me,1- Very unlike me,1- Very unlike me,NA,NA,NA,NA,NA,NA,NA,NA,Oregon,More than 20 years in prison,Strongly oppose,2,2,1,1,Democrat,Republican,murder
Female,White/Caucasian,"80,000 – 89,999",High School / GED,Democrat,NA,NA,Not a strong Democrat,62,No,No,Yes,TRUE,TRUE,TRUE,TRUE,TRUE,FALSE,FALSE,FALSE,FALSE,FALSE,50,80,Neither agree nor disagree,Strongly disagree,Somewhat disagree,No,No,1 - Not at all,1- Very unlike me,2,1- Very unlike me,1- Very unlike me,1- Very unlike me,1- Very unlike me,1- Very unlike me,1- Very unlike me,1- Very unlike me,1- Very unlike me,1- Very unlike me,1- Very unlike me,NA,NA,NA,NA,Oregon,Neither support nor oppose,Unjustified,Yes,NA,NA,NA,1,2,2,1,Republican,Democrat,NA
Female,White/Caucasian,"Less than 30,000",2-year College Degree,Democrat,NA,NA,Not a strong Democrat,67,No,No,Yes,TRUE,FALSE,TRUE,FALSE,TRUE,FALSE,TRUE,FALSE,FALSE,FALSE,72,30,Neither agree nor disagree,Neither agree nor disagree,Neither agree nor disagree,No,No,1 - Not at all,3,3,3,2,3,3,3,1- Very unlike me,2,1- Very unlike me,3,1- Very unlike me,NA,NA,NA,NA,Oregon,Neither support nor oppose,Unjustified,Yes,NA,NA,NA,1,2,2,1,Republican,Democrat,NA
Male,White/Caucasian,"40,000 – 49,999",Some College,Independent,Democratic Party,NA,NA,56,No,No,Yes,FALSE,TRUE,TRUE,TRUE,TRUE,FALSE,FALSE,TRUE,TRUE,TRUE,98,19,Neither agree nor disagree,Strongly disagree,Neither agree nor disagree,No,No,1 - Not at all,5- Very like me,1- Very unlike me,3,3,1- Very unlike me,5- Very like me,5- Very like me,1- Very unlike me,3,5- Very like me,5- Very like me,5- Very like me,NA,NA,NA,NA,Oregon,Neither support nor oppose,Unjustified,Yes,NA,NA,NA,1,1,2,1,Republican,Democrat,NA
Female,White/Caucasian,"80,000 – 89,999",2-year College Degree,Republican,NA,Strong Republican,NA,65,No,Yes,No,FALSE,TRUE,TRUE,TRUE,TRUE,FALSE,TRUE,TRUE,FALSE,TRUE,0,92,Neither agree nor disagree,Neither agree nor disagree,Neither agree nor disagree,No,No,1 - Not at all,2,2,2,1- Very unlike me,1- Very unlike me,1- Very unlike me,1- Very unlike me,1- Very unlike me,1- Very unlike me,1- Very unlike me,2,1- Very unlike me,NA,NA,NA,NA,NA,NA,NA,NA,California,6 - 10 years in prison,Oppose,2,2,2,1,Democrat,Republican,arson
Male,White/Caucasian,"60,000 – 69,999",Masters Degree,Democrat,NA,NA,Not a strong Democrat,59,No,No,Yes,FALSE,FALSE,TRUE,FALSE,FALSE,TRUE,FALSE,TRUE,TRUE,TRUE,50,50,Neither agree nor disagree,Strongly disagree,Neither agree nor disagree,No,No,1 - Not at all,3,4,2,2,2,3,1- Very unlike me,1- Very unlike me,1- Very unlike me,1- Very unlike me,1- Very unlike me,1- Very unlike me,NA,NA,NA,NA,NA,NA,NA,NA,Oregon,6 - 10 years in prison,Strongly oppose,2,2,1,1,Republican,Democrat,assault with a deadly weapon
Male,White/Caucasian,"50,000 – 59,999",Some College,Democrat,NA,NA,Not a strong Democrat,45,No,No,Yes,FALSE,TRUE,TRUE,TRUE,FALSE,FALSE,FALSE,TRUE,TRUE,TRUE,74,13,Neither agree nor disagree,Somewhat agree,Neither agree nor disagree,No,No,1 - Not at all,3,1- Very unlike me,3,3,2,3,3,4,1- Very unlike me,2,1- Very unlike me,1- Very unlike me,Texas,Neither support nor oppose,Unjustified,Yes,NA,NA,NA,NA,NA,NA,NA,1,2,1,1,Republican,Democrat,NA
Male,White/Caucasian,"60,000 – 69,999",Masters Degree,Republican,NA,Strong Republican,NA,53,NA,NA,NA,NA,NA,NA,NA,NA,NA,NA,NA,NA,NA,,,NA,NA,NA,NA,NA,NA,NA,NA,NA,NA,NA,NA,NA,NA,NA,NA,NA,NA,NA,NA,NA,NA,NA,NA,NA,NA,NA,NA,NA,1,2,2,2,NA,NA,NA
Female,White/Caucasian,"Less than 30,000",High School / GED,Republican,NA,Strong Republican,NA,88,No,No,Yes,TRUE,TRUE,TRUE,TRUE,TRUE,FALSE,FALSE,FALSE,FALSE,FALSE,52,58,Neither agree nor disagree,Strongly disagree,Neither agree nor disagree,No,No,1 - Not at all,1- Very unlike me,1- Very unlike me,1- Very unlike me,1- Very unlike me,1- Very unlike me,1- Very unlike me,1- Very unlike me,1- Very unlike me,1- Very unlike me,1- Very unlike me,1- Very unlike me,1- Very unlike me,NA,NA,NA,NA,NA,NA,NA,NA,Alaska,4 - 6 months in jail,Neither support nor oppose,2,2,1,1,Democrat,Republican,vandalism
Female,White/Caucasian,"Less than 30,000",Some College,Democrat,NA,NA,Not a strong Democrat,57,No,No,No,TRUE,FALSE,TRUE,TRUE,TRUE,FALSE,FALSE,FALSE,TRUE,FALSE,50,50,Neither agree nor disagree,Neither agree nor disagree,Neither agree nor disagree,No,No,1 - Not at all,1- Very unlike me,1- Very unlike me,5- Very like me,1- Very unlike me,1- Very unlike me,5- Very like me,1- Very unlike me,1- Very unlike me,1- Very unlike me,1- Very unlike me,3,1- Very unlike me,NA,NA,NA,NA,NA,NA,NA,NA,Washington,2 - 5 years in prison,Strongly oppose,2,2,1,1,Republican,Democrat,protesting without a permit
Male,White/Caucasian,"40,000 – 49,999",4-year College Degree,Republican,NA,Not a strong Republican,NA,63,No,No,Yes,TRUE,TRUE,TRUE,TRUE,TRUE,FALSE,FALSE,TRUE,FALSE,FALSE,3,95,Neither agree nor disagree,Neither agree nor disagree,Neither agree nor disagree,No,No,1 - Not at all,1- Very unlike me,2,3,1- Very unlike me,2,3,1- Very unlike me,1- Very unlike me,1- Very unlike me,1- Very unlike me,1- Very unlike me,1- Very unlike me,Florida,Strongly oppose,Unjustified,Yes,NA,NA,NA,NA,NA,NA,NA,1,2,1,1,Democrat,Republican,NA
Male,White/Caucasian,"30,000 – 39,999",2-year College Degree,Republican,NA,Strong Republican,NA,67,NA,NA,NA,TRUE,TRUE,TRUE,TRUE,TRUE,FALSE,FALSE,TRUE,FALSE,FALSE,51,82,Neither agree nor disagree,Strongly disagree,Somewhat disagree,No,No,1 - Not at all,4,3,1- Very unlike me,3,1- Very unlike me,1- Very unlike me,1- Very unlike me,1- Very unlike me,2,1- Very unlike me,1- Very unlike me,1- Very unlike me,NA,NA,NA,NA,Oregon,Strongly oppose,Unjustified,Yes,NA,NA,NA,1,2,2,1,Democrat,Republican,NA
Male,White/Caucasian,"70,000 – 79,999",4-year College Degree,Republican,NA,Strong Republican,NA,65,No,No,Yes,TRUE,TRUE,TRUE,TRUE,TRUE,FALSE,FALSE,FALSE,FALSE,FALSE,5,91,Neither agree nor disagree,Neither agree nor disagree,Neither agree nor disagree,Yes,Yes,3,5- Very like me,3,3,2,2,3,1- Very unlike me,1- Very unlike me,2,1- Very unlike me,1- Very unlike me,1- Very unlike me,NA,NA,NA,NA,NA,NA,NA,NA,California,More than 20 years in prison,Strongly oppose,2,2,2,1,Democrat,Republican,arson
Female,White/Caucasian,"Less than 30,000",2-year College Degree,Democrat,NA,NA,Not a strong Democrat,49,No,No,Yes,FALSE,FALSE,TRUE,FALSE,TRUE,FALSE,FALSE,TRUE,FALSE,FALSE,80,60,Neither agree nor disagree,Strongly disagree,Neither agree nor disagree,No,No,1 - Not at all,1- Very unlike me,3,3,2,2,2,2,1- Very unlike me,1- Very unlike me,2,2,2,NA,NA,NA,NA,Idaho,Strongly support,Unjustified,Yes,NA,NA,NA,1,2,2,1,Republican,Democrat,NA
Female,White/Caucasian,"60,000 – 69,999",4-year College Degree,Republican,NA,Not a strong Republican,NA,53,No,No,No,FALSE,TRUE,TRUE,TRUE,TRUE,TRUE,TRUE,TRUE,FALSE,TRUE,45,51,Somewhat agree,Strongly disagree,Somewhat disagree,No,No,1 - Not at all,1- Very unlike me,2,3,1- Very unlike me,3,3,1- Very unlike me,1- Very unlike me,1- Very unlike me,1- Very unlike me,1- Very unlike me,2,NA,NA,NA,NA,NA,NA,NA,NA,Alaska,Community service,Neither support nor oppose,2,2,1,1,Democrat,Republican,protesting without a permit
Female,White/Caucasian,"Less than 30,000",Some College,Democrat,NA,NA,Strong Democrat,50,No,No,Yes,FALSE,FALSE,TRUE,FALSE,TRUE,TRUE,TRUE,TRUE,TRUE,TRUE,90,57,Somewhat agree,Somewhat disagree,Neither agree nor disagree,No,No,2,4,2,4,5- Very like me,4,4,3,3,2,4,4,5- Very like me,NA,NA,NA,NA,NA,NA,NA,NA,Oregon,7 months to 1 year in jail,Oppose,2,1,2,1,Republican,Democrat,assault
Male,White/Caucasian,"50,000 – 59,999",2-year College Degree,Democrat,NA,NA,Not a strong Democrat,73,No,Yes,Yes,TRUE,TRUE,TRUE,TRUE,TRUE,TRUE,FALSE,TRUE,FALSE,TRUE,83,41,Neither agree nor disagree,Strongly disagree,Neither agree nor disagree,No,No,1 - Not at all,1- Very unlike me,1- Very unlike me,1- Very unlike me,1- Very unlike me,1- Very unlike me,1- Very unlike me,3,1- Very unlike me,1- Very unlike me,1- Very unlike me,1- Very unlike me,1- Very unlike me,NA,NA,NA,NA,NA,NA,NA,NA,Oregon,Community service,Oppose,2,2,1,1,Republican,Democrat,vandalism
Female,White/Caucasian,"100,000 or more",Some College,Democrat,NA,NA,Strong Democrat,73,No,Yes,Yes,FALSE,TRUE,TRUE,TRUE,FALSE,FALSE,FALSE,TRUE,FALSE,FALSE,92,6,Strongly agree,Strongly disagree,Neither agree nor disagree,No,No,1 - Not at all,3,3,2,2,3,2,3,2,3,3,2,1- Very unlike me,NA,NA,NA,NA,Oregon,Support,Unjustified,Yes,NA,NA,NA,1,1,2,1,Republican,Democrat,NA
Female,White/Caucasian,"70,000 – 79,999",Some College,Republican,NA,Strong Republican,NA,74,No,No,No,FALSE,TRUE,TRUE,TRUE,TRUE,FALSE,FALSE,FALSE,FALSE,TRUE,34,62,Neither agree nor disagree,Strongly disagree,Neither agree nor disagree,No,No,1 - Not at all,1- Very unlike me,3,1- Very unlike me,1- Very unlike me,1- Very unlike me,1- Very unlike me,1- Very unlike me,1- Very unlike me,1- Very unlike me,1- Very unlike me,1- Very unlike me,1- Very unlike me,NA,NA,NA,NA,NA,NA,NA,NA,NA,More than 20 years in prison,Strongly oppose,2,2,2,1,Democrat,Republican,murder
Male,White/Caucasian,"Less than 30,000",High School / GED,Republican,NA,Strong Republican,NA,18,No,No,Yes,FALSE,TRUE,TRUE,TRUE,TRUE,FALSE,FALSE,FALSE,FALSE,TRUE,0,100,Strongly agree,Strongly agree,Strongly agree,No,No,1 - Not at all,1- Very unlike me,3,3,3,1- Very unlike me,3,1- Very unlike me,1- Very unlike me,1- Very unlike me,1- Very unlike me,2,1- Very unlike me,NA,NA,NA,NA,NA,NA,NA,NA,California,7 months to 1 year in jail,Neither support nor oppose,2,1,1,1,Democrat,Republican,murder
Male,White/Caucasian,"Less than 30,000",High School / GED,Republican,NA,Strong Republican,NA,51,NA,NA,NA,TRUE,TRUE,TRUE,TRUE,FALSE,FALSE,FALSE,FALSE,FALSE,FALSE,0,91,Strongly agree,Strongly disagree,Strongly agree,No,No,1 - Not at all,1- Very unlike me,1- Very unlike me,1- Very unlike me,1- Very unlike me,1- Very unlike me,1- Very unlike me,1- Very unlike me,1- Very unlike me,1- Very unlike me,1- Very unlike me,1- Very unlike me,1- Very unlike me,NA,NA,NA,NA,NA,NA,NA,NA,Washington,Community service,Neither support nor oppose,2,1,2,1,Democrat,Republican,vandalism
Male,White/Caucasian,"70,000 – 79,999",Some College,Republican,NA,Strong Republican,NA,67,No,No,Yes,FALSE,TRUE,TRUE,TRUE,TRUE,TRUE,TRUE,TRUE,FALSE,TRUE,3,75,Strongly agree,Somewhat disagree,Neither agree nor disagree,Yes,Yes,1 - Not at all,5- Very like me,4,1- Very unlike me,1- Very unlike me,1- Very unlike me,1- Very unlike me,4,4,2,1- Very unlike me,4,4,Florida,Strongly oppose,Unjustified,Yes,NA,NA,NA,NA,NA,NA,NA,1,2,1,1,Democrat,Republican,NA
Female,White/Caucasian,"30,000 – 39,999",Some College,Republican,NA,Strong Republican,NA,77,No,Yes,No,TRUE,TRUE,TRUE,TRUE,TRUE,FALSE,FALSE,FALSE,FALSE,FALSE,51,51,Neither agree nor disagree,Strongly disagree,NA,No,No,1 - Not at all,1- Very unlike me,3,1- Very unlike me,1- Very unlike me,1- Very unlike me,1- Very unlike me,1- Very unlike me,1- Very unlike me,1- Very unlike me,1- Very unlike me,1- Very unlike me,1- Very unlike me,Florida,Strongly oppose,Unjustified,Yes,NA,NA,NA,NA,NA,NA,NA,1,1,1,1,Democrat,Republican,NA
Male,White/Caucasian,"Less than 30,000",High School / GED,Republican,NA,Not a strong Republican,NA,52,No,No,Yes,FALSE,TRUE,TRUE,FALSE,TRUE,TRUE,FALSE,TRUE,TRUE,TRUE,39,66,Neither agree nor disagree,Strongly disagree,Neither agree nor disagree,No,No,3,4,4,3,4,3,4,3,4,3,3,4,4,Florida,Strongly oppose,Unjustified,Yes,NA,NA,NA,NA,NA,NA,NA,1,1,1,1,Democrat,Republican,NA
Male,White/Caucasian,"50,000 – 59,999",Some College,Republican,NA,Strong Republican,NA,72,No,Yes,Yes,TRUE,TRUE,FALSE,TRUE,TRUE,TRUE,FALSE,FALSE,FALSE,TRUE,24,80,Strongly agree,Strongly disagree,Neither agree nor disagree,No,No,1 - Not at all,1- Very unlike me,3,4,2,1- Very unlike me,2,1- Very unlike me,1- Very unlike me,3,1- Very unlike me,3,1- Very unlike me,Florida,Strongly oppose,Unjustified,Yes,NA,NA,NA,NA,NA,NA,NA,1,2,1,1,Democrat,Republican,NA
Male,White/Caucasian,"Less than 30,000",Masters Degree,Republican,NA,Strong Republican,NA,80,No,No,Yes,FALSE,FALSE,TRUE,TRUE,TRUE,FALSE,TRUE,FALSE,TRUE,TRUE,40,62,Somewhat agree,Somewhat disagree,Neither agree nor disagree,No,No,1 - Not at all,3,4,2,1- Very unlike me,2,2,3,3,4,2,3,1- Very unlike me,NA,NA,NA,NA,NA,NA,NA,NA,Oregon,6 - 10 years in prison,Oppose,2,1,2,1,Democrat,Republican,assault with a deadly weapon
Female,White/Caucasian,"Less than 30,000",High School / GED,Republican,NA,Strong Republican,NA,61,No,No,Yes,TRUE,TRUE,TRUE,TRUE,TRUE,TRUE,FALSE,FALSE,TRUE,FALSE,17,83,Somewhat disagree,Somewhat agree,Neither agree nor disagree,No,No,1 - Not at all,1- Very unlike me,3,3,3,1- Very unlike me,2,2,1- Very unlike me,3,3,2,2,NA,NA,NA,NA,NA,NA,NA,NA,Washington,2 - 5 years in prison,Neither support nor oppose,2,1,1,1,Democrat,Republican,murder
Male,White/Caucasian,"90,000 – 99,999",Masters Degree,Republican,NA,Strong Republican,NA,70,NA,NA,NA,TRUE,TRUE,TRUE,TRUE,TRUE,FALSE,FALSE,FALSE,FALSE,FALSE,10,90,Strongly agree,Strongly disagree,Neither agree nor disagree,No,No,1 - Not at all,1- Very unlike me,2,1- Very unlike me,1- Very unlike me,2,3,1- Very unlike me,1- Very unlike me,1- Very unlike me,1- Very unlike me,1- Very unlike me,1- Very unlike me,NA,NA,NA,NA,California,Neither support nor oppose,Unjustified,Yes,NA,NA,NA,1,1,2,1,Democrat,Republican,NA
Male,White/Caucasian,"100,000 or more",Doctoral Degree,Democrat,NA,NA,Strong Democrat,74,No,Yes,Yes,TRUE,TRUE,TRUE,TRUE,TRUE,FALSE,FALSE,TRUE,FALSE,FALSE,82,10,Strongly agree,Strongly agree,Neither agree nor disagree,No,No,1 - Not at all,1- Very unlike me,2,1- Very unlike me,1- Very unlike me,1- Very unlike me,1- Very unlike me,1- Very unlike me,1- Very unlike me,1- Very unlike me,1- Very unlike me,1- Very unlike me,1- Very unlike me,NA,NA,NA,NA,NA,NA,NA,NA,Oregon,More than 20 years in prison,Strongly oppose,2,2,2,1,Republican,Democrat,murder
Female,White/Caucasian,"70,000 – 79,999",2-year College Degree,Republican,NA,Strong Republican,NA,45,No,No,No,FALSE,TRUE,TRUE,FALSE,TRUE,TRUE,FALSE,TRUE,TRUE,FALSE,49,90,Somewhat disagree,Neither agree nor disagree,Neither agree nor disagree,No,No,2,2,2,3,3,3,4,2,1- Very unlike me,3,2,4,1- Very unlike me,NA,NA,NA,NA,NA,NA,NA,NA,Oregon,More than 20 years in prison,Strongly oppose,2,2,2,1,Democrat,Republican,arson
Male,White/Caucasian,"100,000 or more",4-year College Degree,Republican,NA,Strong Republican,NA,65,No,No,Yes,TRUE,TRUE,TRUE,TRUE,TRUE,FALSE,FALSE,FALSE,TRUE,FALSE,3,40,Somewhat disagree,Strongly disagree,Neither agree nor disagree,No,No,1 - Not at all,4,3,2,3,3,2,3,2,1- Very unlike me,1- Very unlike me,2,1- Very unlike me,NA,NA,NA,NA,Oregon,Neither support nor oppose,Unjustified,Yes,NA,NA,NA,1,2,2,1,Democrat,Republican,NA
Male,White/Caucasian,"Less than 30,000",4-year College Degree,Republican,NA,Not a strong Republican,NA,70,No,No,Yes,TRUE,FALSE,TRUE,TRUE,TRUE,TRUE,FALSE,TRUE,FALSE,TRUE,35,83,Somewhat agree,Somewhat disagree,Neither agree nor disagree,No,No,2,1- Very unlike me,3,2,1- Very unlike me,3,2,1- Very unlike me,2,2,2,1- Very unlike me,1- Very unlike me,NA,NA,NA,NA,NA,NA,NA,NA,Oregon,1 - 3 days in jail,Neither support nor oppose,2,1,2,1,Democrat,Republican,vandalism
Male,White/Caucasian,"30,000 – 39,999",High School / GED,Democrat,NA,NA,Strong Democrat,45,No,No,Yes,TRUE,TRUE,TRUE,TRUE,TRUE,FALSE,FALSE,TRUE,TRUE,FALSE,100,2,Strongly agree,Neither agree nor disagree,Neither agree nor disagree,No,No,1 - Not at all,1- Very unlike me,3,3,3,3,4,1- Very unlike me,1- Very unlike me,1- Very unlike me,2,2,1- Very unlike me,Florida,Strongly oppose,Unjustified,Yes,NA,NA,NA,NA,NA,NA,NA,1,2,1,1,Republican,Democrat,NA
Female,White/Caucasian,"Less than 30,000",High School / GED,Democrat,NA,NA,Strong Democrat,62,No,No,Yes,TRUE,TRUE,TRUE,TRUE,TRUE,FALSE,FALSE,TRUE,TRUE,FALSE,93,53,Neither agree nor disagree,Strongly disagree,Strongly disagree,No,No,1 - Not at all,1- Very unlike me,1- Very unlike me,1- Very unlike me,1- Very unlike me,1- Very unlike me,1- Very unlike me,1- Very unlike me,1- Very unlike me,1- Very unlike me,1- Very unlike me,1- Very unlike me,1- Very unlike me,Florida,Strongly oppose,Unjustified,Yes,NA,NA,NA,NA,NA,NA,NA,1,1,1,1,Republican,Democrat,NA
Female,White/Caucasian,"60,000 – 69,999",Some College,Republican,NA,Strong Republican,NA,70,No,No,Yes,FALSE,TRUE,TRUE,TRUE,TRUE,FALSE,FALSE,FALSE,FALSE,FALSE,22,69,Somewhat agree,Strongly disagree,Somewhat disagree,No,No,1 - Not at all,1- Very unlike me,3,3,1- Very unlike me,1- Very unlike me,1- Very unlike me,1- Very unlike me,1- Very unlike me,1- Very unlike me,1- Very unlike me,1- Very unlike me,1- Very unlike me,NA,NA,NA,NA,NA,NA,NA,NA,Oregon,16 - 20 years in prison,Strongly oppose,2,1,2,1,Democrat,Republican,assault with a deadly weapon
Female,White/Caucasian,"30,000 – 39,999",High School / GED,Republican,NA,Not a strong Republican,NA,51,No,No,Yes,FALSE,TRUE,TRUE,TRUE,TRUE,FALSE,FALSE,TRUE,FALSE,FALSE,17,79,Neither agree nor disagree,Somewhat disagree,Somewhat disagree,No,No,1 - Not at all,1- Very unlike me,3,1- Very unlike me,3,1- Very unlike me,1- Very unlike me,4,1- Very unlike me,4,3,1- Very unlike me,3,Florida,Strongly oppose,Unjustified,Yes,NA,NA,NA,NA,NA,NA,NA,1,2,1,1,Democrat,Republican,NA
Male,White/Caucasian,"40,000 – 49,999",4-year College Degree,Democrat,NA,NA,Strong Democrat,58,No,No,Yes,TRUE,TRUE,TRUE,TRUE,TRUE,FALSE,FALSE,TRUE,FALSE,FALSE,77,22,Somewhat agree,Somewhat agree,Somewhat agree,No,No,1 - Not at all,1- Very unlike me,2,2,1- Very unlike me,1- Very unlike me,2,1- Very unlike me,1- Very unlike me,1- Very unlike me,1- Very unlike me,1- Very unlike me,1- Very unlike me,NA,NA,NA,NA,NA,NA,NA,NA,Florida,More than 20 years in prison,Strongly oppose,2,2,1,1,Republican,Democrat,murder
Female,White/Caucasian,"60,000 – 69,999",2-year College Degree,Republican,NA,Not a strong Republican,NA,64,No,No,Yes,FALSE,TRUE,TRUE,TRUE,TRUE,TRUE,FALSE,TRUE,TRUE,FALSE,36,74,Strongly agree,Somewhat disagree,Neither agree nor disagree,No,No,1 - Not at all,3,3,5- Very like me,2,1- Very unlike me,3,1- Very unlike me,1- Very unlike me,1- Very unlike me,1- Very unlike me,3,1- Very unlike me,NA,NA,NA,NA,Oregon,Strongly oppose,Unjustified,Yes,NA,NA,NA,1,2,2,1,Democrat,Republican,NA
Male,White/Caucasian,"100,000 or more","Professional Degree (JD, MD)",Republican,NA,Not a strong Republican,NA,79,NA,NA,NA,FALSE,FALSE,TRUE,FALSE,TRUE,FALSE,FALSE,TRUE,TRUE,FALSE,40,72,Neither agree nor disagree,Strongly agree,Neither agree nor disagree,No,No,1 - Not at all,2,4,1- Very unlike me,1- Very unlike me,3,2,3,1- Very unlike me,4,3,1- Very unlike me,1- Very unlike me,NA,NA,NA,NA,Washington,Strongly support,Unjustified,Yes,NA,NA,NA,1,1,2,1,Democrat,Republican,NA
Male,White/Caucasian,"30,000 – 39,999",Masters Degree,Republican,NA,Strong Republican,NA,72,No,No,Yes,FALSE,FALSE,TRUE,TRUE,TRUE,FALSE,TRUE,FALSE,FALSE,TRUE,4,86,Strongly agree,Somewhat agree,Somewhat agree,Yes,No,1 - Not at all,1- Very unlike me,4,5- Very like me,1- Very unlike me,2,4,2,1- Very unlike me,2,1- Very unlike me,2,1- Very unlike me,NA,NA,NA,NA,NA,NA,NA,NA,Oregon,2 - 5 years in prison,Oppose,2,2,1,1,Democrat,Republican,arson
Male,White/Caucasian,"70,000 – 79,999",4-year College Degree,Republican,NA,Strong Republican,NA,69,No,No,Yes,TRUE,FALSE,TRUE,TRUE,TRUE,TRUE,TRUE,TRUE,TRUE,TRUE,29,81,Neither agree nor disagree,Strongly agree,Neither agree nor disagree,No,No,1 - Not at all,1- Very unlike me,2,1- Very unlike me,1- Very unlike me,1- Very unlike me,1- Very unlike me,1- Very unlike me,1- Very unlike me,1- Very unlike me,1- Very unlike me,1- Very unlike me,1- Very unlike me,Florida,Oppose,Unjustified,Yes,NA,NA,NA,NA,NA,NA,NA,1,2,1,1,Democrat,Republican,NA
Male,White/Caucasian,"Less than 30,000",2-year College Degree,Democrat,NA,NA,Strong Democrat,45,No,Yes,Yes,FALSE,TRUE,TRUE,TRUE,TRUE,FALSE,FALSE,FALSE,FALSE,FALSE,80,20,Neither agree nor disagree,Somewhat agree,Neither agree nor disagree,No,No,1 - Not at all,2,2,1- Very unlike me,2,1- Very unlike me,2,1- Very unlike me,1- Very unlike me,2,1- Very unlike me,1- Very unlike me,1- Very unlike me,NA,NA,NA,NA,NA,NA,NA,NA,Oregon,11 - 15 years in prison,Oppose,2,1,1,1,Republican,Democrat,assault with a deadly weapon
Male,White/Caucasian,"100,000 or more",Some College,Republican,NA,Strong Republican,NA,66,No,No,Yes,FALSE,TRUE,TRUE,TRUE,TRUE,TRUE,FALSE,FALSE,FALSE,TRUE,70,29,Somewhat disagree,Strongly disagree,Somewhat disagree,No,No,1 - Not at all,5- Very like me,5- Very like me,3,1- Very unlike me,1- Very unlike me,3,1- Very unlike me,1- Very unlike me,5- Very like me,3,1- Very unlike me,1- Very unlike me,NA,NA,NA,NA,NA,NA,NA,NA,Oregon,4 - 30 days in jail,Oppose,2,1,2,1,Democrat,Republican,assault
Female,White/Caucasian,"90,000 – 99,999",Some College,Republican,NA,Not a strong Republican,NA,66,No,Yes,Yes,TRUE,TRUE,TRUE,FALSE,TRUE,TRUE,TRUE,FALSE,TRUE,FALSE,51,70,Neither agree nor disagree,Strongly disagree,Neither agree nor disagree,No,No,1 - Not at all,1- Very unlike me,2,1- Very unlike me,1- Very unlike me,1- Very unlike me,2,1- Very unlike me,1- Very unlike me,1- Very unlike me,1- Very unlike me,1- Very unlike me,1- Very unlike me,NA,NA,NA,NA,NA,NA,NA,NA,Oregon,1 - 3 days in jail,Neither support nor oppose,2,1,2,1,Democrat,Republican,assault with a deadly weapon
Female,White/Caucasian,"Less than 30,000",High School / GED,Democrat,NA,NA,Strong Democrat,62,No,No,Yes,TRUE,TRUE,TRUE,TRUE,TRUE,TRUE,FALSE,TRUE,TRUE,TRUE,89,17,Strongly disagree,Strongly disagree,Strongly disagree,No,No,1 - Not at all,1- Very unlike me,3,4,4,2,3,2,1- Very unlike me,1- Very unlike me,1- Very unlike me,2,1- Very unlike me,Florida,Strongly support,Unjustified,Yes,NA,NA,NA,NA,NA,NA,NA,1,2,1,1,Republican,Democrat,NA
Female,White/Caucasian,"30,000 – 39,999",4-year College Degree,Republican,NA,Strong Republican,NA,68,NA,NA,NA,NA,NA,NA,NA,NA,NA,NA,NA,NA,NA,,,NA,NA,NA,NA,NA,NA,NA,NA,NA,NA,NA,NA,NA,NA,NA,NA,NA,NA,NA,NA,NA,NA,NA,NA,NA,NA,NA,NA,NA,1,2,1,2,NA,NA,NA
Male,White/Caucasian,"70,000 – 79,999",4-year College Degree,Republican,NA,Strong Republican,NA,76,No,No,Yes,FALSE,TRUE,TRUE,FALSE,TRUE,FALSE,FALSE,FALSE,FALSE,FALSE,10,91,Somewhat agree,Somewhat disagree,Somewhat agree,No,No,1 - Not at all,2,2,2,1- Very unlike me,1- Very unlike me,1- Very unlike me,1- Very unlike me,1- Very unlike me,1- Very unlike me,1- Very unlike me,1- Very unlike me,1- Very unlike me,NA,NA,NA,NA,NA,NA,NA,NA,Oregon,4 - 30 days in jail,Oppose,2,2,1,1,Democrat,Republican,assault
Male,White/Caucasian,"Less than 30,000",Masters Degree,Democrat,NA,NA,Strong Democrat,64,No,No,Yes,FALSE,TRUE,TRUE,TRUE,TRUE,TRUE,TRUE,FALSE,FALSE,TRUE,81,0,Strongly agree,Neither agree nor disagree,Somewhat agree,No,No,1 - Not at all,3,3,3,3,4,2,2,2,2,2,2,2,NA,NA,NA,NA,Oregon,Strongly oppose,Unjustified,Yes,NA,NA,NA,1,2,2,1,Republican,Democrat,NA
Female,White/Caucasian,"Less than 30,000",High School / GED,Democrat,NA,NA,Not a strong Democrat,49,No,No,No,FALSE,FALSE,TRUE,TRUE,TRUE,FALSE,FALSE,FALSE,TRUE,FALSE,40,20,Neither agree nor disagree,Somewhat agree,Neither agree nor disagree,No,No,3,2,3,4,4,3,4,2,2,3,3,4,4,NA,NA,NA,NA,Washington,Oppose,Unjustified,Yes,NA,NA,NA,1,1,2,1,Republican,Democrat,NA
Female,White/Caucasian,"Less than 30,000",High School / GED,Republican,NA,Strong Republican,NA,56,No,No,No,TRUE,TRUE,TRUE,TRUE,TRUE,FALSE,FALSE,FALSE,FALSE,FALSE,9,68,Neither agree nor disagree,Neither agree nor disagree,Neither agree nor disagree,No,No,3,1- Very unlike me,1- Very unlike me,1- Very unlike me,1- Very unlike me,1- Very unlike me,1- Very unlike me,1- Very unlike me,1- Very unlike me,1- Very unlike me,1- Very unlike me,1- Very unlike me,1- Very unlike me,NA,NA,NA,NA,New Mexico,Strongly support,Unjustified,Yes,NA,NA,NA,1,2,2,1,Democrat,Republican,NA
Male,White/Caucasian,"Less than 30,000",4-year College Degree,Democrat,NA,NA,Strong Democrat,57,No,No,Yes,TRUE,TRUE,TRUE,TRUE,TRUE,TRUE,TRUE,TRUE,TRUE,TRUE,100,0,Strongly disagree,Somewhat disagree,Somewhat agree,No,No,1 - Not at all,1- Very unlike me,5- Very like me,1- Very unlike me,1- Very unlike me,3,1- Very unlike me,1- Very unlike me,1- Very unlike me,3,2,1- Very unlike me,2,NA,NA,NA,NA,NA,NA,NA,NA,Louisiana,4 - 30 days in jail,Neither support nor oppose,2,1,1,1,Republican,Democrat,assault
Male,White/Caucasian,"Less than 30,000",Some College,Republican,NA,Not a strong Republican,NA,70,No,No,No,FALSE,TRUE,TRUE,TRUE,TRUE,FALSE,FALSE,FALSE,FALSE,TRUE,25,71,Strongly agree,Neither agree nor disagree,Neither agree nor disagree,Yes,Yes,3,4,3,3,1- Very unlike me,3,3,1- Very unlike me,4,2,1- Very unlike me,1- Very unlike me,4,Florida,Strongly oppose,Unjustified,Yes,NA,NA,NA,NA,NA,NA,NA,1,1,1,1,Democrat,Republican,NA
Male,White/Caucasian,"70,000 – 79,999",Some College,Republican,NA,Strong Republican,NA,47,No,No,Yes,TRUE,TRUE,TRUE,TRUE,TRUE,TRUE,FALSE,TRUE,TRUE,FALSE,50,0,Strongly agree,Strongly disagree,Neither agree nor disagree,No,No,1 - Not at all,1- Very unlike me,3,3,1- Very unlike me,3,3,1- Very unlike me,3,1- Very unlike me,1- Very unlike me,3,1- Very unlike me,NA,NA,NA,NA,Oregon,Neither support nor oppose,Unjustified,Yes,NA,NA,NA,1,1,2,1,Democrat,Republican,NA
Female,White/Caucasian,"60,000 – 69,999",4-year College Degree,Republican,NA,Strong Republican,NA,68,No,No,Yes,TRUE,TRUE,TRUE,TRUE,TRUE,FALSE,FALSE,TRUE,FALSE,FALSE,0,100,Strongly disagree,Somewhat disagree,Neither agree nor disagree,No,No,1 - Not at all,1- Very unlike me,1- Very unlike me,1- Very unlike me,1- Very unlike me,1- Very unlike me,1- Very unlike me,1- Very unlike me,1- Very unlike me,1- Very unlike me,1- Very unlike me,1- Very unlike me,1- Very unlike me,NA,NA,NA,NA,NA,NA,NA,NA,California,6 - 10 years in prison,Oppose,2,2,2,1,Democrat,Republican,arson
Male,White/Caucasian,"40,000 – 49,999",4-year College Degree,Republican,NA,Not a strong Republican,NA,66,No,No,Yes,FALSE,FALSE,TRUE,TRUE,TRUE,FALSE,TRUE,TRUE,TRUE,FALSE,40,50,Neither agree nor disagree,Strongly disagree,Strongly disagree,No,No,1 - Not at all,2,3,1- Very unlike me,1- Very unlike me,2,3,2,1- Very unlike me,3,2,2,2,Florida,Strongly oppose,Unjustified,Yes,NA,NA,NA,NA,NA,NA,NA,1,1,1,1,Democrat,Republican,NA
Female,White/Caucasian,"Less than 30,000",4-year College Degree,Democrat,NA,NA,Strong Democrat,58,No,No,Yes,TRUE,TRUE,TRUE,TRUE,TRUE,TRUE,TRUE,TRUE,TRUE,TRUE,100,0,Somewhat agree,Strongly disagree,Neither agree nor disagree,No,Yes,1 - Not at all,1- Very unlike me,1- Very unlike me,5- Very like me,1- Very unlike me,2,3,1- Very unlike me,1- Very unlike me,1- Very unlike me,1- Very unlike me,4,3,NA,NA,NA,NA,Oregon,Neither support nor oppose,Unjustified,Yes,NA,NA,NA,1,2,2,1,Republican,Democrat,NA
Male,White/Caucasian,"100,000 or more",Masters Degree,Republican,NA,Strong Republican,NA,33,No,No,Yes,FALSE,TRUE,TRUE,TRUE,TRUE,TRUE,FALSE,FALSE,TRUE,TRUE,84,10,Neither agree nor disagree,Neither agree nor disagree,Somewhat agree,No,No,2,4,2,3,4,3,5- Very like me,2,1- Very unlike me,4,3,5- Very like me,4,NA,NA,NA,NA,NA,NA,NA,NA,Oregon,Community service,Support,2,2,1,1,Democrat,Republican,protesting without a permit
Female,White/Caucasian,"Less than 30,000",Some College,Democrat,NA,NA,Strong Democrat,65,No,Yes,Yes,FALSE,TRUE,TRUE,TRUE,TRUE,TRUE,FALSE,FALSE,FALSE,FALSE,100,7,Neither agree nor disagree,Somewhat disagree,Neither agree nor disagree,No,No,1 - Not at all,1- Very unlike me,1- Very unlike me,1- Very unlike me,1- Very unlike me,1- Very unlike me,1- Very unlike me,1- Very unlike me,1- Very unlike me,1- Very unlike me,1- Very unlike me,1- Very unlike me,1- Very unlike me,NA,NA,NA,NA,Oregon,Strongly oppose,Unjustified,Yes,NA,NA,NA,1,1,2,1,Republican,Democrat,NA
Female,White/Caucasian,"100,000 or more",4-year College Degree,Independent,Democratic Party,NA,NA,51,No,No,Yes,FALSE,TRUE,TRUE,TRUE,TRUE,TRUE,FALSE,FALSE,FALSE,FALSE,60,0,Strongly agree,Neither agree nor disagree,Somewhat agree,No,No,1 - Not at all,4,3,3,3,3,3,2,1- Very unlike me,3,3,1- Very unlike me,3,NA,NA,NA,NA,Oregon,Strongly oppose,Justified,No,NA,NA,NA,1,1,2,1,Republican,Democrat,NA
Female,White/Caucasian,"90,000 – 99,999",2-year College Degree,Republican,NA,Not a strong Republican,NA,50,No,No,Yes,TRUE,TRUE,TRUE,TRUE,TRUE,TRUE,FALSE,TRUE,FALSE,TRUE,0,55,Neither agree nor disagree,Somewhat agree,Neither agree nor disagree,No,No,1 - Not at all,1- Very unlike me,2,4,2,2,4,1- Very unlike me,2,1- Very unlike me,1- Very unlike me,4,3,Georgia,Neither support nor oppose,Unjustified,No,NA,NA,NA,NA,NA,NA,NA,1,1,1,1,Democrat,Republican,NA
Male,White/Caucasian,"100,000 or more",4-year College Degree,Republican,NA,Strong Republican,NA,69,No,No,Yes,FALSE,FALSE,TRUE,TRUE,TRUE,FALSE,FALSE,FALSE,FALSE,FALSE,0,100,Strongly agree,Strongly agree,Strongly agree,Yes,No,5 - A great deal,1- Very unlike me,3,1- Very unlike me,1- Very unlike me,1- Very unlike me,1- Very unlike me,1- Very unlike me,1- Very unlike me,1- Very unlike me,1- Very unlike me,1- Very unlike me,1- Very unlike me,NA,NA,NA,NA,Oregon,Neither support nor oppose,Justified,No,NA,NA,NA,1,1,2,1,Democrat,Republican,NA
Male,White/Caucasian,"Less than 30,000",High School / GED,Republican,NA,Strong Republican,NA,56,NA,NA,NA,TRUE,TRUE,TRUE,TRUE,TRUE,TRUE,TRUE,FALSE,FALSE,TRUE,55,69,Somewhat agree,Somewhat agree,Somewhat disagree,No,No,1 - Not at all,1- Very unlike me,2,3,1- Very unlike me,2,4,1- Very unlike me,1- Very unlike me,2,1- Very unlike me,4,3,NA,NA,NA,NA,NA,NA,NA,NA,Florida,Community service,Support,2,1,2,1,Democrat,Republican,arson
Male,White/Caucasian,"60,000 – 69,999",High School / GED,Republican,NA,Strong Republican,NA,57,NA,NA,NA,TRUE,TRUE,TRUE,TRUE,TRUE,TRUE,FALSE,TRUE,FALSE,TRUE,9,91,Neither agree nor disagree,Strongly disagree,Neither agree nor disagree,No,No,1 - Not at all,1- Very unlike me,2,3,1- Very unlike me,2,3,3,1- Very unlike me,1- Very unlike me,3,1- Very unlike me,1- Very unlike me,NA,NA,NA,NA,Oregon,Strongly oppose,Unjustified,Yes,NA,NA,NA,1,2,2,1,Democrat,Republican,NA
Female,White/Caucasian,"Less than 30,000",2-year College Degree,Republican,NA,Strong Republican,NA,68,No,No,Yes,TRUE,TRUE,TRUE,TRUE,TRUE,FALSE,FALSE,TRUE,FALSE,FALSE,71,87,Neither agree nor disagree,Strongly disagree,Neither agree nor disagree,No,No,1 - Not at all,1- Very unlike me,1- Very unlike me,1- Very unlike me,1- Very unlike me,1- Very unlike me,1- Very unlike me,1- Very unlike me,1- Very unlike me,1- Very unlike me,1- Very unlike me,1- Very unlike me,1- Very unlike me,NA,NA,NA,NA,Oregon,Strongly oppose,Unjustified,Yes,NA,NA,NA,1,1,2,1,Democrat,Republican,NA
Male,White/Caucasian,"50,000 – 59,999",4-year College Degree,Democrat,NA,NA,NA,NA,NA,NA,NA,NA,NA,NA,NA,NA,NA,NA,NA,NA,NA,,,NA,NA,NA,NA,NA,NA,NA,NA,NA,NA,NA,NA,NA,NA,NA,NA,NA,NA,NA,NA,NA,NA,NA,NA,NA,NA,NA,NA,NA,1,2,1,,NA,NA,NA
Male,White/Caucasian,"50,000 – 59,999",4-year College Degree,Republican,NA,Strong Republican,NA,56,No,No,No,TRUE,TRUE,TRUE,TRUE,TRUE,FALSE,FALSE,FALSE,FALSE,FALSE,40,60,Somewhat agree,Strongly disagree,Strongly disagree,No,No,1 - Not at all,1- Very unlike me,3,3,1- Very unlike me,2,2,1- Very unlike me,1- Very unlike me,5- Very like me,1- Very unlike me,1- Very unlike me,1- Very unlike me,Florida,Strongly oppose,Unjustified,Yes,NA,NA,NA,NA,NA,NA,NA,1,2,1,1,Democrat,Republican,NA
Female,White/Caucasian,"50,000 – 59,999",High School / GED,Republican,NA,Not a strong Republican,NA,58,No,No,Yes,FALSE,TRUE,TRUE,TRUE,TRUE,FALSE,TRUE,FALSE,TRUE,TRUE,23,66,Neither agree nor disagree,Strongly disagree,Somewhat disagree,No,No,1 - Not at all,1- Very unlike me,2,1- Very unlike me,1- Very unlike me,1- Very unlike me,2,1- Very unlike me,1- Very unlike me,1- Very unlike me,1- Very unlike me,1- Very unlike me,1- Very unlike me,NA,NA,NA,NA,NA,NA,NA,NA,Oregon,Community service,Oppose,2,1,2,1,Democrat,Republican,vandalism
Male,White/Caucasian,"60,000 – 69,999",Some College,Democrat,NA,NA,NA,NA,NA,NA,NA,NA,NA,NA,NA,NA,NA,NA,NA,NA,NA,,,NA,NA,NA,NA,NA,NA,NA,NA,NA,NA,NA,NA,NA,NA,NA,NA,NA,NA,NA,NA,NA,NA,NA,NA,NA,NA,NA,NA,NA,2,2,1,,NA,NA,NA
Male,White/Caucasian,"Less than 30,000",High School / GED,Independent,Republican Party,NA,NA,58,No,No,Yes,FALSE,TRUE,TRUE,TRUE,TRUE,FALSE,FALSE,TRUE,FALSE,FALSE,47,81,Neither agree nor disagree,Strongly disagree,Strongly disagree,No,No,1 - Not at all,1- Very unlike me,1- Very unlike me,3,1- Very unlike me,1- Very unlike me,1- Very unlike me,1- Very unlike me,1- Very unlike me,1- Very unlike me,1- Very unlike me,1- Very unlike me,1- Very unlike me,NA,NA,NA,NA,NA,NA,NA,NA,Alaska,Community service,Oppose,2,1,2,1,Democrat,Republican,vandalism
Female,White/Caucasian,"Less than 30,000",High School / GED,Republican,NA,Not a strong Republican,NA,46,No,No,Yes,FALSE,TRUE,TRUE,TRUE,TRUE,TRUE,FALSE,TRUE,TRUE,TRUE,53,53,Neither agree nor disagree,Neither agree nor disagree,Neither agree nor disagree,No,No,1 - Not at all,3,1- Very unlike me,5- Very like me,1- Very unlike me,1- Very unlike me,3,5- Very like me,3,1- Very unlike me,4,5- Very like me,5- Very like me,Florida,Strongly oppose,Unjustified,Yes,NA,NA,NA,NA,NA,NA,NA,1,1,1,1,Democrat,Republican,NA
Female,White/Caucasian,"70,000 – 79,999",4-year College Degree,Republican,NA,Strong Republican,NA,49,No,No,Yes,FALSE,TRUE,TRUE,TRUE,TRUE,TRUE,TRUE,TRUE,TRUE,TRUE,0,95,Strongly agree,Somewhat disagree,Somewhat agree,No,No,1 - Not at all,1- Very unlike me,2,4,1- Very unlike me,2,3,3,1- Very unlike me,1- Very unlike me,1- Very unlike me,1- Very unlike me,1- Very unlike me,Florida,Strongly oppose,Unjustified,Yes,NA,NA,NA,NA,NA,NA,NA,1,2,1,1,Democrat,Republican,NA
Female,White/Caucasian,"100,000 or more",Masters Degree,Republican,NA,Not a strong Republican,NA,40,NA,NA,NA,NA,NA,NA,NA,NA,NA,NA,NA,NA,NA,,,NA,NA,NA,NA,NA,NA,NA,NA,NA,NA,NA,NA,NA,NA,NA,NA,NA,NA,NA,NA,NA,NA,NA,NA,NA,NA,NA,NA,NA,2,2,2,,NA,NA,NA
Female,White/Caucasian,"100,000 or more",Masters Degree,Republican,NA,Strong Republican,NA,33,Yes,No,Yes,FALSE,TRUE,TRUE,FALSE,TRUE,FALSE,TRUE,TRUE,FALSE,TRUE,0,100,Neither agree nor disagree,Somewhat disagree,Somewhat agree,Yes,No,5 - A great deal,1- Very unlike me,5- Very like me,2,3,4,5- Very like me,4,1- Very unlike me,5- Very like me,4,1- Very unlike me,3,South Carolina,Neither support nor oppose,Justified,Yes,NA,NA,NA,NA,NA,NA,NA,1,1,1,1,Democrat,Republican,NA
Female,White/Caucasian,"70,000 – 79,999",2-year College Degree,Republican,NA,Strong Republican,NA,19,NA,NA,NA,FALSE,TRUE,TRUE,TRUE,FALSE,FALSE,FALSE,TRUE,FALSE,FALSE,75,68,Somewhat agree,Somewhat agree,Neither agree nor disagree,Yes,Yes,3,4,3,3,5- Very like me,4,4,3,4,4,5- Very like me,3,4,Georgia,Support,Unjustified,Yes,NA,NA,NA,NA,NA,NA,NA,1,1,1,1,Democrat,Republican,NA
Female,White/Caucasian,"100,000 or more",2-year College Degree,Republican,NA,Strong Republican,NA,59,No,No,Yes,TRUE,TRUE,TRUE,TRUE,TRUE,FALSE,FALSE,FALSE,FALSE,FALSE,0,9,Strongly disagree,Neither agree nor disagree,Neither agree nor disagree,No,No,1 - Not at all,1- Very unlike me,1- Very unlike me,1- Very unlike me,1- Very unlike me,1- Very unlike me,1- Very unlike me,1- Very unlike me,1- Very unlike me,1- Very unlike me,1- Very unlike me,1- Very unlike me,1- Very unlike me,NA,NA,NA,NA,NA,NA,NA,NA,Oregon,1 - 3 days in jail,Neither support nor oppose,2,1,1,1,Democrat,Republican,protesting without a permit
Male,White/Caucasian,"Less than 30,000",High School / GED,Republican,NA,Strong Republican,NA,33,NA,NA,NA,TRUE,TRUE,TRUE,TRUE,FALSE,TRUE,TRUE,TRUE,FALSE,FALSE,100,90,Strongly agree,Strongly agree,Strongly agree,Yes,Yes,5 - A great deal,3,3,4,5- Very like me,4,5- Very like me,3,5- Very like me,3,3,5- Very like me,5- Very like me,Kentucky,Strongly support,Justified,Yes,NA,NA,NA,NA,NA,NA,NA,1,1,1,1,Democrat,Republican,NA
Male,White/Caucasian,"Less than 30,000",High School / GED,Independent,Republican Party,NA,NA,47,No,No,No,FALSE,FALSE,TRUE,TRUE,TRUE,FALSE,FALSE,FALSE,FALSE,FALSE,0,100,Strongly disagree,Strongly agree,Neither agree nor disagree,No,No,1 - Not at all,1- Very unlike me,1- Very unlike me,4,1- Very unlike me,1- Very unlike me,2,1- Very unlike me,1- Very unlike me,1- Very unlike me,1- Very unlike me,1- Very unlike me,1- Very unlike me,Florida,Neither support nor oppose,Unjustified,Yes,NA,NA,NA,NA,NA,NA,NA,1,1,1,1,Democrat,Republican,NA
Male,White/Caucasian,"Less than 30,000",2-year College Degree,Independent,Neither,NA,NA,NA,NA,NA,NA,NA,NA,NA,NA,NA,NA,NA,NA,NA,NA,,,NA,NA,NA,NA,NA,NA,NA,NA,NA,NA,NA,NA,NA,NA,NA,NA,NA,NA,NA,NA,NA,NA,NA,NA,NA,NA,NA,NA,NA,2,2,2,2,NA,NA,NA
Female,White/Caucasian,"100,000 or more",Masters Degree,Republican,NA,Strong Republican,NA,35,NA,NA,NA,NA,NA,NA,NA,NA,NA,NA,NA,NA,NA,,,NA,NA,NA,NA,NA,NA,NA,NA,NA,NA,NA,NA,NA,NA,NA,NA,NA,NA,NA,NA,NA,NA,NA,NA,NA,NA,NA,NA,NA,2,2,1,,NA,NA,NA
Male,White/Caucasian,"100,000 or more",4-year College Degree,Democrat,NA,NA,NA,NA,NA,NA,NA,NA,NA,NA,NA,NA,NA,NA,NA,NA,NA,,,NA,NA,NA,NA,NA,NA,NA,NA,NA,NA,NA,NA,NA,NA,NA,NA,NA,NA,NA,NA,NA,NA,NA,NA,NA,NA,NA,NA,NA,1,2,1,,NA,NA,NA
Male,White/Caucasian,"80,000 – 89,999",4-year College Degree,Republican,NA,Not a strong Republican,NA,34,No,No,Yes,FALSE,FALSE,TRUE,FALSE,TRUE,TRUE,FALSE,TRUE,TRUE,TRUE,73,73,Strongly disagree,Strongly disagree,Strongly disagree,No,No,2,4,5- Very like me,2,3,3,3,4,4,5- Very like me,2,4,1- Very unlike me,Florida,Support,Justified,Yes,NA,NA,NA,NA,NA,NA,NA,1,2,1,1,Democrat,Republican,NA
Male,White/Caucasian,"100,000 or more",Masters Degree,Republican,NA,Strong Republican,NA,37,NA,NA,NA,NA,NA,NA,NA,NA,NA,NA,NA,NA,NA,,,NA,NA,NA,NA,NA,NA,NA,NA,NA,NA,NA,NA,NA,NA,NA,NA,NA,NA,NA,NA,NA,NA,NA,NA,NA,NA,NA,NA,NA,2,1,2,,NA,NA,NA
Female,White/Caucasian,"Less than 30,000",Some College,Republican,NA,Strong Republican,NA,20,No,No,Yes,FALSE,TRUE,TRUE,TRUE,TRUE,TRUE,FALSE,TRUE,TRUE,FALSE,44,82,Neither agree nor disagree,Strongly disagree,Strongly disagree,No,No,1 - Not at all,2,3,3,4,4,3,4,2,5- Very like me,1- Very unlike me,3,1- Very unlike me,NA,NA,NA,NA,NA,NA,NA,NA,California,11 - 15 years in prison,Strongly oppose,2,1,1,1,Democrat,Republican,arson
Female,White/Caucasian,"70,000 – 79,999",High School / GED,Republican,NA,Strong Republican,NA,64,No,No,Yes,FALSE,TRUE,TRUE,TRUE,TRUE,FALSE,FALSE,TRUE,TRUE,TRUE,0,100,Neither agree nor disagree,Somewhat agree,Somewhat agree,No,No,1 - Not at all,1- Very unlike me,1- Very unlike me,3,1- Very unlike me,1- Very unlike me,3,1- Very unlike me,1- Very unlike me,1- Very unlike me,1- Very unlike me,1- Very unlike me,1- Very unlike me,NA,NA,NA,NA,NA,NA,NA,NA,Louisiana,7 months to 1 year in jail,Neither support nor oppose,2,2,2,1,Democrat,Republican,arson
Female,White/Caucasian,"Less than 30,000",High School / GED,Republican,NA,Not a strong Republican,NA,43,NA,NA,NA,NA,NA,NA,NA,NA,NA,NA,NA,NA,NA,,,NA,NA,NA,NA,NA,NA,NA,NA,NA,NA,NA,NA,NA,NA,NA,NA,NA,NA,NA,NA,NA,NA,NA,NA,NA,NA,NA,NA,NA,1,1,1,,NA,NA,NA
Female,White/Caucasian,"30,000 – 39,999",Some College,Republican,NA,Strong Republican,NA,59,No,No,Yes,FALSE,TRUE,TRUE,FALSE,TRUE,FALSE,FALSE,TRUE,FALSE,FALSE,30,94,Neither agree nor disagree,Somewhat disagree,Neither agree nor disagree,No,No,1 - Not at all,2,2,2,2,2,2,3,2,2,1- Very unlike me,3,2,NA,NA,NA,NA,NA,NA,NA,NA,Oregon,Community service,Neither support nor oppose,2,1,2,1,Democrat,Republican,assault
Male,White/Caucasian,"Less than 30,000",High School / GED,Republican,NA,Not a strong Republican,NA,64,No,No,No,TRUE,FALSE,TRUE,TRUE,TRUE,FALSE,FALSE,FALSE,TRUE,TRUE,41,59,Strongly agree,Somewhat agree,Somewhat agree,No,No,1 - Not at all,5- Very like me,4,4,5- Very like me,2,4,1- Very unlike me,1- Very unlike me,2,1- Very unlike me,4,1- Very unlike me,Georgia,Oppose,Unjustified,Yes,NA,NA,NA,NA,NA,NA,NA,1,1,1,1,Democrat,Republican,NA
Male,White/Caucasian,"100,000 or more",Masters Degree,Democrat,NA,NA,NA,NA,NA,NA,NA,NA,NA,NA,NA,NA,NA,NA,NA,NA,NA,,,NA,NA,NA,NA,NA,NA,NA,NA,NA,NA,NA,NA,NA,NA,NA,NA,NA,NA,NA,NA,NA,NA,NA,NA,NA,NA,NA,NA,NA,1,2,1,,NA,NA,NA
Female,White/Caucasian,"100,000 or more",4-year College Degree,Republican,NA,Not a strong Republican,NA,50,No,No,Yes,TRUE,TRUE,TRUE,TRUE,TRUE,TRUE,FALSE,FALSE,TRUE,TRUE,35,65,Neither agree nor disagree,Somewhat disagree,Neither agree nor disagree,No,No,1 - Not at all,3,4,3,2,2,4,3,1- Very unlike me,1- Very unlike me,3,4,3,Georgia,Strongly oppose,Unjustified,Yes,NA,NA,NA,NA,NA,NA,NA,1,1,1,1,Democrat,Republican,NA
Female,White/Caucasian,"100,000 or more",2-year College Degree,Republican,NA,Not a strong Republican,NA,38,NA,NA,NA,NA,NA,NA,NA,NA,NA,NA,NA,NA,NA,,,NA,NA,NA,NA,NA,NA,NA,NA,NA,NA,NA,NA,NA,NA,NA,NA,NA,NA,NA,NA,NA,NA,NA,NA,NA,NA,NA,NA,NA,1,2,1,,NA,NA,NA
Male,White/Caucasian,"100,000 or more",Some College,Republican,NA,Not a strong Republican,NA,19,No,No,Yes,TRUE,FALSE,TRUE,TRUE,FALSE,TRUE,TRUE,TRUE,TRUE,FALSE,26,98,Strongly agree,Somewhat disagree,Somewhat disagree,No,No,1 - Not at all,3,2,2,2,1- Very unlike me,2,1- Very unlike me,1- Very unlike me,1- Very unlike me,1- Very unlike me,1- Very unlike me,1- Very unlike me,Florida,Support,Unjustified,Yes,NA,NA,NA,NA,NA,NA,NA,1,2,1,1,Democrat,Republican,NA
Male,White/Caucasian,"100,000 or more",Masters Degree,Democrat,NA,NA,NA,NA,NA,NA,NA,NA,NA,NA,NA,NA,NA,NA,NA,NA,NA,,,NA,NA,NA,NA,NA,NA,NA,NA,NA,NA,NA,NA,NA,NA,NA,NA,NA,NA,NA,NA,NA,NA,NA,NA,NA,NA,NA,NA,NA,1,1,2,,NA,NA,NA
Female,White/Caucasian,"Less than 30,000",High School / GED,Independent,Neither,NA,NA,NA,NA,NA,NA,NA,NA,NA,NA,NA,NA,NA,NA,NA,NA,,,NA,NA,NA,NA,NA,NA,NA,NA,NA,NA,NA,NA,NA,NA,NA,NA,NA,NA,NA,NA,NA,NA,NA,NA,NA,NA,NA,NA,NA,2,1,1,2,NA,NA,NA
Male,White/Caucasian,"100,000 or more",4-year College Degree,Independent,Republican Party,NA,NA,47,No,No,No,FALSE,FALSE,TRUE,TRUE,TRUE,FALSE,FALSE,FALSE,TRUE,FALSE,45,49,Neither agree nor disagree,Strongly disagree,Neither agree nor disagree,No,No,1 - Not at all,2,2,2,1- Very unlike me,1- Very unlike me,3,2,1- Very unlike me,1- Very unlike me,2,2,1- Very unlike me,NA,NA,NA,NA,NA,NA,NA,NA,Washington,Community service,Strongly support,2,1,1,1,Democrat,Republican,protesting without a permit
Female,White/Caucasian,"100,000 or more",4-year College Degree,Republican,NA,Strong Republican,NA,57,No,No,Yes,FALSE,TRUE,TRUE,TRUE,TRUE,TRUE,TRUE,TRUE,TRUE,TRUE,0,70,Strongly agree,Strongly disagree,Somewhat agree,No,No,1 - Not at all,1- Very unlike me,1- Very unlike me,1- Very unlike me,1- Very unlike me,1- Very unlike me,1- Very unlike me,1- Very unlike me,1- Very unlike me,1- Very unlike me,1- Very unlike me,3,1- Very unlike me,NA,NA,NA,NA,NA,NA,NA,NA,California,More than 20 years in prison,Strongly oppose,2,2,1,1,Democrat,Republican,murder
Male,White/Caucasian,"100,000 or more",Some College,Republican,NA,Not a strong Republican,NA,41,NA,NA,NA,NA,NA,NA,NA,NA,NA,NA,NA,NA,NA,,,NA,NA,NA,NA,NA,NA,NA,NA,NA,NA,NA,NA,NA,NA,NA,NA,NA,NA,NA,NA,NA,NA,NA,NA,NA,NA,NA,NA,NA,2,2,1,,NA,NA,NA
Male,White/Caucasian,"Less than 30,000",High School / GED,Republican,NA,Strong Republican,NA,23,No,No,No,TRUE,TRUE,TRUE,TRUE,TRUE,TRUE,TRUE,TRUE,TRUE,TRUE,50,100,Strongly agree,Strongly disagree,Strongly disagree,No,Yes,5 - A great deal,5- Very like me,5- Very like me,5- Very like me,5- Very like me,5- Very like me,5- Very like me,5- Very like me,5- Very like me,5- Very like me,5- Very like me,5- Very like me,5- Very like me,South Carolina,Strongly oppose,Unjustified,No,NA,NA,NA,NA,NA,NA,NA,1,2,1,1,Democrat,Republican,NA
Female,White/Caucasian,"100,000 or more",Some College,Republican,NA,Not a strong Republican,NA,56,No,No,Yes,TRUE,TRUE,TRUE,TRUE,TRUE,TRUE,FALSE,FALSE,FALSE,TRUE,0,68,Somewhat agree,Neither agree nor disagree,Strongly disagree,No,No,1 - Not at all,1- Very unlike me,1- Very unlike me,1- Very unlike me,1- Very unlike me,1- Very unlike me,1- Very unlike me,1- Very unlike me,1- Very unlike me,1- Very unlike me,1- Very unlike me,1- Very unlike me,1- Very unlike me,Florida,Strongly oppose,Unjustified,Yes,NA,NA,NA,NA,NA,NA,NA,1,2,1,1,Democrat,Republican,NA
Male,White/Caucasian,"Less than 30,000",High School / GED,Independent,Neither,NA,NA,NA,NA,NA,NA,NA,NA,NA,NA,NA,NA,NA,NA,NA,NA,,,NA,NA,NA,NA,NA,NA,NA,NA,NA,NA,NA,NA,NA,NA,NA,NA,NA,NA,NA,NA,NA,NA,NA,NA,NA,NA,NA,NA,NA,1,2,2,2,NA,NA,NA
Male,White/Caucasian,"Less than 30,000",Some College,Republican,NA,Not a strong Republican,NA,38,NA,NA,NA,NA,NA,NA,NA,NA,NA,NA,NA,NA,NA,,,NA,NA,NA,NA,NA,NA,NA,NA,NA,NA,NA,NA,NA,NA,NA,NA,NA,NA,NA,NA,NA,NA,NA,NA,NA,NA,NA,NA,NA,1,1,1,,NA,NA,NA
Female,White/Caucasian,"90,000 – 99,999",2-year College Degree,Republican,NA,Strong Republican,NA,46,No,No,Yes,FALSE,FALSE,TRUE,FALSE,TRUE,FALSE,FALSE,TRUE,TRUE,TRUE,0,81,Strongly agree,Somewhat agree,Somewhat agree,Yes,No,1 - Not at all,3,4,5- Very like me,4,3,5- Very like me,2,3,3,3,2,3,NA,NA,NA,NA,Oregon,Neither support nor oppose,Unjustified,Yes,NA,NA,NA,1,1,2,1,Democrat,Republican,NA
Female,White/Caucasian,"100,000 or more",High School / GED,Republican,NA,Strong Republican,NA,57,No,No,Yes,FALSE,TRUE,TRUE,TRUE,TRUE,FALSE,FALSE,FALSE,FALSE,TRUE,63,71,Neither agree nor disagree,Somewhat disagree,Neither agree nor disagree,No,No,1 - Not at all,2,2,3,2,2,3,2,1- Very unlike me,1- Very unlike me,1- Very unlike me,1- Very unlike me,1- Very unlike me,NA,NA,NA,NA,NA,NA,NA,NA,Oregon,More than 20 years in prison,Strongly oppose,2,2,1,1,Democrat,Republican,murder
Female,White/Caucasian,"Less than 30,000",High School / GED,Republican,NA,Strong Republican,NA,54,NA,NA,NA,TRUE,TRUE,TRUE,TRUE,TRUE,TRUE,TRUE,TRUE,TRUE,FALSE,71,67,Strongly agree,Somewhat agree,Neither agree nor disagree,No,No,5 - A great deal,1- Very unlike me,1- Very unlike me,3,3,1- Very unlike me,1- Very unlike me,1- Very unlike me,3,3,5- Very like me,5- Very like me,5- Very like me,NA,NA,NA,NA,New Mexico,Neither support nor oppose,Unjustified,Yes,NA,NA,NA,1,1,2,1,Democrat,Republican,NA
Female,White/Caucasian,"70,000 – 79,999",4-year College Degree,Republican,NA,Strong Republican,NA,23,No,No,Yes,FALSE,FALSE,TRUE,FALSE,TRUE,TRUE,TRUE,TRUE,TRUE,TRUE,30,79,Neither agree nor disagree,Somewhat disagree,Neither agree nor disagree,No,No,1 - Not at all,3,2,2,4,2,3,1- Very unlike me,2,3,1- Very unlike me,2,1- Very unlike me,Florida,Strongly oppose,Unjustified,Yes,NA,NA,NA,NA,NA,NA,NA,1,2,1,1,Democrat,Republican,NA
Male,White/Caucasian,"100,000 or more",Masters Degree,Republican,NA,Strong Republican,NA,35,NA,NA,NA,NA,NA,NA,NA,NA,NA,NA,NA,NA,NA,,,NA,NA,NA,NA,NA,NA,NA,NA,NA,NA,NA,NA,NA,NA,NA,NA,NA,NA,NA,NA,NA,NA,NA,NA,NA,NA,NA,NA,NA,2,1,2,,NA,NA,NA
Male,White/Caucasian,"100,000 or more",4-year College Degree,Republican,NA,Strong Republican,NA,37,NA,NA,NA,NA,NA,NA,NA,NA,NA,NA,NA,NA,NA,,,NA,NA,NA,NA,NA,NA,NA,NA,NA,NA,NA,NA,NA,NA,NA,NA,NA,NA,NA,NA,NA,NA,NA,NA,NA,NA,NA,NA,NA,1,1,1,,NA,NA,NA
NA,NA,NA,NA,NA,NA,NA,NA,NA,NA,NA,NA,NA,NA,NA,NA,NA,NA,NA,NA,NA,NA,,,NA,NA,NA,NA,NA,NA,NA,NA,NA,NA,NA,NA,NA,NA,NA,NA,NA,NA,NA,NA,NA,NA,NA,NA,NA,NA,NA,NA,NA,1,1,2,4,NA,NA,NA
Female,White/Caucasian,"80,000 – 89,999",Masters Degree,Republican,NA,Not a strong Republican,NA,59,No,No,Yes,FALSE,TRUE,TRUE,TRUE,TRUE,FALSE,FALSE,FALSE,TRUE,TRUE,0,38,Strongly disagree,Strongly disagree,Strongly disagree,No,No,1 - Not at all,1- Very unlike me,1- Very unlike me,1- Very unlike me,1- Very unlike me,1- Very unlike me,1- Very unlike me,1- Very unlike me,1- Very unlike me,1- Very unlike me,1- Very unlike me,1- Very unlike me,1- Very unlike me,NA,NA,NA,NA,Oregon,Strongly oppose,Unjustified,Yes,NA,NA,NA,1,2,2,1,Democrat,Republican,NA
Female,White/Caucasian,"50,000 – 59,999",High School / GED,Republican,NA,Not a strong Republican,NA,20,No,No,Yes,TRUE,TRUE,TRUE,FALSE,TRUE,TRUE,FALSE,TRUE,TRUE,TRUE,6,88,Neither agree nor disagree,Strongly disagree,Somewhat agree,No,No,1 - Not at all,1- Very unlike me,4,1- Very unlike me,3,3,3,1- Very unlike me,1- Very unlike me,2,2,2,4,NA,NA,NA,NA,NA,NA,NA,NA,Louisiana,2 - 5 years in prison,Oppose,2,2,1,1,Democrat,Republican,murder
Male,White/Caucasian,"70,000 – 79,999",Some College,Republican,NA,Not a strong Republican,NA,23,No,No,Yes,FALSE,TRUE,TRUE,FALSE,TRUE,TRUE,TRUE,TRUE,TRUE,TRUE,50,50,Somewhat disagree,Strongly disagree,Strongly disagree,No,No,1 - Not at all,3,4,5- Very like me,2,4,2,1- Very unlike me,1- Very unlike me,3,1- Very unlike me,5- Very like me,5- Very like me,Florida,Strongly oppose,Unjustified,Yes,NA,NA,NA,NA,NA,NA,NA,1,1,1,1,Democrat,Republican,NA
Male,White/Caucasian,"100,000 or more",4-year College Degree,Republican,NA,Not a strong Republican,NA,44,NA,NA,NA,NA,NA,NA,NA,NA,NA,NA,NA,NA,NA,,,NA,NA,NA,NA,NA,NA,NA,NA,NA,NA,NA,NA,NA,NA,NA,NA,NA,NA,NA,NA,NA,NA,NA,NA,NA,NA,NA,NA,NA,2,2,2,,NA,NA,NA
Male,White/Caucasian,"100,000 or more",4-year College Degree,Independent,Republican Party,NA,NA,61,NA,NA,NA,NA,NA,NA,NA,NA,NA,NA,NA,NA,NA,,,NA,NA,NA,NA,NA,NA,NA,NA,NA,NA,NA,NA,NA,NA,NA,NA,NA,NA,NA,NA,NA,NA,NA,NA,NA,NA,NA,NA,NA,1,1,2,2,NA,NA,NA
Male,White/Caucasian,"30,000 – 39,999",Some College,Republican,NA,Strong Republican,NA,41,NA,NA,NA,NA,NA,NA,NA,NA,NA,NA,NA,NA,NA,,,NA,NA,NA,NA,NA,NA,NA,NA,NA,NA,NA,NA,NA,NA,NA,NA,NA,NA,NA,NA,NA,NA,NA,NA,NA,NA,NA,NA,NA,1,2,1,,NA,NA,NA
Female,White/Caucasian,"40,000 – 49,999",Some College,Republican,NA,Not a strong Republican,NA,49,No,No,No,TRUE,TRUE,TRUE,TRUE,TRUE,FALSE,FALSE,FALSE,FALSE,FALSE,50,73,Neither agree nor disagree,Neither agree nor disagree,Neither agree nor disagree,No,No,1 - Not at all,1- Very unlike me,2,3,1- Very unlike me,1- Very unlike me,3,1- Very unlike me,1- Very unlike me,1- Very unlike me,1- Very unlike me,1- Very unlike me,1- Very unlike me,NA,NA,NA,NA,NA,NA,NA,NA,Oregon,7 months to 1 year in jail,Neither support nor oppose,2,2,2,1,Democrat,Republican,arson
Female,White/Caucasian,"50,000 – 59,999",Some College,Independent,Neither,NA,NA,NA,NA,NA,NA,NA,NA,NA,NA,NA,NA,NA,NA,NA,NA,,,NA,NA,NA,NA,NA,NA,NA,NA,NA,NA,NA,NA,NA,NA,NA,NA,NA,NA,NA,NA,NA,NA,NA,NA,NA,NA,NA,NA,NA,1,2,2,2,NA,NA,NA
Male,White/Caucasian,"60,000 – 69,999",4-year College Degree,Republican,NA,Not a strong Republican,NA,63,Yes,Yes,Yes,TRUE,TRUE,TRUE,TRUE,TRUE,FALSE,FALSE,TRUE,FALSE,FALSE,13,93,Somewhat disagree,Strongly disagree,Strongly disagree,No,No,1 - Not at all,1- Very unlike me,3,3,2,2,2,1- Very unlike me,1- Very unlike me,3,2,3,1- Very unlike me,NA,NA,NA,NA,NA,NA,NA,NA,Washington,More than 20 years in prison,Strongly oppose,2,1,1,1,Democrat,Republican,murder
Female,White/Caucasian,"100,000 or more",Some College,Republican,NA,Not a strong Republican,NA,19,No,No,No,FALSE,TRUE,TRUE,TRUE,TRUE,FALSE,FALSE,TRUE,FALSE,TRUE,22,73,Neither agree nor disagree,Strongly disagree,Somewhat disagree,No,No,3,1- Very unlike me,2,3,4,4,3,1- Very unlike me,1- Very unlike me,1- Very unlike me,1- Very unlike me,2,1- Very unlike me,NA,NA,NA,NA,NA,NA,NA,NA,Florida,2 - 3 months in jail,Oppose,2,2,1,1,Democrat,Republican,vandalism
Male,White/Caucasian,"30,000 – 39,999",High School / GED,Republican,NA,Strong Republican,NA,42,NA,NA,NA,NA,NA,NA,NA,NA,NA,NA,NA,NA,NA,,,NA,NA,NA,NA,NA,NA,NA,NA,NA,NA,NA,NA,NA,NA,NA,NA,NA,NA,NA,NA,NA,NA,NA,NA,NA,NA,NA,NA,NA,1,1,1,,NA,NA,NA
Female,White/Caucasian,"Less than 30,000",Some College,Republican,NA,Not a strong Republican,NA,58,No,No,Yes,FALSE,TRUE,TRUE,FALSE,TRUE,TRUE,TRUE,FALSE,TRUE,TRUE,0,70,Strongly agree,Somewhat disagree,Neither agree nor disagree,No,No,1 - Not at all,1- Very unlike me,2,3,3,1- Very unlike me,3,5- Very like me,1- Very unlike me,2,2,2,1- Very unlike me,NA,NA,NA,NA,NA,NA,NA,NA,Oregon,2 - 5 years in prison,Neither support nor oppose,2,1,1,1,Democrat,Republican,assault with a deadly weapon
Male,White/Caucasian,"Less than 30,000",High School / GED,Republican,NA,Not a strong Republican,NA,56,No,No,No,FALSE,TRUE,TRUE,TRUE,TRUE,TRUE,FALSE,TRUE,TRUE,TRUE,41,43,Neither agree nor disagree,Neither agree nor disagree,Neither agree nor disagree,No,No,1 - Not at all,3,2,2,1- Very unlike me,2,3,1- Very unlike me,1- Very unlike me,1- Very unlike me,1- Very unlike me,1- Very unlike me,1- Very unlike me,NA,NA,NA,NA,NA,NA,NA,NA,Washington,6 - 10 years in prison,Oppose,2,2,1,1,Democrat,Republican,murder
Male,White/Caucasian,"40,000 – 49,999",Some College,NA,NA,NA,NA,NA,NA,NA,NA,NA,NA,NA,NA,NA,NA,NA,NA,NA,NA,,,NA,NA,NA,NA,NA,NA,NA,NA,NA,NA,NA,NA,NA,NA,NA,NA,NA,NA,NA,NA,NA,NA,NA,NA,NA,NA,NA,NA,NA,1,2,1,,NA,NA,NA
Female,White/Caucasian,"40,000 – 49,999",Less than High School,Republican,NA,Not a strong Republican,NA,18,No,No,No,FALSE,TRUE,TRUE,TRUE,FALSE,FALSE,TRUE,FALSE,TRUE,TRUE,26,78,Neither agree nor disagree,Strongly disagree,Neither agree nor disagree,No,No,1 - Not at all,1- Very unlike me,1- Very unlike me,1- Very unlike me,2,2,1- Very unlike me,1- Very unlike me,1- Very unlike me,1- Very unlike me,1- Very unlike me,1- Very unlike me,1- Very unlike me,NA,NA,NA,NA,NA,NA,NA,NA,Oregon,4 - 30 days in jail,Neither support nor oppose,2,1,2,1,Democrat,Republican,assault with a deadly weapon
Male,White/Caucasian,"40,000 – 49,999",4-year College Degree,Independent,Republican Party,NA,NA,56,No,Yes,Yes,FALSE,FALSE,TRUE,FALSE,TRUE,FALSE,FALSE,TRUE,FALSE,FALSE,0,60,Neither agree nor disagree,Strongly disagree,Strongly disagree,No,No,1 - Not at all,4,3,2,5- Very like me,2,1- Very unlike me,2,3,1- Very unlike me,3,4,1- Very unlike me,Florida,Strongly oppose,Unjustified,Yes,NA,NA,NA,NA,NA,NA,NA,1,2,1,1,Democrat,Republican,NA
Female,White/Caucasian,"Less than 30,000",Some College,Republican,NA,Not a strong Republican,NA,54,No,No,Yes,FALSE,FALSE,TRUE,FALSE,TRUE,TRUE,TRUE,TRUE,TRUE,TRUE,0,0,Strongly agree,Neither agree nor disagree,Strongly agree,No,No,1 - Not at all,1- Very unlike me,5- Very like me,5- Very like me,1- Very unlike me,3,5- Very like me,3,1- Very unlike me,5- Very like me,3,1- Very unlike me,3,NA,NA,NA,NA,NA,NA,NA,NA,Oregon,More than 20 years in prison,Strongly oppose,2,1,2,1,Democrat,Republican,murder
Male,White/Caucasian,"100,000 or more",Less than High School,Republican,NA,Not a strong Republican,NA,21,No,No,No,TRUE,FALSE,TRUE,TRUE,FALSE,TRUE,FALSE,TRUE,TRUE,FALSE,21,62,Neither agree nor disagree,Neither agree nor disagree,Neither agree nor disagree,No,Yes,3,3,3,5- Very like me,3,3,3,3,3,3,3,3,3,NA,NA,NA,NA,NA,NA,NA,NA,California,16 - 20 years in prison,Support,2,2,1,1,Democrat,Republican,murder
Male,White/Caucasian,"90,000 – 99,999",Masters Degree,Independent,Democratic Party,NA,NA,38,NA,NA,NA,NA,NA,NA,NA,NA,NA,NA,NA,NA,NA,,,NA,NA,NA,NA,NA,NA,NA,NA,NA,NA,NA,NA,NA,NA,NA,NA,NA,NA,NA,NA,NA,NA,NA,NA,NA,NA,NA,NA,NA,1,2,2,,NA,NA,NA
Female,White/Caucasian,"30,000 – 39,999",High School / GED,Republican,NA,Strong Republican,NA,63,NA,NA,NA,FALSE,TRUE,TRUE,TRUE,TRUE,TRUE,FALSE,TRUE,TRUE,FALSE,0,100,Neither agree nor disagree,Strongly agree,Strongly agree,No,No,1 - Not at all,1- Very unlike me,2,2,2,1- Very unlike me,3,2,1- Very unlike me,3,3,3,1- Very unlike me,NA,NA,NA,NA,NA,NA,NA,NA,Florida,11 - 15 years in prison,Oppose,2,2,2,1,Democrat,Republican,arson
Female,White/Caucasian,"40,000 – 49,999",Some College,Independent,Republican Party,NA,NA,48,No,No,Yes,TRUE,TRUE,TRUE,FALSE,TRUE,FALSE,FALSE,TRUE,FALSE,FALSE,27,50,Neither agree nor disagree,Somewhat disagree,Somewhat disagree,No,No,1 - Not at all,1- Very unlike me,3,2,1- Very unlike me,1- Very unlike me,1- Very unlike me,1- Very unlike me,1- Very unlike me,2,2,1- Very unlike me,1- Very unlike me,NA,NA,NA,NA,Oregon,Strongly support,Unjustified,Yes,NA,NA,NA,1,1,2,1,Democrat,Republican,NA
Female,White/Caucasian,"Less than 30,000",Some College,Other,Neither,NA,NA,NA,NA,NA,NA,NA,NA,NA,NA,NA,NA,NA,NA,NA,NA,,,NA,NA,NA,NA,NA,NA,NA,NA,NA,NA,NA,NA,NA,NA,NA,NA,NA,NA,NA,NA,NA,NA,NA,NA,NA,NA,NA,NA,NA,2,1,2,2,NA,NA,NA
Male,White/Caucasian,"100,000 or more",Masters Degree,Republican,NA,Strong Republican,NA,57,Yes,Yes,Yes,FALSE,TRUE,TRUE,TRUE,TRUE,TRUE,TRUE,FALSE,TRUE,FALSE,90,90,Strongly agree,Strongly agree,Strongly agree,No,Yes,4,4,3,4,4,4,4,4,5- Very like me,4,4,4,4,NA,NA,NA,NA,NA,NA,NA,NA,Alaska,6 - 10 years in prison,Support,2,2,1,1,Democrat,Republican,protesting without a permit
Male,White/Caucasian,"100,000 or more",Some College,Republican,NA,Strong Republican,NA,36,NA,NA,NA,NA,NA,NA,NA,NA,NA,NA,NA,NA,NA,,,NA,NA,NA,NA,NA,NA,NA,NA,NA,NA,NA,NA,NA,NA,NA,NA,NA,NA,NA,NA,NA,NA,NA,NA,NA,NA,NA,NA,NA,2,2,2,,NA,NA,NA
Female,White/Caucasian,"100,000 or more",Masters Degree,Democrat,NA,NA,NA,NA,NA,NA,NA,NA,NA,NA,NA,NA,NA,NA,NA,NA,NA,,,NA,NA,NA,NA,NA,NA,NA,NA,NA,NA,NA,NA,NA,NA,NA,NA,NA,NA,NA,NA,NA,NA,NA,NA,NA,NA,NA,NA,NA,2,2,2,,NA,NA,NA
Female,White/Caucasian,"Less than 30,000",High School / GED,Republican,NA,Strong Republican,NA,57,No,No,Yes,FALSE,TRUE,TRUE,FALSE,TRUE,FALSE,FALSE,TRUE,FALSE,TRUE,0,100,Strongly agree,Strongly agree,Strongly agree,Yes,No,1 - Not at all,5- Very like me,5- Very like me,5- Very like me,1- Very unlike me,5- Very like me,1- Very unlike me,1- Very unlike me,5- Very like me,5- Very like me,1- Very unlike me,5- Very like me,1- Very unlike me,NA,NA,NA,NA,NA,NA,NA,NA,Alaska,More than 20 years in prison,Strongly oppose,2,1,1,1,Democrat,Republican,protesting without a permit
Female,White/Caucasian,"40,000 – 49,999",2-year College Degree,Republican,NA,Not a strong Republican,NA,38,NA,NA,NA,NA,NA,NA,NA,NA,NA,NA,NA,NA,NA,,,NA,NA,NA,NA,NA,NA,NA,NA,NA,NA,NA,NA,NA,NA,NA,NA,NA,NA,NA,NA,NA,NA,NA,NA,NA,NA,NA,NA,NA,1,2,2,,NA,NA,NA
Male,White/Caucasian,"100,000 or more",Masters Degree,Republican,NA,Strong Republican,NA,50,No,No,Yes,FALSE,FALSE,TRUE,FALSE,TRUE,FALSE,TRUE,TRUE,TRUE,FALSE,0,85,Neither agree nor disagree,Strongly disagree,Strongly disagree,No,No,1 - Not at all,3,5- Very like me,1- Very unlike me,1- Very unlike me,1- Very unlike me,1- Very unlike me,1- Very unlike me,1- Very unlike me,1- Very unlike me,1- Very unlike me,1- Very unlike me,1- Very unlike me,Florida,Strongly oppose,Unjustified,Yes,NA,NA,NA,NA,NA,NA,NA,1,2,1,1,Democrat,Republican,NA
Male,White/Caucasian,"80,000 – 89,999",Masters Degree,Republican,NA,Strong Republican,NA,41,NA,NA,NA,NA,NA,NA,NA,NA,NA,NA,NA,NA,NA,,,NA,NA,NA,NA,NA,NA,NA,NA,NA,NA,NA,NA,NA,NA,NA,NA,NA,NA,NA,NA,NA,NA,NA,NA,NA,NA,NA,NA,NA,1,2,2,,NA,NA,NA
Male,Other,"60,000 – 69,999",Less than High School,Republican,NA,Strong Republican,NA,31,NA,NA,NA,TRUE,TRUE,FALSE,TRUE,TRUE,TRUE,TRUE,TRUE,TRUE,TRUE,63,61,Strongly agree,Strongly agree,Somewhat disagree,Yes,No,3,3,2,1- Very unlike me,3,2,3,3,3,3,4,4,4,Georgia,Neither support nor oppose,Unjustified,Yes,NA,NA,NA,NA,NA,NA,NA,1,2,1,1,Democrat,Republican,NA
Female,White/Caucasian,"100,000 or more",Some College,Republican,NA,Strong Republican,NA,50,No,No,Yes,TRUE,TRUE,TRUE,TRUE,TRUE,FALSE,FALSE,FALSE,FALSE,FALSE,8,86,Neither agree nor disagree,Somewhat agree,Somewhat agree,No,No,1 - Not at all,1- Very unlike me,3,2,2,1- Very unlike me,4,1- Very unlike me,1- Very unlike me,1- Very unlike me,1- Very unlike me,2,1- Very unlike me,Florida,Oppose,Unjustified,Yes,NA,NA,NA,NA,NA,NA,NA,1,2,1,1,Democrat,Republican,NA
Female,White/Caucasian,"100,000 or more","Professional Degree (JD, MD)",NA,NA,NA,NA,NA,NA,NA,NA,NA,NA,NA,NA,NA,NA,NA,NA,NA,NA,,,NA,NA,NA,NA,NA,NA,NA,NA,NA,NA,NA,NA,NA,NA,NA,NA,NA,NA,NA,NA,NA,NA,NA,NA,NA,NA,NA,NA,NA,1,1,1,,NA,NA,NA
Female,White/Caucasian,"Less than 30,000",High School / GED,Republican,NA,Strong Republican,NA,48,No,No,No,FALSE,TRUE,TRUE,TRUE,TRUE,FALSE,FALSE,TRUE,FALSE,FALSE,81,31,Somewhat disagree,Neither agree nor disagree,Strongly agree,No,No,1 - Not at all,1- Very unlike me,1- Very unlike me,1- Very unlike me,3,1- Very unlike me,1- Very unlike me,1- Very unlike me,1- Very unlike me,1- Very unlike me,1- Very unlike me,1- Very unlike me,1- Very unlike me,NA,NA,NA,NA,Oregon,Neither support nor oppose,Unjustified,Yes,NA,NA,NA,1,2,2,1,Democrat,Republican,NA
Female,White/Caucasian,"40,000 – 49,999",Masters Degree,Republican,NA,Strong Republican,NA,45,NA,NA,NA,FALSE,TRUE,TRUE,TRUE,FALSE,TRUE,TRUE,TRUE,TRUE,TRUE,0,100,Strongly agree,Strongly agree,Strongly agree,No,No,1 - Not at all,5- Very like me,5- Very like me,5- Very like me,5- Very like me,5- Very like me,5- Very like me,5- Very like me,5- Very like me,3,5- Very like me,5- Very like me,5- Very like me,Nevada,Neither support nor oppose,Justified,No,NA,NA,NA,NA,NA,NA,NA,1,2,1,1,Democrat,Republican,NA
Male,White/Caucasian,"100,000 or more",4-year College Degree,Republican,NA,Strong Republican,NA,35,NA,NA,NA,NA,NA,NA,NA,NA,NA,NA,NA,NA,NA,,,NA,NA,NA,NA,NA,NA,NA,NA,NA,NA,NA,NA,NA,NA,NA,NA,NA,NA,NA,NA,NA,NA,NA,NA,NA,NA,NA,NA,NA,1,1,1,,NA,NA,NA
Male,White/Caucasian,"50,000 – 59,999",Masters Degree,Republican,NA,Strong Republican,NA,60,No,No,Yes,FALSE,TRUE,TRUE,FALSE,TRUE,TRUE,FALSE,FALSE,TRUE,FALSE,0,91,Strongly agree,Somewhat agree,Strongly agree,No,No,1 - Not at all,1- Very unlike me,3,1- Very unlike me,1- Very unlike me,3,3,3,1- Very unlike me,2,2,3,4,NA,NA,NA,NA,NA,NA,NA,NA,Oregon,4 - 6 months in jail,Oppose,2,1,2,1,Democrat,Republican,murder
Female,White/Caucasian,"40,000 – 49,999",Some College,Republican,NA,Strong Republican,NA,46,No,No,Yes,TRUE,TRUE,TRUE,TRUE,TRUE,FALSE,FALSE,TRUE,FALSE,FALSE,10,90,Neither agree nor disagree,Somewhat agree,Neither agree nor disagree,No,No,1 - Not at all,1- Very unlike me,1- Very unlike me,1- Very unlike me,1- Very unlike me,1- Very unlike me,1- Very unlike me,1- Very unlike me,1- Very unlike me,1- Very unlike me,2,1- Very unlike me,1- Very unlike me,NA,NA,NA,NA,NA,NA,NA,NA,Washington,6 - 10 years in prison,Strongly oppose,2,2,1,1,Democrat,Republican,assault with a deadly weapon
Female,White/Caucasian,"30,000 – 39,999",High School / GED,Republican,NA,Not a strong Republican,NA,44,NA,NA,NA,NA,NA,NA,NA,NA,NA,NA,NA,NA,NA,,,NA,NA,NA,NA,NA,NA,NA,NA,NA,NA,NA,NA,NA,NA,NA,NA,NA,NA,NA,NA,NA,NA,NA,NA,NA,NA,NA,NA,NA,1,1,1,,NA,NA,NA
Female,White/Caucasian,"Less than 30,000",Some College,Republican,NA,Not a strong Republican,NA,44,NA,NA,NA,NA,NA,NA,NA,NA,NA,NA,NA,NA,NA,,,NA,NA,NA,NA,NA,NA,NA,NA,NA,NA,NA,NA,NA,NA,NA,NA,NA,NA,NA,NA,NA,NA,NA,NA,NA,NA,NA,NA,NA,1,2,1,,NA,NA,NA
Female,White/Caucasian,"90,000 – 99,999",Doctoral Degree,Republican,NA,Not a strong Republican,NA,58,No,No,Yes,TRUE,TRUE,TRUE,TRUE,TRUE,FALSE,TRUE,FALSE,FALSE,TRUE,36,42,Neither agree nor disagree,Neither agree nor disagree,Neither agree nor disagree,No,No,1 - Not at all,3,3,3,2,2,3,2,2,2,2,1- Very unlike me,1- Very unlike me,NA,NA,NA,NA,NA,NA,NA,NA,Oregon,Community service,Neither support nor oppose,2,1,1,1,Democrat,Republican,protesting without a permit
Female,White/Caucasian,"100,000 or more",4-year College Degree,Independent,Republican Party,NA,NA,55,No,No,Yes,FALSE,TRUE,TRUE,TRUE,TRUE,TRUE,FALSE,TRUE,TRUE,TRUE,15,73,Strongly agree,Strongly disagree,Neither agree nor disagree,No,No,2,1- Very unlike me,3,2,1- Very unlike me,1- Very unlike me,3,1- Very unlike me,1- Very unlike me,2,2,3,1- Very unlike me,Georgia,Strongly oppose,Unjustified,Yes,NA,NA,NA,NA,NA,NA,NA,1,1,1,1,Democrat,Republican,NA
Female,White/Caucasian,"100,000 or more",4-year College Degree,Republican,NA,Not a strong Republican,NA,35,NA,NA,NA,NA,NA,NA,NA,NA,NA,NA,NA,NA,NA,,,NA,NA,NA,NA,NA,NA,NA,NA,NA,NA,NA,NA,NA,NA,NA,NA,NA,NA,NA,NA,NA,NA,NA,NA,NA,NA,NA,NA,NA,2,2,2,,NA,NA,NA
Female,White/Caucasian,"Less than 30,000",Masters Degree,Independent,Republican Party,NA,NA,48,NA,NA,NA,FALSE,TRUE,TRUE,TRUE,TRUE,FALSE,FALSE,FALSE,TRUE,FALSE,68,58,Neither agree nor disagree,Somewhat disagree,Neither agree nor disagree,No,No,1 - Not at all,1- Very unlike me,1- Very unlike me,2,1- Very unlike me,1- Very unlike me,4,1- Very unlike me,1- Very unlike me,1- Very unlike me,1- Very unlike me,1- Very unlike me,1- Very unlike me,NA,NA,NA,NA,Oregon,Support,Justified,Yes,NA,NA,NA,1,2,2,1,Democrat,Republican,NA
Male,White/Caucasian,"Less than 30,000",4-year College Degree,Republican,NA,Strong Republican,NA,45,No,No,No,FALSE,FALSE,TRUE,FALSE,TRUE,TRUE,TRUE,TRUE,TRUE,TRUE,4,26,Somewhat agree,Strongly disagree,Neither agree nor disagree,No,No,1 - Not at all,1- Very unlike me,4,5- Very like me,1- Very unlike me,2,5- Very like me,5- Very like me,1- Very unlike me,3,4,5- Very like me,3,Florida,Strongly oppose,Unjustified,Yes,NA,NA,NA,NA,NA,NA,NA,1,1,1,1,Democrat,Republican,NA
Female,White/Caucasian,"80,000 – 89,999",4-year College Degree,Republican,NA,Not a strong Republican,NA,37,NA,NA,NA,NA,NA,NA,NA,NA,NA,NA,NA,NA,NA,,,NA,NA,NA,NA,NA,NA,NA,NA,NA,NA,NA,NA,NA,NA,NA,NA,NA,NA,NA,NA,NA,NA,NA,NA,NA,NA,NA,NA,NA,1,1,1,,NA,NA,NA
Female,Other,"Less than 30,000",Less than High School,Other,Neither,NA,NA,NA,NA,NA,NA,NA,NA,NA,NA,NA,NA,NA,NA,NA,NA,,,NA,NA,NA,NA,NA,NA,NA,NA,NA,NA,NA,NA,NA,NA,NA,NA,NA,NA,NA,NA,NA,NA,NA,NA,NA,NA,NA,NA,NA,2,2,2,2,NA,NA,NA
Male,White/Caucasian,"70,000 – 79,999",Some College,Republican,NA,Not a strong Republican,NA,55,No,No,Yes,TRUE,TRUE,TRUE,TRUE,TRUE,FALSE,FALSE,FALSE,FALSE,FALSE,0,85,Somewhat agree,Strongly agree,Neither agree nor disagree,No,No,3,3,1- Very unlike me,2,1- Very unlike me,1- Very unlike me,3,1- Very unlike me,1- Very unlike me,1- Very unlike me,1- Very unlike me,1- Very unlike me,3,NA,NA,NA,NA,NA,NA,NA,NA,Oregon,7 months to 1 year in jail,Neither support nor oppose,2,2,2,1,Democrat,Republican,assault with a deadly weapon
Male,White/Caucasian,"100,000 or more",Some College,Republican,NA,Not a strong Republican,NA,63,No,No,No,TRUE,TRUE,TRUE,FALSE,TRUE,TRUE,FALSE,FALSE,TRUE,TRUE,82,71,Neither agree nor disagree,Strongly disagree,Neither agree nor disagree,No,No,1 - Not at all,2,3,4,1- Very unlike me,3,4,4,1- Very unlike me,3,2,4,4,NA,NA,NA,NA,NA,NA,NA,NA,California,6 - 10 years in prison,Strongly oppose,2,1,2,1,Democrat,Republican,arson
Female,White/Caucasian,"Less than 30,000",4-year College Degree,Republican,NA,Not a strong Republican,NA,63,No,No,Yes,TRUE,TRUE,TRUE,TRUE,TRUE,FALSE,FALSE,TRUE,TRUE,FALSE,50,51,Neither agree nor disagree,Strongly disagree,Neither agree nor disagree,No,No,1 - Not at all,1- Very unlike me,2,2,1- Very unlike me,1- Very unlike me,2,1- Very unlike me,1- Very unlike me,1- Very unlike me,1- Very unlike me,1- Very unlike me,1- Very unlike me,NA,NA,NA,NA,NA,NA,NA,NA,Oregon,16 - 20 years in prison,Strongly oppose,2,2,2,1,Democrat,Republican,murder
Male,White/Caucasian,"40,000 – 49,999",High School / GED,Republican,NA,Not a strong Republican,NA,37,NA,NA,NA,NA,NA,NA,NA,NA,NA,NA,NA,NA,NA,,,NA,NA,NA,NA,NA,NA,NA,NA,NA,NA,NA,NA,NA,NA,NA,NA,NA,NA,NA,NA,NA,NA,NA,NA,NA,NA,NA,NA,NA,2,2,1,,NA,NA,NA
Male,White/Caucasian,"100,000 or more",Some College,Republican,NA,Not a strong Republican,NA,43,NA,NA,NA,NA,NA,NA,NA,NA,NA,NA,NA,NA,NA,,,NA,NA,NA,NA,NA,NA,NA,NA,NA,NA,NA,NA,NA,NA,NA,NA,NA,NA,NA,NA,NA,NA,NA,NA,NA,NA,NA,NA,NA,1,1,1,,NA,NA,NA
Male,White/Caucasian,"70,000 – 79,999",4-year College Degree,Republican,NA,Not a strong Republican,NA,53,NA,NA,NA,NA,NA,NA,NA,NA,NA,NA,NA,NA,NA,,,NA,NA,NA,NA,NA,NA,NA,NA,NA,NA,NA,NA,NA,NA,NA,NA,NA,NA,NA,NA,NA,NA,NA,NA,NA,NA,NA,NA,NA,2,2,1,2,NA,NA,NA
Female,White/Caucasian,"100,000 or more",4-year College Degree,Republican,NA,Not a strong Republican,NA,54,NA,NA,NA,FALSE,TRUE,TRUE,TRUE,TRUE,TRUE,TRUE,FALSE,TRUE,TRUE,20,91,Strongly agree,Strongly disagree,Strongly disagree,No,No,1 - Not at all,1- Very unlike me,3,1- Very unlike me,1- Very unlike me,1- Very unlike me,3,1- Very unlike me,1- Very unlike me,1- Very unlike me,1- Very unlike me,2,1- Very unlike me,NA,NA,NA,NA,NA,NA,NA,NA,Oregon,Community service,Support,2,1,1,1,Democrat,Republican,protesting without a permit
Male,White/Caucasian,"50,000 – 59,999",Some College,Republican,NA,Strong Republican,NA,57,NA,NA,NA,NA,NA,NA,NA,NA,NA,NA,NA,NA,NA,,,NA,NA,NA,NA,NA,NA,NA,NA,NA,NA,NA,NA,NA,NA,NA,NA,NA,NA,NA,NA,NA,NA,NA,NA,NA,NA,NA,NA,NA,2,2,2,2,NA,NA,NA
Female,White/Caucasian,"70,000 – 79,999",2-year College Degree,Independent,Democratic Party,NA,NA,40,NA,NA,NA,NA,NA,NA,NA,NA,NA,NA,NA,NA,NA,,,NA,NA,NA,NA,NA,NA,NA,NA,NA,NA,NA,NA,NA,NA,NA,NA,NA,NA,NA,NA,NA,NA,NA,NA,NA,NA,NA,NA,NA,2,1,1,,NA,NA,NA
Male,White/Caucasian,"Less than 30,000",Some College,Republican,NA,Strong Republican,NA,62,NA,NA,NA,FALSE,TRUE,TRUE,TRUE,TRUE,FALSE,TRUE,TRUE,FALSE,FALSE,7,100,Somewhat agree,Somewhat disagree,Strongly disagree,No,No,1 - Not at all,3,2,2,2,2,2,2,2,2,2,2,1- Very unlike me,NA,NA,NA,NA,Oregon,Neither support nor oppose,Unjustified,Yes,NA,NA,NA,1,1,2,1,Democrat,Republican,NA
Male,White/Caucasian,"Less than 30,000",2-year College Degree,Republican,NA,Strong Republican,NA,60,No,No,Yes,FALSE,TRUE,TRUE,TRUE,TRUE,TRUE,TRUE,TRUE,TRUE,FALSE,9,85,Neither agree nor disagree,Strongly disagree,Strongly disagree,No,No,3,3,2,2,1- Very unlike me,1- Very unlike me,1- Very unlike me,1- Very unlike me,1- Very unlike me,1- Very unlike me,1- Very unlike me,1- Very unlike me,1- Very unlike me,NA,NA,NA,NA,Oregon,Neither support nor oppose,Unjustified,Yes,NA,NA,NA,1,2,2,1,Democrat,Republican,NA
Female,White/Caucasian,"Less than 30,000",2-year College Degree,Republican,NA,Not a strong Republican,NA,53,No,No,Yes,FALSE,TRUE,TRUE,TRUE,FALSE,TRUE,TRUE,TRUE,FALSE,TRUE,1,85,Neither agree nor disagree,Somewhat agree,Neither agree nor disagree,Yes,No,1 - Not at all,1- Very unlike me,3,4,1- Very unlike me,1- Very unlike me,4,1- Very unlike me,1- Very unlike me,1- Very unlike me,1- Very unlike me,1- Very unlike me,1- Very unlike me,Alabama,Strongly oppose,Unjustified,Yes,NA,NA,NA,NA,NA,NA,NA,1,2,1,1,Democrat,Republican,NA
Male,White/Caucasian,"70,000 – 79,999",4-year College Degree,Republican,NA,Strong Republican,NA,30,NA,NA,NA,FALSE,FALSE,TRUE,FALSE,FALSE,TRUE,TRUE,FALSE,TRUE,FALSE,75,91,Strongly agree,Somewhat disagree,Strongly disagree,No,No,4,2,1- Very unlike me,4,2,2,4,1- Very unlike me,2,2,1- Very unlike me,2,4,NA,NA,NA,NA,California,Support,Justified,Yes,NA,NA,NA,1,2,2,1,Democrat,Republican,NA
Female,White/Caucasian,"30,000 – 39,999",2-year College Degree,Republican,NA,Not a strong Republican,NA,45,No,No,Yes,FALSE,FALSE,TRUE,TRUE,TRUE,FALSE,TRUE,TRUE,TRUE,TRUE,21,80,Somewhat disagree,Strongly disagree,Somewhat agree,No,No,1 - Not at all,4,3,4,5- Very like me,2,4,3,4,3,2,4,2,Florida,Strongly oppose,Unjustified,Yes,NA,NA,NA,NA,NA,NA,NA,1,2,1,1,Democrat,Republican,NA
Female,White/Caucasian,"30,000 – 39,999",2-year College Degree,Republican,NA,Strong Republican,NA,64,No,No,Yes,TRUE,TRUE,TRUE,TRUE,TRUE,FALSE,FALSE,TRUE,FALSE,FALSE,0,70,Neither agree nor disagree,Strongly disagree,Neither agree nor disagree,No,No,1 - Not at all,1- Very unlike me,3,1- Very unlike me,1- Very unlike me,1- Very unlike me,3,1- Very unlike me,1- Very unlike me,1- Very unlike me,1- Very unlike me,1- Very unlike me,1- Very unlike me,NA,NA,NA,NA,Oregon,Support,Justified,Yes,NA,NA,NA,1,2,2,1,Democrat,Republican,NA
Female,White/Caucasian,"30,000 – 39,999",High School / GED,Republican,NA,Strong Republican,NA,41,NA,NA,NA,NA,NA,NA,NA,NA,NA,NA,NA,NA,NA,,,NA,NA,NA,NA,NA,NA,NA,NA,NA,NA,NA,NA,NA,NA,NA,NA,NA,NA,NA,NA,NA,NA,NA,NA,NA,NA,NA,NA,NA,1,2,1,,NA,NA,NA
Female,White/Caucasian,"90,000 – 99,999",2-year College Degree,Republican,NA,Strong Republican,NA,39,NA,NA,NA,NA,NA,NA,NA,NA,NA,NA,NA,NA,NA,,,NA,NA,NA,NA,NA,NA,NA,NA,NA,NA,NA,NA,NA,NA,NA,NA,NA,NA,NA,NA,NA,NA,NA,NA,NA,NA,NA,NA,NA,1,2,1,,NA,NA,NA
Female,White/Caucasian,"50,000 – 59,999",Masters Degree,Republican,NA,Strong Republican,NA,37,NA,NA,NA,NA,NA,NA,NA,NA,NA,NA,NA,NA,NA,,,NA,NA,NA,NA,NA,NA,NA,NA,NA,NA,NA,NA,NA,NA,NA,NA,NA,NA,NA,NA,NA,NA,NA,NA,NA,NA,NA,NA,NA,1,1,2,,NA,NA,NA
Male,White/Caucasian,"100,000 or more",4-year College Degree,Republican,NA,Not a strong Republican,NA,46,No,No,Yes,FALSE,TRUE,TRUE,TRUE,TRUE,TRUE,FALSE,FALSE,TRUE,TRUE,4,94,Somewhat agree,Neither agree nor disagree,Neither agree nor disagree,No,No,1 - Not at all,2,1- Very unlike me,3,3,2,2,1- Very unlike me,2,1- Very unlike me,1- Very unlike me,1- Very unlike me,1- Very unlike me,NA,NA,NA,NA,NA,NA,NA,NA,Oregon,More than 20 years in prison,Strongly oppose,2,2,1,1,Democrat,Republican,arson
Female,White/Caucasian,"50,000 – 59,999",Some College,Republican,NA,Not a strong Republican,NA,49,No,No,No,TRUE,TRUE,TRUE,TRUE,TRUE,FALSE,FALSE,TRUE,TRUE,FALSE,40,100,Somewhat agree,Somewhat disagree,Somewhat disagree,No,No,1 - Not at all,1- Very unlike me,3,2,1- Very unlike me,1- Very unlike me,3,1- Very unlike me,1- Very unlike me,1- Very unlike me,1- Very unlike me,1- Very unlike me,1- Very unlike me,NA,NA,NA,NA,NA,NA,NA,NA,California,Community service,Oppose,2,2,1,1,Democrat,Republican,vandalism
Female,White/Caucasian,"70,000 – 79,999",4-year College Degree,Republican,NA,Strong Republican,NA,65,No,No,Yes,FALSE,TRUE,TRUE,TRUE,TRUE,FALSE,FALSE,FALSE,FALSE,FALSE,2,83,Neither agree nor disagree,Strongly disagree,Neither agree nor disagree,Yes,No,2,1- Very unlike me,2,1- Very unlike me,1- Very unlike me,1- Very unlike me,1- Very unlike me,1- Very unlike me,1- Very unlike me,1- Very unlike me,1- Very unlike me,1- Very unlike me,1- Very unlike me,Florida,Strongly oppose,Unjustified,Yes,NA,NA,NA,NA,NA,NA,NA,1,2,1,1,Democrat,Republican,NA
Male,White/Caucasian,"70,000 – 79,999",4-year College Degree,Republican,NA,Not a strong Republican,NA,64,No,No,Yes,FALSE,TRUE,TRUE,TRUE,TRUE,FALSE,FALSE,FALSE,FALSE,FALSE,30,81,Strongly disagree,Strongly disagree,Strongly disagree,No,No,1 - Not at all,3,2,1- Very unlike me,1- Very unlike me,2,2,1- Very unlike me,1- Very unlike me,1- Very unlike me,1- Very unlike me,1- Very unlike me,1- Very unlike me,NA,NA,NA,NA,Oregon,Strongly oppose,Unjustified,Yes,NA,NA,NA,1,2,2,1,Democrat,Republican,NA
Male,White/Caucasian,"80,000 – 89,999",Masters Degree,Republican,NA,Not a strong Republican,NA,57,No,No,No,TRUE,TRUE,TRUE,TRUE,TRUE,FALSE,FALSE,FALSE,FALSE,FALSE,41,90,Neither agree nor disagree,Neither agree nor disagree,Neither agree nor disagree,No,No,1 - Not at all,1- Very unlike me,2,1- Very unlike me,1- Very unlike me,1- Very unlike me,1- Very unlike me,1- Very unlike me,1- Very unlike me,1- Very unlike me,1- Very unlike me,1- Very unlike me,1- Very unlike me,NA,NA,NA,NA,NA,NA,NA,NA,Oregon,1 - 3 days in jail,Oppose,2,2,1,1,Democrat,Republican,vandalism
Female,White/Caucasian,"Less than 30,000",High School / GED,Republican,NA,Strong Republican,NA,46,Yes,No,No,FALSE,TRUE,FALSE,TRUE,TRUE,TRUE,TRUE,TRUE,TRUE,FALSE,16,81,Neither agree nor disagree,Somewhat agree,Neither agree nor disagree,Yes,No,3,3,2,3,4,2,3,1- Very unlike me,1- Very unlike me,4,1- Very unlike me,1- Very unlike me,4,NA,NA,NA,NA,Oregon,Neither support nor oppose,Unjustified,Yes,NA,NA,NA,1,1,2,1,Democrat,Republican,NA
Male,White/Caucasian,"70,000 – 79,999",Some College,Republican,NA,Not a strong Republican,NA,59,NA,NA,NA,FALSE,TRUE,TRUE,FALSE,TRUE,FALSE,FALSE,TRUE,FALSE,TRUE,0,40,Neither agree nor disagree,Strongly disagree,Neither agree nor disagree,No,No,1 - Not at all,5- Very like me,4,1- Very unlike me,1- Very unlike me,1- Very unlike me,1- Very unlike me,2,1- Very unlike me,1- Very unlike me,2,1- Very unlike me,2,NA,NA,NA,NA,NA,NA,NA,NA,Oregon,Community service,Oppose,2,1,1,1,Democrat,Republican,vandalism
Male,White/Caucasian,"Less than 30,000",High School / GED,Republican,NA,Strong Republican,NA,57,No,No,Yes,TRUE,TRUE,TRUE,TRUE,TRUE,FALSE,FALSE,FALSE,FALSE,FALSE,0,100,Neither agree nor disagree,Strongly agree,Strongly agree,No,No,1 - Not at all,1- Very unlike me,3,1- Very unlike me,1- Very unlike me,1- Very unlike me,3,1- Very unlike me,1- Very unlike me,2,1- Very unlike me,1- Very unlike me,1- Very unlike me,NA,NA,NA,NA,Oregon,Neither support nor oppose,Unjustified,No,NA,NA,NA,1,1,2,1,Democrat,Republican,NA
Female,White/Caucasian,"100,000 or more",4-year College Degree,Independent,Republican Party,NA,NA,64,No,No,Yes,FALSE,TRUE,TRUE,TRUE,TRUE,TRUE,TRUE,FALSE,TRUE,TRUE,30,60,Neither agree nor disagree,Strongly disagree,Somewhat disagree,No,No,1 - Not at all,1- Very unlike me,4,2,1- Very unlike me,3,3,1- Very unlike me,1- Very unlike me,3,1- Very unlike me,1- Very unlike me,1- Very unlike me,Florida,Strongly oppose,Unjustified,Yes,NA,NA,NA,NA,NA,NA,NA,1,1,1,1,Democrat,Republican,NA
Female,White/Caucasian,"100,000 or more",Masters Degree,Republican,NA,Strong Republican,NA,35,NA,NA,NA,NA,NA,NA,NA,NA,NA,NA,NA,NA,NA,,,NA,NA,NA,NA,NA,NA,NA,NA,NA,NA,NA,NA,NA,NA,NA,NA,NA,NA,NA,NA,NA,NA,NA,NA,NA,NA,NA,NA,NA,2,1,1,,NA,NA,NA
Male,White/Caucasian,"70,000 – 79,999",Masters Degree,Democrat,NA,NA,NA,NA,NA,NA,NA,NA,NA,NA,NA,NA,NA,NA,NA,NA,NA,,,NA,NA,NA,NA,NA,NA,NA,NA,NA,NA,NA,NA,NA,NA,NA,NA,NA,NA,NA,NA,NA,NA,NA,NA,NA,NA,NA,NA,NA,1,2,2,,NA,NA,NA
Male,White/Caucasian,"50,000 – 59,999","Professional Degree (JD, MD)",Republican,NA,Strong Republican,NA,57,No,No,Yes,FALSE,TRUE,TRUE,TRUE,TRUE,FALSE,FALSE,TRUE,FALSE,FALSE,29,59,Neither agree nor disagree,Strongly disagree,Neither agree nor disagree,No,No,1 - Not at all,1- Very unlike me,1- Very unlike me,2,1- Very unlike me,2,3,1- Very unlike me,1- Very unlike me,1- Very unlike me,1- Very unlike me,1- Very unlike me,1- Very unlike me,Florida,Strongly oppose,Unjustified,Yes,NA,NA,NA,NA,NA,NA,NA,1,1,1,1,Democrat,Republican,NA
Male,White/Caucasian,"100,000 or more",4-year College Degree,Democrat,NA,NA,NA,NA,NA,NA,NA,NA,NA,NA,NA,NA,NA,NA,NA,NA,NA,,,NA,NA,NA,NA,NA,NA,NA,NA,NA,NA,NA,NA,NA,NA,NA,NA,NA,NA,NA,NA,NA,NA,NA,NA,NA,NA,NA,NA,NA,1,2,1,,NA,NA,NA
Male,White/Caucasian,"100,000 or more",Some College,Republican,NA,Strong Republican,NA,73,NA,NA,NA,NA,NA,NA,NA,NA,NA,NA,NA,NA,NA,,,NA,NA,NA,NA,NA,NA,NA,NA,NA,NA,NA,NA,NA,NA,NA,NA,NA,NA,NA,NA,NA,NA,NA,NA,NA,NA,NA,NA,NA,2,2,1,,NA,NA,NA
Female,White/Caucasian,"70,000 – 79,999",Some College,Republican,NA,Not a strong Republican,NA,51,No,No,No,FALSE,TRUE,TRUE,TRUE,TRUE,TRUE,FALSE,TRUE,TRUE,TRUE,50,50,Neither agree nor disagree,Neither agree nor disagree,Neither agree nor disagree,No,No,1 - Not at all,4,3,3,5- Very like me,2,3,2,4,4,4,5- Very like me,3,NA,NA,NA,NA,Oregon,Oppose,Unjustified,Yes,NA,NA,NA,1,2,2,1,Democrat,Republican,NA
Female,White/Caucasian,"Less than 30,000",Some College,Republican,NA,Strong Republican,NA,37,NA,NA,NA,NA,NA,NA,NA,NA,NA,NA,NA,NA,NA,,,NA,NA,NA,NA,NA,NA,NA,NA,NA,NA,NA,NA,NA,NA,NA,NA,NA,NA,NA,NA,NA,NA,NA,NA,NA,NA,NA,NA,NA,2,1,2,,NA,NA,NA
Male,White/Caucasian,"100,000 or more",Some College,Republican,NA,Strong Republican,NA,55,No,No,Yes,TRUE,TRUE,TRUE,TRUE,TRUE,FALSE,FALSE,FALSE,FALSE,FALSE,50,70,Neither agree nor disagree,Strongly disagree,Neither agree nor disagree,No,No,1 - Not at all,1- Very unlike me,3,1- Very unlike me,1- Very unlike me,1- Very unlike me,1- Very unlike me,1- Very unlike me,1- Very unlike me,1- Very unlike me,1- Very unlike me,1- Very unlike me,1- Very unlike me,Florida,Strongly oppose,Unjustified,Yes,NA,NA,NA,NA,NA,NA,NA,1,2,1,1,Democrat,Republican,NA
Female,White/Caucasian,"40,000 – 49,999",Some College,Republican,NA,Strong Republican,NA,52,No,No,No,FALSE,TRUE,TRUE,FALSE,TRUE,TRUE,TRUE,TRUE,FALSE,TRUE,10,99,Neither agree nor disagree,Somewhat disagree,Somewhat disagree,No,No,1 - Not at all,3,2,3,3,2,2,1- Very unlike me,3,2,2,2,3,NA,NA,NA,NA,NA,NA,NA,NA,Oregon,Community service,Support,2,2,1,1,Democrat,Republican,vandalism
Female,White/Caucasian,"100,000 or more",Masters Degree,Republican,NA,Not a strong Republican,NA,61,No,No,Yes,FALSE,TRUE,TRUE,TRUE,TRUE,TRUE,FALSE,FALSE,FALSE,FALSE,31,37,Neither agree nor disagree,Strongly disagree,Neither agree nor disagree,No,No,1 - Not at all,1- Very unlike me,1- Very unlike me,1- Very unlike me,1- Very unlike me,1- Very unlike me,1- Very unlike me,1- Very unlike me,1- Very unlike me,1- Very unlike me,1- Very unlike me,1- Very unlike me,1- Very unlike me,Florida,Strongly oppose,Unjustified,Yes,NA,NA,NA,NA,NA,NA,NA,1,2,1,1,Democrat,Republican,NA
Female,White/Caucasian,"Less than 30,000",High School / GED,Republican,NA,Strong Republican,NA,56,NA,NA,NA,TRUE,TRUE,TRUE,TRUE,TRUE,TRUE,TRUE,TRUE,FALSE,FALSE,21,78,Strongly agree,Strongly agree,Strongly agree,Yes,Yes,5 - A great deal,5- Very like me,5- Very like me,5- Very like me,5- Very like me,4,5- Very like me,4,4,5- Very like me,5- Very like me,5- Very like me,5- Very like me,NA,NA,NA,NA,NA,NA,NA,NA,Alaska,Community service,Strongly support,2,2,2,1,Democrat,Republican,vandalism
Female,White/Caucasian,"Less than 30,000",High School / GED,Independent,Neither,NA,NA,NA,NA,NA,NA,NA,NA,NA,NA,NA,NA,NA,NA,NA,NA,,,NA,NA,NA,NA,NA,NA,NA,NA,NA,NA,NA,NA,NA,NA,NA,NA,NA,NA,NA,NA,NA,NA,NA,NA,NA,NA,NA,NA,NA,1,2,1,2,NA,NA,NA
Male,White/Caucasian,"30,000 – 39,999",High School / GED,Democrat,NA,NA,NA,NA,NA,NA,NA,NA,NA,NA,NA,NA,NA,NA,NA,NA,NA,,,NA,NA,NA,NA,NA,NA,NA,NA,NA,NA,NA,NA,NA,NA,NA,NA,NA,NA,NA,NA,NA,NA,NA,NA,NA,NA,NA,NA,NA,2,1,1,,NA,NA,NA
Female,White/Caucasian,"40,000 – 49,999",4-year College Degree,Republican,NA,Not a strong Republican,NA,58,Yes,No,No,FALSE,TRUE,TRUE,TRUE,TRUE,FALSE,FALSE,FALSE,TRUE,FALSE,49,51,Neither agree nor disagree,Strongly disagree,Neither agree nor disagree,No,No,1 - Not at all,1- Very unlike me,1- Very unlike me,3,1- Very unlike me,2,2,1- Very unlike me,1- Very unlike me,1- Very unlike me,1- Very unlike me,1- Very unlike me,1- Very unlike me,NA,NA,NA,NA,Oregon,Neither support nor oppose,Unjustified,Yes,NA,NA,NA,1,1,2,1,Democrat,Republican,NA
Female,White/Caucasian,"100,000 or more",Masters Degree,Republican,NA,Not a strong Republican,NA,49,Yes,No,Yes,FALSE,TRUE,TRUE,TRUE,TRUE,TRUE,TRUE,TRUE,TRUE,FALSE,0,85,Neither agree nor disagree,Somewhat agree,Neither agree nor disagree,No,No,1 - Not at all,1- Very unlike me,2,2,1- Very unlike me,1- Very unlike me,2,2,1- Very unlike me,1- Very unlike me,1- Very unlike me,2,1- Very unlike me,NA,NA,NA,NA,NA,NA,NA,NA,Oregon,2 - 5 years in prison,Strongly oppose,2,2,2,1,Democrat,Republican,vandalism
Male,White/Caucasian,"100,000 or more",Masters Degree,Independent,Republican Party,NA,NA,62,No,No,Yes,TRUE,TRUE,TRUE,TRUE,TRUE,TRUE,FALSE,FALSE,TRUE,TRUE,29,71,Neither agree nor disagree,Strongly disagree,Strongly disagree,No,No,1 - Not at all,1- Very unlike me,3,2,1- Very unlike me,1- Very unlike me,3,1- Very unlike me,1- Very unlike me,1- Very unlike me,1- Very unlike me,1- Very unlike me,1- Very unlike me,NA,NA,NA,NA,NA,NA,NA,NA,Oregon,2 - 5 years in prison,Oppose,2,2,1,1,Democrat,Republican,assault with a deadly weapon
Female,White/Caucasian,"80,000 – 89,999",4-year College Degree,Republican,NA,Not a strong Republican,NA,43,NA,NA,NA,NA,NA,NA,NA,NA,NA,NA,NA,NA,NA,,,NA,NA,NA,NA,NA,NA,NA,NA,NA,NA,NA,NA,NA,NA,NA,NA,NA,NA,NA,NA,NA,NA,NA,NA,NA,NA,NA,NA,NA,2,1,2,,NA,NA,NA
Male,White/Caucasian,"50,000 – 59,999",Masters Degree,Republican,NA,Not a strong Republican,NA,64,No,No,Yes,TRUE,TRUE,TRUE,TRUE,TRUE,TRUE,TRUE,TRUE,TRUE,TRUE,40,71,Neither agree nor disagree,Somewhat disagree,Neither agree nor disagree,No,No,5 - A great deal,1- Very unlike me,2,2,1- Very unlike me,3,3,1- Very unlike me,1- Very unlike me,1- Very unlike me,1- Very unlike me,1- Very unlike me,1- Very unlike me,NA,NA,NA,NA,Washington,Neither support nor oppose,Unjustified,Yes,NA,NA,NA,1,1,2,1,Democrat,Republican,NA
Female,White/Caucasian,"60,000 – 69,999",2-year College Degree,Republican,NA,Not a strong Republican,NA,43,NA,NA,NA,NA,NA,NA,NA,NA,NA,NA,NA,NA,NA,,,NA,NA,NA,NA,NA,NA,NA,NA,NA,NA,NA,NA,NA,NA,NA,NA,NA,NA,NA,NA,NA,NA,NA,NA,NA,NA,NA,NA,NA,1,1,1,,NA,NA,NA
Male,White/Caucasian,"100,000 or more",Doctoral Degree,Republican,NA,Strong Republican,NA,40,NA,NA,NA,NA,NA,NA,NA,NA,NA,NA,NA,NA,NA,,,NA,NA,NA,NA,NA,NA,NA,NA,NA,NA,NA,NA,NA,NA,NA,NA,NA,NA,NA,NA,NA,NA,NA,NA,NA,NA,NA,NA,NA,2,2,1,,NA,NA,NA
Male,White/Caucasian,"100,000 or more",Masters Degree,Republican,NA,Strong Republican,NA,50,No,Yes,Yes,FALSE,TRUE,TRUE,TRUE,TRUE,TRUE,FALSE,FALSE,TRUE,TRUE,0,100,Strongly agree,Strongly disagree,Somewhat agree,No,No,1 - Not at all,3,4,5- Very like me,1- Very unlike me,3,5- Very like me,3,1- Very unlike me,4,2,2,5- Very like me,NA,NA,NA,NA,NA,NA,NA,NA,Oregon,More than 20 years in prison,Oppose,2,2,1,1,Democrat,Republican,murder
Female,White/Caucasian,"100,000 or more",4-year College Degree,Republican,NA,Not a strong Republican,NA,53,No,No,Yes,TRUE,TRUE,TRUE,FALSE,TRUE,TRUE,FALSE,FALSE,TRUE,TRUE,17,76,Neither agree nor disagree,Neither agree nor disagree,Neither agree nor disagree,No,No,1 - Not at all,2,3,2,1- Very unlike me,2,2,3,1- Very unlike me,2,3,2,2,Florida,Strongly oppose,Unjustified,Yes,NA,NA,NA,NA,NA,NA,NA,1,2,1,1,Democrat,Republican,NA
Female,White/Caucasian,"100,000 or more",High School / GED,NA,NA,NA,NA,NA,NA,NA,NA,NA,NA,NA,NA,NA,NA,NA,NA,NA,NA,,,NA,NA,NA,NA,NA,NA,NA,NA,NA,NA,NA,NA,NA,NA,NA,NA,NA,NA,NA,NA,NA,NA,NA,NA,NA,NA,NA,NA,NA,2,1,1,,NA,NA,NA
Female,White/Caucasian,"Less than 30,000",Some College,Republican,NA,Not a strong Republican,NA,41,NA,NA,NA,NA,NA,NA,NA,NA,NA,NA,NA,NA,NA,,,NA,NA,NA,NA,NA,NA,NA,NA,NA,NA,NA,NA,NA,NA,NA,NA,NA,NA,NA,NA,NA,NA,NA,NA,NA,NA,NA,NA,NA,2,1,2,,NA,NA,NA
Female,White/Caucasian,"Less than 30,000",Some College,Republican,NA,Strong Republican,NA,42,NA,NA,NA,NA,NA,NA,NA,NA,NA,NA,NA,NA,NA,,,NA,NA,NA,NA,NA,NA,NA,NA,NA,NA,NA,NA,NA,NA,NA,NA,NA,NA,NA,NA,NA,NA,NA,NA,NA,NA,NA,NA,NA,1,2,1,,NA,NA,NA
Male,White/Caucasian,"100,000 or more",Masters Degree,Republican,NA,Strong Republican,NA,35,NA,NA,NA,NA,NA,NA,NA,NA,NA,NA,NA,NA,NA,,,NA,NA,NA,NA,NA,NA,NA,NA,NA,NA,NA,NA,NA,NA,NA,NA,NA,NA,NA,NA,NA,NA,NA,NA,NA,NA,NA,NA,NA,2,1,1,,NA,NA,NA
Male,White/Caucasian,"40,000 – 49,999",Some College,Republican,NA,Strong Republican,NA,44,NA,NA,NA,NA,NA,NA,NA,NA,NA,NA,NA,NA,NA,,,NA,NA,NA,NA,NA,NA,NA,NA,NA,NA,NA,NA,NA,NA,NA,NA,NA,NA,NA,NA,NA,NA,NA,NA,NA,NA,NA,NA,NA,1,2,2,,NA,NA,NA
Female,White/Caucasian,"Less than 30,000",Some College,Republican,NA,Strong Republican,NA,41,NA,NA,NA,NA,NA,NA,NA,NA,NA,NA,NA,NA,NA,,,NA,NA,NA,NA,NA,NA,NA,NA,NA,NA,NA,NA,NA,NA,NA,NA,NA,NA,NA,NA,NA,NA,NA,NA,NA,NA,NA,NA,NA,1,1,1,,NA,NA,NA
Female,White/Caucasian,"Less than 30,000",4-year College Degree,Republican,NA,Strong Republican,NA,42,NA,NA,NA,NA,NA,NA,NA,NA,NA,NA,NA,NA,NA,,,NA,NA,NA,NA,NA,NA,NA,NA,NA,NA,NA,NA,NA,NA,NA,NA,NA,NA,NA,NA,NA,NA,NA,NA,NA,NA,NA,NA,NA,2,1,1,,NA,NA,NA
Female,White/Caucasian,"90,000 – 99,999",4-year College Degree,Republican,NA,Strong Republican,NA,42,NA,NA,NA,NA,NA,NA,NA,NA,NA,NA,NA,NA,NA,,,NA,NA,NA,NA,NA,NA,NA,NA,NA,NA,NA,NA,NA,NA,NA,NA,NA,NA,NA,NA,NA,NA,NA,NA,NA,NA,NA,NA,NA,1,2,2,,NA,NA,NA
Male,White/Caucasian,"100,000 or more",2-year College Degree,Independent,Neither,NA,NA,NA,NA,NA,NA,NA,NA,NA,NA,NA,NA,NA,NA,NA,NA,,,NA,NA,NA,NA,NA,NA,NA,NA,NA,NA,NA,NA,NA,NA,NA,NA,NA,NA,NA,NA,NA,NA,NA,NA,NA,NA,NA,NA,NA,1,2,2,2,NA,NA,NA
Female,White/Caucasian,"60,000 – 69,999",Masters Degree,Republican,NA,Strong Republican,NA,64,NA,NA,NA,FALSE,TRUE,TRUE,TRUE,TRUE,FALSE,FALSE,FALSE,FALSE,FALSE,0,93,Neither agree nor disagree,Neither agree nor disagree,Neither agree nor disagree,No,No,1 - Not at all,1- Very unlike me,3,1- Very unlike me,1- Very unlike me,1- Very unlike me,1- Very unlike me,1- Very unlike me,1- Very unlike me,1- Very unlike me,1- Very unlike me,1- Very unlike me,1- Very unlike me,NA,NA,NA,NA,NA,NA,NA,NA,California,2 - 5 years in prison,Strongly oppose,2,1,2,1,Democrat,Republican,arson
Female,White/Caucasian,"100,000 or more",4-year College Degree,Republican,NA,Strong Republican,NA,62,No,No,Yes,TRUE,TRUE,TRUE,TRUE,TRUE,TRUE,FALSE,FALSE,TRUE,TRUE,37,70,Neither agree nor disagree,Strongly disagree,Somewhat disagree,No,No,1 - Not at all,1- Very unlike me,3,3,1- Very unlike me,3,2,1- Very unlike me,1- Very unlike me,2,1- Very unlike me,1- Very unlike me,1- Very unlike me,NA,NA,NA,NA,NA,NA,NA,NA,Oregon,6 - 10 years in prison,Strongly oppose,2,1,2,1,Democrat,Republican,assault with a deadly weapon
Male,White/Caucasian,"80,000 – 89,999",High School / GED,Republican,NA,Strong Republican,NA,41,NA,NA,NA,NA,NA,NA,NA,NA,NA,NA,NA,NA,NA,,,NA,NA,NA,NA,NA,NA,NA,NA,NA,NA,NA,NA,NA,NA,NA,NA,NA,NA,NA,NA,NA,NA,NA,NA,NA,NA,NA,NA,NA,2,2,1,,NA,NA,NA
Female,White/Caucasian,"70,000 – 79,999",2-year College Degree,Republican,NA,Not a strong Republican,NA,64,No,Yes,Yes,FALSE,TRUE,TRUE,TRUE,TRUE,FALSE,TRUE,TRUE,TRUE,TRUE,9,30,Somewhat disagree,Somewhat disagree,Neither agree nor disagree,No,No,1 - Not at all,1- Very unlike me,3,1- Very unlike me,1- Very unlike me,1- Very unlike me,1- Very unlike me,1- Very unlike me,1- Very unlike me,1- Very unlike me,1- Very unlike me,1- Very unlike me,1- Very unlike me,NA,NA,NA,NA,NA,NA,NA,NA,Oregon,2 - 5 years in prison,Strongly oppose,2,1,1,1,Democrat,Republican,assault with a deadly weapon
Female,White/Caucasian,"Less than 30,000",Masters Degree,Republican,NA,Strong Republican,NA,48,No,No,Yes,FALSE,FALSE,TRUE,TRUE,TRUE,FALSE,FALSE,FALSE,FALSE,TRUE,20,85,Neither agree nor disagree,Somewhat disagree,Neither agree nor disagree,No,No,2,3,2,4,2,1- Very unlike me,3,2,2,2,1- Very unlike me,2,1- Very unlike me,Florida,Strongly oppose,Unjustified,Yes,NA,NA,NA,NA,NA,NA,NA,1,2,1,1,Democrat,Republican,NA
Female,White/Caucasian,"30,000 – 39,999",Some College,Republican,NA,Strong Republican,NA,44,NA,NA,NA,NA,NA,NA,NA,NA,NA,NA,NA,NA,NA,,,NA,NA,NA,NA,NA,NA,NA,NA,NA,NA,NA,NA,NA,NA,NA,NA,NA,NA,NA,NA,NA,NA,NA,NA,NA,NA,NA,NA,NA,2,1,1,,NA,NA,NA
Female,White/Caucasian,"30,000 – 39,999",2-year College Degree,Democrat,NA,NA,NA,NA,NA,NA,NA,NA,NA,NA,NA,NA,NA,NA,NA,NA,NA,,,NA,NA,NA,NA,NA,NA,NA,NA,NA,NA,NA,NA,NA,NA,NA,NA,NA,NA,NA,NA,NA,NA,NA,NA,NA,NA,NA,NA,NA,1,1,2,,NA,NA,NA
Male,White/Caucasian,"100,000 or more",Masters Degree,Republican,NA,Strong Republican,NA,35,NA,NA,NA,NA,NA,NA,NA,NA,NA,NA,NA,NA,NA,,,NA,NA,NA,NA,NA,NA,NA,NA,NA,NA,NA,NA,NA,NA,NA,NA,NA,NA,NA,NA,NA,NA,NA,NA,NA,NA,NA,NA,NA,2,2,1,,NA,NA,NA
Male,White/Caucasian,"90,000 – 99,999","Professional Degree (JD, MD)",Republican,NA,Not a strong Republican,NA,35,NA,NA,NA,NA,NA,NA,NA,NA,NA,NA,NA,NA,NA,,,NA,NA,NA,NA,NA,NA,NA,NA,NA,NA,NA,NA,NA,NA,NA,NA,NA,NA,NA,NA,NA,NA,NA,NA,NA,NA,NA,NA,NA,2,1,1,,NA,NA,NA
Female,White/Caucasian,"90,000 – 99,999",High School / GED,Republican,NA,Strong Republican,NA,47,No,No,No,FALSE,TRUE,TRUE,TRUE,TRUE,FALSE,FALSE,FALSE,FALSE,FALSE,0,100,Neither agree nor disagree,Neither agree nor disagree,Neither agree nor disagree,No,No,1 - Not at all,1- Very unlike me,1- Very unlike me,1- Very unlike me,1- Very unlike me,1- Very unlike me,1- Very unlike me,1- Very unlike me,1- Very unlike me,1- Very unlike me,1- Very unlike me,1- Very unlike me,1- Very unlike me,NA,NA,NA,NA,NA,NA,NA,NA,California,More than 20 years in prison,Strongly oppose,2,1,1,1,Democrat,Republican,murder
Male,White/Caucasian,"Less than 30,000",High School / GED,Independent,Neither,NA,NA,NA,NA,NA,NA,NA,NA,NA,NA,NA,NA,NA,NA,NA,NA,,,NA,NA,NA,NA,NA,NA,NA,NA,NA,NA,NA,NA,NA,NA,NA,NA,NA,NA,NA,NA,NA,NA,NA,NA,NA,NA,NA,NA,NA,1,1,1,2,NA,NA,NA
Female,White/Caucasian,"50,000 – 59,999",4-year College Degree,Republican,NA,Not a strong Republican,NA,43,NA,NA,NA,NA,NA,NA,NA,NA,NA,NA,NA,NA,NA,,,NA,NA,NA,NA,NA,NA,NA,NA,NA,NA,NA,NA,NA,NA,NA,NA,NA,NA,NA,NA,NA,NA,NA,NA,NA,NA,NA,NA,NA,2,2,2,,NA,NA,NA
Female,White/Caucasian,"90,000 – 99,999",2-year College Degree,Republican,NA,Strong Republican,NA,52,No,No,Yes,FALSE,TRUE,TRUE,TRUE,TRUE,FALSE,FALSE,FALSE,FALSE,FALSE,11,71,Neither agree nor disagree,Somewhat disagree,Neither agree nor disagree,No,No,1 - Not at all,1- Very unlike me,2,1- Very unlike me,1- Very unlike me,2,1- Very unlike me,1- Very unlike me,1- Very unlike me,1- Very unlike me,1- Very unlike me,1- Very unlike me,1- Very unlike me,NA,NA,NA,NA,NA,NA,NA,NA,Alaska,2 - 5 years in prison,Strongly oppose,2,2,2,1,Democrat,Republican,assault with a deadly weapon
Male,White/Caucasian,"30,000 – 39,999",High School / GED,Republican,NA,Strong Republican,NA,52,No,No,Yes,FALSE,TRUE,TRUE,TRUE,TRUE,FALSE,TRUE,TRUE,FALSE,TRUE,0,57,Somewhat agree,Strongly agree,Neither agree nor disagree,No,No,3,3,4,5- Very like me,1- Very unlike me,1- Very unlike me,3,1- Very unlike me,1- Very unlike me,4,1- Very unlike me,5- Very like me,4,NA,NA,NA,NA,NA,NA,NA,NA,Oregon,Community service,Strongly support,2,2,2,1,Democrat,Republican,assault with a deadly weapon
Female,White/Caucasian,"Less than 30,000",Some College,Republican,NA,Strong Republican,NA,57,NA,NA,NA,FALSE,TRUE,TRUE,TRUE,TRUE,FALSE,FALSE,FALSE,FALSE,FALSE,51,92,Neither agree nor disagree,Neither agree nor disagree,Neither agree nor disagree,No,No,2,3,1- Very unlike me,3,2,2,3,3,1- Very unlike me,1- Very unlike me,1- Very unlike me,1- Very unlike me,1- Very unlike me,NA,NA,NA,NA,Washington,Oppose,Unjustified,Yes,NA,NA,NA,1,1,2,1,Democrat,Republican,NA
Male,White/Caucasian,"100,000 or more",Masters Degree,Republican,NA,Not a strong Republican,NA,40,NA,NA,NA,NA,NA,NA,NA,NA,NA,NA,NA,NA,NA,,,NA,NA,NA,NA,NA,NA,NA,NA,NA,NA,NA,NA,NA,NA,NA,NA,NA,NA,NA,NA,NA,NA,NA,NA,NA,NA,NA,NA,NA,1,1,1,,NA,NA,NA
Female,White/Caucasian,"70,000 – 79,999",High School / GED,Republican,NA,Not a strong Republican,NA,56,No,No,No,FALSE,TRUE,TRUE,FALSE,TRUE,TRUE,FALSE,TRUE,FALSE,TRUE,50,50,Neither agree nor disagree,Neither agree nor disagree,Neither agree nor disagree,No,No,1 - Not at all,1- Very unlike me,3,3,3,2,3,1- Very unlike me,1- Very unlike me,1- Very unlike me,1- Very unlike me,1- Very unlike me,1- Very unlike me,NA,NA,NA,NA,NA,NA,NA,NA,California,Community service,Neither support nor oppose,2,2,1,1,Democrat,Republican,vandalism
Female,White/Caucasian,"Less than 30,000",2-year College Degree,Republican,NA,Strong Republican,NA,55,NA,NA,NA,FALSE,TRUE,TRUE,TRUE,TRUE,TRUE,TRUE,TRUE,TRUE,TRUE,0,100,Neither agree nor disagree,Neither agree nor disagree,Somewhat agree,No,No,1 - Not at all,1- Very unlike me,3,5- Very like me,5- Very like me,1- Very unlike me,5- Very like me,1- Very unlike me,1- Very unlike me,1- Very unlike me,1- Very unlike me,3,3,NA,NA,NA,NA,NA,NA,NA,NA,Washington,2 - 3 months in jail,Strongly support,2,1,2,1,Democrat,Republican,assault with a deadly weapon
Female,White/Caucasian,"50,000 – 59,999",High School / GED,Democrat,NA,NA,NA,NA,NA,NA,NA,NA,NA,NA,NA,NA,NA,NA,NA,NA,NA,,,NA,NA,NA,NA,NA,NA,NA,NA,NA,NA,NA,NA,NA,NA,NA,NA,NA,NA,NA,NA,NA,NA,NA,NA,NA,NA,NA,NA,NA,1,2,2,,NA,NA,NA
Male,White/Caucasian,"100,000 or more",Masters Degree,Republican,NA,Strong Republican,NA,55,Yes,Yes,Yes,TRUE,TRUE,TRUE,TRUE,TRUE,FALSE,TRUE,TRUE,FALSE,TRUE,24,100,Neither agree nor disagree,Strongly disagree,Neither agree nor disagree,No,No,1 - Not at all,1- Very unlike me,1- Very unlike me,1- Very unlike me,1- Very unlike me,1- Very unlike me,1- Very unlike me,1- Very unlike me,1- Very unlike me,1- Very unlike me,1- Very unlike me,1- Very unlike me,1- Very unlike me,NA,NA,NA,NA,NA,NA,NA,NA,Oregon,7 months to 1 year in jail,Strongly oppose,2,2,1,1,Democrat,Republican,assault
Female,White/Caucasian,"50,000 – 59,999",High School / GED,Republican,NA,Not a strong Republican,NA,65,NA,NA,NA,NA,NA,NA,NA,NA,NA,NA,NA,NA,NA,,,NA,NA,NA,NA,NA,NA,NA,NA,NA,NA,NA,NA,NA,NA,NA,NA,NA,NA,NA,NA,NA,NA,NA,NA,NA,NA,NA,NA,NA,2,2,2,,NA,NA,NA
Male,White/Caucasian,"40,000 – 49,999",Masters Degree,Republican,NA,Strong Republican,NA,51,NA,NA,NA,TRUE,TRUE,TRUE,TRUE,TRUE,TRUE,TRUE,TRUE,TRUE,TRUE,65,39,Strongly agree,Strongly agree,Strongly agree,Yes,Yes,4,5- Very like me,5- Very like me,4,5- Very like me,5- Very like me,5- Very like me,5- Very like me,5- Very like me,4,5- Very like me,5- Very like me,5- Very like me,NA,NA,NA,NA,NA,NA,NA,NA,California,4 - 30 days in jail,Support,2,2,2,1,Democrat,Republican,assault with a deadly weapon
Female,White/Caucasian,"Less than 30,000",2-year College Degree,Republican,NA,Not a strong Republican,NA,53,No,No,Yes,TRUE,TRUE,TRUE,TRUE,TRUE,FALSE,FALSE,FALSE,TRUE,FALSE,51,51,Neither agree nor disagree,Strongly disagree,Strongly disagree,No,No,1 - Not at all,3,4,2,2,2,2,1- Very unlike me,2,2,2,1- Very unlike me,1- Very unlike me,NA,NA,NA,NA,NA,NA,NA,NA,Alaska,Community service,Neither support nor oppose,2,1,2,1,Democrat,Republican,assault with a deadly weapon
Female,White/Caucasian,"Less than 30,000",High School / GED,Republican,NA,Strong Republican,NA,48,No,No,Yes,FALSE,TRUE,TRUE,TRUE,TRUE,FALSE,FALSE,TRUE,TRUE,TRUE,0,50,Somewhat agree,Strongly disagree,Neither agree nor disagree,No,No,1 - Not at all,1- Very unlike me,3,4,1- Very unlike me,3,1- Very unlike me,1- Very unlike me,1- Very unlike me,1- Very unlike me,1- Very unlike me,1- Very unlike me,1- Very unlike me,NA,NA,NA,NA,NA,NA,NA,NA,Oregon,4 - 6 months in jail,Neither support nor oppose,2,1,1,1,Democrat,Republican,assault
Female,White/Caucasian,"40,000 – 49,999",4-year College Degree,Democrat,NA,NA,NA,NA,NA,NA,NA,NA,NA,NA,NA,NA,NA,NA,NA,NA,NA,,,NA,NA,NA,NA,NA,NA,NA,NA,NA,NA,NA,NA,NA,NA,NA,NA,NA,NA,NA,NA,NA,NA,NA,NA,NA,NA,NA,NA,NA,2,1,1,,NA,NA,NA
Female,White/Caucasian,"Less than 30,000",Some College,Republican,NA,Not a strong Republican,NA,62,No,No,No,TRUE,TRUE,TRUE,TRUE,TRUE,FALSE,FALSE,TRUE,TRUE,TRUE,51,51,Neither agree nor disagree,Strongly disagree,Strongly disagree,No,No,1 - Not at all,1- Very unlike me,2,1- Very unlike me,1- Very unlike me,2,1- Very unlike me,1- Very unlike me,1- Very unlike me,1- Very unlike me,1- Very unlike me,1- Very unlike me,1- Very unlike me,NA,NA,NA,NA,NA,NA,NA,NA,Alaska,Community service,Neither support nor oppose,2,1,2,1,Democrat,Republican,vandalism
Female,White/Caucasian,"90,000 – 99,999",Some College,Republican,NA,Not a strong Republican,NA,48,No,No,Yes,FALSE,TRUE,TRUE,TRUE,TRUE,FALSE,TRUE,TRUE,TRUE,TRUE,49,52,Neither agree nor disagree,Strongly disagree,Strongly disagree,No,No,1 - Not at all,1- Very unlike me,3,3,1- Very unlike me,1- Very unlike me,1- Very unlike me,3,1- Very unlike me,1- Very unlike me,1- Very unlike me,1- Very unlike me,3,Florida,Strongly oppose,Unjustified,Yes,NA,NA,NA,NA,NA,NA,NA,1,2,1,1,Democrat,Republican,NA
NA,NA,NA,NA,NA,NA,NA,NA,NA,NA,NA,NA,NA,NA,NA,NA,NA,NA,NA,NA,NA,NA,,,NA,NA,NA,NA,NA,NA,NA,NA,NA,NA,NA,NA,NA,NA,NA,NA,NA,NA,NA,NA,NA,NA,NA,NA,NA,NA,NA,NA,NA,2,1,1,4,NA,NA,NA
Female,White/Caucasian,"30,000 – 39,999",2-year College Degree,Republican,NA,Strong Republican,NA,60,NA,NA,NA,FALSE,TRUE,TRUE,FALSE,TRUE,FALSE,FALSE,FALSE,FALSE,FALSE,0,50,Neither agree nor disagree,Strongly disagree,Neither agree nor disagree,No,No,1 - Not at all,1- Very unlike me,3,1- Very unlike me,1- Very unlike me,1- Very unlike me,1- Very unlike me,1- Very unlike me,1- Very unlike me,1- Very unlike me,1- Very unlike me,1- Very unlike me,1- Very unlike me,NA,NA,NA,NA,NA,NA,NA,NA,Oregon,6 - 10 years in prison,Strongly oppose,2,2,2,1,Democrat,Republican,arson
Female,White/Caucasian,"30,000 – 39,999",Some College,Republican,NA,Strong Republican,NA,38,NA,NA,NA,NA,NA,NA,NA,NA,NA,NA,NA,NA,NA,,,NA,NA,NA,NA,NA,NA,NA,NA,NA,NA,NA,NA,NA,NA,NA,NA,NA,NA,NA,NA,NA,NA,NA,NA,NA,NA,NA,NA,NA,1,1,1,,NA,NA,NA
Female,White/Caucasian,"70,000 – 79,999",Some College,Republican,NA,Not a strong Republican,NA,46,No,No,Yes,FALSE,TRUE,TRUE,TRUE,TRUE,FALSE,FALSE,TRUE,FALSE,TRUE,26,71,Neither agree nor disagree,Somewhat agree,Neither agree nor disagree,No,No,1 - Not at all,2,2,3,2,2,3,1- Very unlike me,2,2,1- Very unlike me,1- Very unlike me,1- Very unlike me,NA,NA,NA,NA,NA,NA,NA,NA,Oregon,4 - 30 days in jail,Neither support nor oppose,2,1,2,1,Democrat,Republican,vandalism
Female,White/Caucasian,"Less than 30,000",Some College,Republican,NA,Not a strong Republican,NA,58,No,No,No,TRUE,TRUE,TRUE,TRUE,TRUE,FALSE,FALSE,FALSE,FALSE,FALSE,98,87,Neither agree nor disagree,Strongly disagree,Neither agree nor disagree,No,No,1 - Not at all,1- Very unlike me,1- Very unlike me,2,2,1- Very unlike me,2,1- Very unlike me,1- Very unlike me,2,1- Very unlike me,1- Very unlike me,1- Very unlike me,NA,NA,NA,NA,Oregon,Strongly support,Unjustified,Yes,NA,NA,NA,1,2,2,1,Democrat,Republican,NA
Female,White/Caucasian,"30,000 – 39,999",Less than High School,Republican,NA,Not a strong Republican,NA,61,No,No,Yes,FALSE,FALSE,TRUE,TRUE,TRUE,FALSE,FALSE,TRUE,FALSE,FALSE,20,85,Somewhat disagree,Strongly disagree,Strongly disagree,No,No,1 - Not at all,1- Very unlike me,1- Very unlike me,1- Very unlike me,1- Very unlike me,1- Very unlike me,2,1- Very unlike me,1- Very unlike me,1- Very unlike me,1- Very unlike me,1- Very unlike me,1- Very unlike me,NA,NA,NA,NA,NA,NA,NA,NA,Oregon,Community service,Support,2,1,1,1,Democrat,Republican,vandalism
Female,White/Caucasian,"30,000 – 39,999",4-year College Degree,Republican,NA,Not a strong Republican,NA,42,NA,NA,NA,NA,NA,NA,NA,NA,NA,NA,NA,NA,NA,,,NA,NA,NA,NA,NA,NA,NA,NA,NA,NA,NA,NA,NA,NA,NA,NA,NA,NA,NA,NA,NA,NA,NA,NA,NA,NA,NA,NA,NA,1,2,1,,NA,NA,NA
Female,White/Caucasian,"Less than 30,000",Less than High School,Republican,NA,Not a strong Republican,NA,53,No,No,No,TRUE,TRUE,TRUE,FALSE,TRUE,FALSE,FALSE,TRUE,FALSE,TRUE,0,51,Somewhat disagree,Strongly agree,Somewhat disagree,Yes,Yes,1 - Not at all,4,3,2,4,3,2,2,4,3,2,3,4,NA,NA,NA,NA,NA,NA,NA,NA,California,Community service,Neither support nor oppose,2,1,1,1,Democrat,Republican,protesting without a permit
Male,White/Caucasian,"70,000 – 79,999","Professional Degree (JD, MD)",Democrat,NA,NA,NA,NA,NA,NA,NA,NA,NA,NA,NA,NA,NA,NA,NA,NA,NA,,,NA,NA,NA,NA,NA,NA,NA,NA,NA,NA,NA,NA,NA,NA,NA,NA,NA,NA,NA,NA,NA,NA,NA,NA,NA,NA,NA,NA,NA,1,1,1,,NA,NA,NA
Female,White/Caucasian,"Less than 30,000",High School / GED,Republican,NA,Strong Republican,NA,50,No,No,Yes,FALSE,TRUE,TRUE,TRUE,TRUE,FALSE,FALSE,FALSE,FALSE,FALSE,0,80,Neither agree nor disagree,Neither agree nor disagree,Neither agree nor disagree,No,No,1 - Not at all,1- Very unlike me,3,3,1- Very unlike me,3,3,1- Very unlike me,1- Very unlike me,1- Very unlike me,1- Very unlike me,1- Very unlike me,1- Very unlike me,Florida,Strongly oppose,Unjustified,Yes,NA,NA,NA,NA,NA,NA,NA,1,1,1,1,Democrat,Republican,NA
Female,White/Caucasian,"100,000 or more",Masters Degree,Republican,NA,Strong Republican,NA,45,Yes,Yes,Yes,TRUE,TRUE,TRUE,TRUE,TRUE,TRUE,TRUE,TRUE,TRUE,FALSE,22,95,Neither agree nor disagree,Somewhat disagree,Neither agree nor disagree,Yes,Yes,1 - Not at all,3,4,4,4,2,4,2,1- Very unlike me,2,1- Very unlike me,1- Very unlike me,2,NA,NA,NA,NA,Oregon,Strongly oppose,Unjustified,Yes,NA,NA,NA,1,1,2,1,Democrat,Republican,NA
Female,White/Caucasian,"50,000 – 59,999",Some College,Republican,NA,Strong Republican,NA,41,NA,NA,NA,NA,NA,NA,NA,NA,NA,NA,NA,NA,NA,,,NA,NA,NA,NA,NA,NA,NA,NA,NA,NA,NA,NA,NA,NA,NA,NA,NA,NA,NA,NA,NA,NA,NA,NA,NA,NA,NA,NA,NA,1,2,1,,NA,NA,NA
Female,White/Caucasian,"70,000 – 79,999",Some College,Republican,NA,Not a strong Republican,NA,64,No,No,Yes,FALSE,FALSE,TRUE,TRUE,TRUE,TRUE,FALSE,TRUE,TRUE,TRUE,8,61,Neither agree nor disagree,Strongly disagree,Neither agree nor disagree,No,No,1 - Not at all,1- Very unlike me,4,3,1- Very unlike me,1- Very unlike me,2,4,1- Very unlike me,1- Very unlike me,2,1- Very unlike me,1- Very unlike me,NA,NA,NA,NA,NA,NA,NA,NA,Washington,Community service,Support,2,2,2,1,Democrat,Republican,vandalism
Female,White/Caucasian,"30,000 – 39,999",High School / GED,Republican,NA,Strong Republican,NA,49,NA,NA,NA,FALSE,TRUE,TRUE,TRUE,TRUE,TRUE,FALSE,FALSE,TRUE,FALSE,2,95,Strongly agree,Neither agree nor disagree,Neither agree nor disagree,No,No,4,1- Very unlike me,3,4,4,3,3,4,1- Very unlike me,2,2,4,1- Very unlike me,NA,NA,NA,NA,NA,NA,NA,NA,Texas,4 - 6 months in jail,Neither support nor oppose,2,2,1,1,Democrat,Republican,vandalism
Female,White/Caucasian,"Less than 30,000",Some College,Republican,NA,Not a strong Republican,NA,35,NA,NA,NA,NA,NA,NA,NA,NA,NA,NA,NA,NA,NA,,,NA,NA,NA,NA,NA,NA,NA,NA,NA,NA,NA,NA,NA,NA,NA,NA,NA,NA,NA,NA,NA,NA,NA,NA,NA,NA,NA,NA,NA,1,2,2,,NA,NA,NA
Female,White/Caucasian,"70,000 – 79,999",Some College,Republican,NA,Strong Republican,NA,62,NA,NA,NA,FALSE,TRUE,TRUE,FALSE,TRUE,FALSE,FALSE,TRUE,TRUE,FALSE,19,82,Somewhat agree,Somewhat disagree,Neither agree nor disagree,No,No,1 - Not at all,1- Very unlike me,3,3,1- Very unlike me,2,3,2,1- Very unlike me,2,1- Very unlike me,1- Very unlike me,1- Very unlike me,NA,NA,NA,NA,NA,NA,NA,NA,Washington,1 - 3 days in jail,Neither support nor oppose,2,2,2,1,Democrat,Republican,protesting without a permit
Female,White/Caucasian,"90,000 – 99,999",2-year College Degree,Republican,NA,Strong Republican,NA,46,No,No,Yes,FALSE,FALSE,TRUE,FALSE,TRUE,FALSE,FALSE,TRUE,TRUE,FALSE,0,76,Neither agree nor disagree,Strongly agree,Somewhat agree,Yes,Yes,1 - Not at all,3,3,5- Very like me,3,3,5- Very like me,3,3,3,3,2,2,Florida,Strongly oppose,Unjustified,Yes,NA,NA,NA,NA,NA,NA,NA,1,2,1,1,Democrat,Republican,NA
Female,White/Caucasian,"100,000 or more",High School / GED,Republican,NA,Strong Republican,NA,52,NA,NA,NA,FALSE,TRUE,TRUE,TRUE,TRUE,FALSE,TRUE,TRUE,FALSE,TRUE,1,100,Neither agree nor disagree,Neither agree nor disagree,Neither agree nor disagree,No,No,1 - Not at all,3,2,4,2,3,3,4,1- Very unlike me,1- Very unlike me,3,2,3,NA,NA,NA,NA,NA,NA,NA,NA,Oregon,Community service,Neither support nor oppose,2,1,1,1,Democrat,Republican,vandalism
Female,White/Caucasian,"80,000 – 89,999",4-year College Degree,Republican,NA,Strong Republican,NA,42,NA,NA,NA,NA,NA,NA,NA,NA,NA,NA,NA,NA,NA,,,NA,NA,NA,NA,NA,NA,NA,NA,NA,NA,NA,NA,NA,NA,NA,NA,NA,NA,NA,NA,NA,NA,NA,NA,NA,NA,NA,NA,NA,1,2,1,,NA,NA,NA
Female,White/Caucasian,"30,000 – 39,999",Some College,Republican,NA,Not a strong Republican,NA,55,No,No,No,FALSE,TRUE,TRUE,FALSE,TRUE,TRUE,TRUE,TRUE,FALSE,TRUE,40,78,Neither agree nor disagree,Somewhat disagree,Neither agree nor disagree,No,No,1 - Not at all,1- Very unlike me,1- Very unlike me,4,3,1- Very unlike me,1- Very unlike me,3,4,2,2,2,2,NA,NA,NA,NA,NA,NA,NA,NA,Alaska,More than 20 years in prison,Oppose,2,2,1,1,Democrat,Republican,murder
Female,White/Caucasian,"Less than 30,000",Some College,Republican,NA,Strong Republican,NA,57,No,No,Yes,FALSE,TRUE,TRUE,TRUE,TRUE,TRUE,TRUE,TRUE,TRUE,FALSE,11,100,Neither agree nor disagree,Neither agree nor disagree,Neither agree nor disagree,No,No,1 - Not at all,1- Very unlike me,2,2,2,2,2,2,2,2,2,2,2,Florida,Strongly oppose,Unjustified,Yes,NA,NA,NA,NA,NA,NA,NA,1,1,1,1,Democrat,Republican,NA
Female,White/Caucasian,"Less than 30,000",4-year College Degree,Republican,NA,Strong Republican,NA,36,NA,NA,NA,NA,NA,NA,NA,NA,NA,NA,NA,NA,NA,,,NA,NA,NA,NA,NA,NA,NA,NA,NA,NA,NA,NA,NA,NA,NA,NA,NA,NA,NA,NA,NA,NA,NA,NA,NA,NA,NA,NA,NA,1,2,2,,NA,NA,NA
Female,White/Caucasian,"100,000 or more",4-year College Degree,Republican,NA,Not a strong Republican,NA,44,NA,NA,NA,NA,NA,NA,NA,NA,NA,NA,NA,NA,NA,,,NA,NA,NA,NA,NA,NA,NA,NA,NA,NA,NA,NA,NA,NA,NA,NA,NA,NA,NA,NA,NA,NA,NA,NA,NA,NA,NA,NA,NA,2,1,2,,NA,NA,NA
Female,White/Caucasian,"50,000 – 59,999",High School / GED,Republican,NA,NA,NA,53,NA,NA,NA,FALSE,TRUE,TRUE,TRUE,TRUE,FALSE,FALSE,FALSE,FALSE,FALSE,0,100,Strongly disagree,Somewhat disagree,Strongly disagree,No,No,1 - Not at all,1- Very unlike me,1- Very unlike me,1- Very unlike me,1- Very unlike me,1- Very unlike me,1- Very unlike me,1- Very unlike me,1- Very unlike me,1- Very unlike me,1- Very unlike me,1- Very unlike me,1- Very unlike me,NA,NA,NA,NA,Washington,Strongly support,Justified,No,NA,NA,NA,1,1,2,1,Democrat,Republican,NA
Female,White/Caucasian,"100,000 or more",High School / GED,Republican,NA,Strong Republican,NA,51,No,No,Yes,FALSE,TRUE,TRUE,TRUE,TRUE,TRUE,FALSE,TRUE,TRUE,FALSE,67,100,Neither agree nor disagree,Strongly disagree,Strongly disagree,No,No,1 - Not at all,4,3,3,3,3,2,2,2,5- Very like me,3,5- Very like me,4,NA,NA,NA,NA,Oregon,Neither support nor oppose,Justified,No,NA,NA,NA,1,2,2,1,Democrat,Republican,NA
Female,White/Caucasian,"50,000 – 59,999",4-year College Degree,Republican,NA,Not a strong Republican,NA,47,No,No,Yes,TRUE,FALSE,TRUE,TRUE,TRUE,TRUE,TRUE,TRUE,TRUE,TRUE,22,86,Neither agree nor disagree,Somewhat disagree,Neither agree nor disagree,No,No,1 - Not at all,1- Very unlike me,2,2,1- Very unlike me,1- Very unlike me,3,1- Very unlike me,1- Very unlike me,1- Very unlike me,1- Very unlike me,2,1- Very unlike me,NA,NA,NA,NA,NA,NA,NA,NA,Oregon,2 - 5 years in prison,Oppose,2,2,1,1,Democrat,Republican,assault with a deadly weapon
Female,White/Caucasian,"50,000 – 59,999",Masters Degree,Republican,NA,Not a strong Republican,NA,43,NA,NA,NA,NA,NA,NA,NA,NA,NA,NA,NA,NA,NA,,,NA,NA,NA,NA,NA,NA,NA,NA,NA,NA,NA,NA,NA,NA,NA,NA,NA,NA,NA,NA,NA,NA,NA,NA,NA,NA,NA,NA,NA,1,2,1,,NA,NA,NA
Female,White/Caucasian,"100,000 or more",Some College,Republican,NA,Not a strong Republican,NA,56,No,No,Yes,FALSE,TRUE,TRUE,TRUE,TRUE,TRUE,TRUE,TRUE,TRUE,FALSE,42,57,Neither agree nor disagree,Somewhat disagree,Neither agree nor disagree,Yes,Yes,2,2,3,2,2,2,2,2,2,2,2,2,1- Very unlike me,NA,NA,NA,NA,Oregon,Oppose,Justified,No,NA,NA,NA,1,1,2,1,Democrat,Republican,NA
Female,White/Caucasian,"Less than 30,000",High School / GED,Republican,NA,Strong Republican,NA,60,No,No,Yes,FALSE,TRUE,TRUE,TRUE,TRUE,TRUE,FALSE,FALSE,FALSE,FALSE,30,90,Neither agree nor disagree,Strongly disagree,Neither agree nor disagree,No,No,1 - Not at all,1- Very unlike me,2,2,1- Very unlike me,1- Very unlike me,2,1- Very unlike me,1- Very unlike me,1- Very unlike me,1- Very unlike me,1- Very unlike me,1- Very unlike me,Florida,Strongly oppose,Unjustified,Yes,NA,NA,NA,NA,NA,NA,NA,1,1,1,1,Democrat,Republican,NA
NA,NA,NA,NA,NA,NA,NA,NA,NA,NA,NA,NA,NA,NA,NA,NA,NA,NA,NA,NA,NA,NA,,,NA,NA,NA,NA,NA,NA,NA,NA,NA,NA,NA,NA,NA,NA,NA,NA,NA,NA,NA,NA,NA,NA,NA,NA,NA,NA,NA,NA,NA,1,2,1,,NA,NA,NA
Female,White/Caucasian,"30,000 – 39,999",High School / GED,Democrat,NA,NA,Strong Democrat,66,No,No,Yes,FALSE,FALSE,FALSE,TRUE,FALSE,TRUE,FALSE,TRUE,TRUE,TRUE,77,29,Neither agree nor disagree,Somewhat agree,Neither agree nor disagree,No,Yes,2,NA,NA,NA,NA,NA,NA,NA,NA,NA,NA,NA,NA,NA,NA,NA,NA,NA,NA,NA,NA,NA,NA,NA,2,1,1,,Republican,Democrat,NA
Female,White/Caucasian,"Less than 30,000",Masters Degree,NA,NA,NA,NA,NA,NA,NA,NA,NA,NA,NA,NA,NA,NA,NA,NA,NA,NA,,,NA,NA,NA,NA,NA,NA,NA,NA,NA,NA,NA,NA,NA,NA,NA,NA,NA,NA,NA,NA,NA,NA,NA,NA,NA,NA,NA,NA,NA,2,2,1,,NA,NA,NA
NA,NA,NA,NA,NA,NA,NA,NA,NA,NA,NA,NA,NA,NA,NA,NA,NA,NA,NA,NA,NA,NA,,,NA,NA,NA,NA,NA,NA,NA,NA,NA,NA,NA,NA,NA,NA,NA,NA,NA,NA,NA,NA,NA,NA,NA,NA,NA,NA,NA,NA,NA,2,2,2,,NA,NA,NA
Female,White/Caucasian,"90,000 – 99,999",2-year College Degree,NA,NA,NA,NA,NA,NA,NA,NA,NA,NA,NA,NA,NA,NA,NA,NA,NA,NA,,,NA,NA,NA,NA,NA,NA,NA,NA,NA,NA,NA,NA,NA,NA,NA,NA,NA,NA,NA,NA,NA,NA,NA,NA,NA,NA,NA,NA,NA,2,2,1,,NA,NA,NA
NA,NA,NA,NA,NA,NA,NA,NA,NA,NA,NA,NA,NA,NA,NA,NA,NA,NA,NA,NA,NA,NA,,,NA,NA,NA,NA,NA,NA,NA,NA,NA,NA,NA,NA,NA,NA,NA,NA,NA,NA,NA,NA,NA,NA,NA,NA,NA,NA,NA,NA,NA,2,2,1,,NA,NA,NA
Female,White/Caucasian,"30,000 – 39,999",High School / GED,NA,NA,NA,NA,NA,NA,NA,NA,NA,NA,NA,NA,NA,NA,NA,NA,NA,NA,,,NA,NA,NA,NA,NA,NA,NA,NA,NA,NA,NA,NA,NA,NA,NA,NA,NA,NA,NA,NA,NA,NA,NA,NA,NA,NA,NA,NA,NA,2,1,1,,NA,NA,NA
Female,Other,"30,000 – 39,999",4-year College Degree,Democrat,NA,NA,Strong Democrat,24,Yes,No,Yes,FALSE,FALSE,TRUE,FALSE,TRUE,TRUE,TRUE,TRUE,TRUE,FALSE,81,25,NA,NA,NA,NA,NA,NA,NA,NA,NA,NA,NA,NA,NA,NA,NA,NA,NA,NA,NA,NA,NA,NA,NA,NA,NA,NA,NA,NA,NA,1,1,1,,Republican,Democrat,NA
Female,White/Caucasian,"60,000 – 69,999",High School / GED,NA,NA,NA,NA,NA,NA,NA,NA,NA,NA,NA,NA,NA,NA,NA,NA,NA,NA,,,NA,NA,NA,NA,NA,NA,NA,NA,NA,NA,NA,NA,NA,NA,NA,NA,NA,NA,NA,NA,NA,NA,NA,NA,NA,NA,NA,NA,NA,2,1,1,,NA,NA,NA
Female,White/Caucasian,"60,000 – 69,999",4-year College Degree,NA,NA,NA,NA,NA,NA,NA,NA,NA,NA,NA,NA,NA,NA,NA,NA,NA,NA,,,NA,NA,NA,NA,NA,NA,NA,NA,NA,NA,NA,NA,NA,NA,NA,NA,NA,NA,NA,NA,NA,NA,NA,NA,NA,NA,NA,NA,NA,2,1,1,,NA,NA,NA
Female,White/Caucasian,"80,000 – 89,999",Some College,NA,NA,NA,NA,NA,NA,NA,NA,NA,NA,NA,NA,NA,NA,NA,NA,NA,NA,,,NA,NA,NA,NA,NA,NA,NA,NA,NA,NA,NA,NA,NA,NA,NA,NA,NA,NA,NA,NA,NA,NA,NA,NA,NA,NA,NA,NA,NA,2,2,2,,NA,NA,NA
NA,NA,NA,NA,NA,NA,NA,NA,NA,NA,NA,NA,NA,NA,NA,NA,NA,NA,NA,NA,NA,NA,,,NA,NA,NA,NA,NA,NA,NA,NA,NA,NA,NA,NA,NA,NA,NA,NA,NA,NA,NA,NA,NA,NA,NA,NA,NA,NA,NA,NA,NA,2,1,1,,NA,NA,NA
Female,Pacific Islander,"50,000 – 59,999",High School / GED,Independent,Democratic Party,NA,NA,29,NA,NA,NA,TRUE,FALSE,TRUE,TRUE,TRUE,FALSE,FALSE,FALSE,FALSE,TRUE,70,72,Strongly agree,Somewhat disagree,Strongly agree,No,No,1 - Not at all,5- Very like me,3,3,5- Very like me,4,1- Very unlike me,2,3,4,4,5- Very like me,3,NA,NA,NA,NA,NA,NA,NA,NA,NA,NA,NA,1,1,1,,Republican,Democrat,NA
Female,White/Caucasian,"100,000 or more",4-year College Degree,NA,NA,NA,NA,NA,NA,NA,NA,NA,NA,NA,NA,NA,NA,NA,NA,NA,NA,,,NA,NA,NA,NA,NA,NA,NA,NA,NA,NA,NA,NA,NA,NA,NA,NA,NA,NA,NA,NA,NA,NA,NA,NA,NA,NA,NA,NA,NA,2,2,1,,NA,NA,NA
Male,White/Caucasian,"40,000 – 49,999",4-year College Degree,Democrat,NA,NA,Strong Democrat,30,No,No,Yes,TRUE,TRUE,TRUE,TRUE,FALSE,FALSE,FALSE,TRUE,TRUE,FALSE,,,NA,NA,NA,NA,NA,NA,NA,NA,NA,NA,NA,NA,NA,NA,NA,NA,NA,NA,NA,NA,NA,NA,NA,NA,NA,NA,NA,NA,NA,2,2,1,,Republican,Democrat,NA
Female,White/Caucasian,"60,000 – 69,999",High School / GED,NA,NA,NA,NA,NA,NA,NA,NA,NA,NA,NA,NA,NA,NA,NA,NA,NA,NA,,,NA,NA,NA,NA,NA,NA,NA,NA,NA,NA,NA,NA,NA,NA,NA,NA,NA,NA,NA,NA,NA,NA,NA,NA,NA,NA,NA,NA,NA,2,2,2,,NA,NA,NA
NA,NA,NA,NA,NA,NA,NA,NA,NA,NA,NA,NA,NA,NA,NA,NA,NA,NA,NA,NA,NA,NA,,,NA,NA,NA,NA,NA,NA,NA,NA,NA,NA,NA,NA,NA,NA,NA,NA,NA,NA,NA,NA,NA,NA,NA,NA,NA,NA,NA,NA,NA,2,2,2,,NA,NA,NA
Female,White/Caucasian,"100,000 or more",4-year College Degree,Republican,NA,Strong Republican,NA,61,No,No,Yes,TRUE,TRUE,TRUE,TRUE,TRUE,FALSE,FALSE,FALSE,FALSE,FALSE,17,72,NA,NA,NA,NA,NA,NA,NA,NA,NA,NA,NA,NA,NA,NA,NA,NA,NA,NA,NA,NA,NA,NA,NA,NA,NA,NA,NA,NA,NA,1,2,1,,Democrat,Republican,NA
Female,White/Caucasian,"100,000 or more",2-year College Degree,NA,NA,NA,NA,NA,NA,NA,NA,NA,NA,NA,NA,NA,NA,NA,NA,NA,NA,,,NA,NA,NA,NA,NA,NA,NA,NA,NA,NA,NA,NA,NA,NA,NA,NA,NA,NA,NA,NA,NA,NA,NA,NA,NA,NA,NA,NA,NA,2,1,2,,NA,NA,NA
NA,NA,NA,NA,NA,NA,NA,NA,NA,NA,NA,NA,NA,NA,NA,NA,NA,NA,NA,NA,NA,NA,,,NA,NA,NA,NA,NA,NA,NA,NA,NA,NA,NA,NA,NA,NA,NA,NA,NA,NA,NA,NA,NA,NA,NA,NA,NA,NA,NA,NA,NA,1,2,2,,NA,NA,NA
Male,White/Caucasian,"40,000 – 49,999",Masters Degree,Independent,Republican Party,NA,NA,35,NA,NA,NA,TRUE,FALSE,TRUE,TRUE,TRUE,FALSE,TRUE,TRUE,FALSE,TRUE,76,81,NA,NA,NA,NA,NA,NA,NA,NA,NA,NA,NA,NA,NA,NA,NA,NA,NA,NA,NA,NA,NA,NA,NA,NA,NA,NA,NA,NA,NA,1,2,2,,Democrat,Republican,NA
Female,White/Caucasian,"Less than 30,000",4-year College Degree,Republican,NA,Not a strong Republican,NA,31,No,No,Yes,NA,NA,NA,NA,NA,NA,NA,NA,NA,NA,,,NA,NA,NA,NA,NA,NA,NA,NA,NA,NA,NA,NA,NA,NA,NA,NA,NA,NA,NA,NA,NA,NA,NA,NA,NA,NA,NA,NA,NA,1,1,1,,NA,NA,NA
NA,NA,NA,NA,NA,NA,NA,NA,NA,NA,NA,NA,NA,NA,NA,NA,NA,NA,NA,NA,NA,NA,,,NA,NA,NA,NA,NA,NA,NA,NA,NA,NA,NA,NA,NA,NA,NA,NA,NA,NA,NA,NA,NA,NA,NA,NA,NA,NA,NA,NA,NA,2,1,2,,NA,NA,NA
Male,Asian,"30,000 – 39,999",4-year College Degree,Democrat,NA,NA,Not a strong Democrat,24,NA,NA,NA,FALSE,NA,NA,NA,TRUE,TRUE,FALSE,FALSE,NA,NA,,,NA,NA,NA,NA,NA,NA,NA,NA,NA,NA,NA,NA,NA,NA,NA,NA,NA,NA,NA,NA,NA,NA,NA,NA,NA,NA,NA,NA,NA,1,1,2,,NA,NA,NA
Female,White/Caucasian,"100,000 or more",2-year College Degree,NA,NA,NA,NA,NA,NA,NA,NA,NA,NA,NA,NA,NA,NA,NA,NA,NA,NA,,,NA,NA,NA,NA,NA,NA,NA,NA,NA,NA,NA,NA,NA,NA,NA,NA,NA,NA,NA,NA,NA,NA,NA,NA,NA,NA,NA,NA,NA,1,1,1,,NA,NA,NA
Female,White/Caucasian,"50,000 – 59,999",4-year College Degree,NA,NA,NA,NA,NA,NA,NA,NA,NA,NA,NA,NA,NA,NA,NA,NA,NA,NA,,,NA,NA,NA,NA,NA,NA,NA,NA,NA,NA,NA,NA,NA,NA,NA,NA,NA,NA,NA,NA,NA,NA,NA,NA,NA,NA,NA,NA,NA,2,2,2,,NA,NA,NA
Female,White/Caucasian,"100,000 or more",Some College,NA,NA,NA,NA,NA,NA,NA,NA,NA,NA,NA,NA,NA,NA,NA,NA,NA,NA,,,NA,NA,NA,NA,NA,NA,NA,NA,NA,NA,NA,NA,NA,NA,NA,NA,NA,NA,NA,NA,NA,NA,NA,NA,NA,NA,NA,NA,NA,1,1,2,,NA,NA,NA
NA,NA,NA,NA,NA,NA,NA,NA,NA,NA,NA,NA,NA,NA,NA,NA,NA,NA,NA,NA,NA,NA,,,NA,NA,NA,NA,NA,NA,NA,NA,NA,NA,NA,NA,NA,NA,NA,NA,NA,NA,NA,NA,NA,NA,NA,NA,NA,NA,NA,NA,NA,1,2,1,,NA,NA,NA
Male,White/Caucasian,NA,NA,NA,NA,NA,NA,NA,NA,NA,NA,NA,NA,NA,NA,NA,NA,NA,NA,NA,NA,,,NA,NA,NA,NA,NA,NA,NA,NA,NA,NA,NA,NA,NA,NA,NA,NA,NA,NA,NA,NA,NA,NA,NA,NA,NA,NA,NA,NA,NA,1,2,2,,NA,NA,NA
Female,White/Caucasian,"100,000 or more",4-year College Degree,NA,NA,NA,NA,NA,NA,NA,NA,NA,NA,NA,NA,NA,NA,NA,NA,NA,NA,,,NA,NA,NA,NA,NA,NA,NA,NA,NA,NA,NA,NA,NA,NA,NA,NA,NA,NA,NA,NA,NA,NA,NA,NA,NA,NA,NA,NA,NA,2,2,2,,NA,NA,NA
Female,White/Caucasian,"60,000 – 69,999",Masters Degree,NA,NA,NA,NA,NA,NA,NA,NA,NA,NA,NA,NA,NA,NA,NA,NA,NA,NA,,,NA,NA,NA,NA,NA,NA,NA,NA,NA,NA,NA,NA,NA,NA,NA,NA,NA,NA,NA,NA,NA,NA,NA,NA,NA,NA,NA,NA,NA,2,2,1,,NA,NA,NA
Male,White/Caucasian,"Less than 30,000",Less than High School,NA,NA,NA,NA,NA,NA,NA,NA,NA,NA,NA,NA,NA,NA,NA,NA,NA,NA,,,NA,NA,NA,NA,NA,NA,NA,NA,NA,NA,NA,NA,NA,NA,NA,NA,NA,NA,NA,NA,NA,NA,NA,NA,NA,NA,NA,NA,NA,1,2,2,,NA,NA,NA
Male,White/Caucasian,"100,000 or more",High School / GED,Democrat,NA,NA,Strong Democrat,35,NA,NA,NA,FALSE,TRUE,FALSE,TRUE,TRUE,TRUE,TRUE,FALSE,TRUE,TRUE,,,NA,NA,NA,NA,NA,NA,NA,NA,NA,NA,NA,NA,NA,NA,NA,NA,NA,NA,NA,NA,NA,NA,NA,NA,NA,NA,NA,NA,NA,2,2,2,,Republican,Democrat,NA
NA,NA,NA,NA,NA,NA,NA,NA,NA,NA,NA,NA,NA,NA,NA,NA,NA,NA,NA,NA,NA,NA,,,NA,NA,NA,NA,NA,NA,NA,NA,NA,NA,NA,NA,NA,NA,NA,NA,NA,NA,NA,NA,NA,NA,NA,NA,NA,NA,NA,NA,NA,2,1,1,,NA,NA,NA
Female,White/Caucasian,"50,000 – 59,999",Some College,NA,NA,NA,NA,NA,NA,NA,NA,NA,NA,NA,NA,NA,NA,NA,NA,NA,NA,,,NA,NA,NA,NA,NA,NA,NA,NA,NA,NA,NA,NA,NA,NA,NA,NA,NA,NA,NA,NA,NA,NA,NA,NA,NA,NA,NA,NA,NA,2,2,2,,NA,NA,NA
Female,White/Caucasian,"Less than 30,000",High School / GED,Democrat,NA,NA,Not a strong Democrat,38,No,No,No,FALSE,TRUE,TRUE,FALSE,TRUE,TRUE,FALSE,TRUE,TRUE,TRUE,,,NA,NA,NA,NA,NA,NA,NA,NA,NA,NA,NA,NA,NA,NA,NA,NA,NA,NA,NA,NA,NA,NA,NA,NA,NA,NA,NA,NA,NA,1,1,1,,NA,NA,NA
NA,NA,NA,NA,NA,NA,NA,NA,NA,NA,NA,NA,NA,NA,NA,NA,NA,NA,NA,NA,NA,NA,,,NA,NA,NA,NA,NA,NA,NA,NA,NA,NA,NA,NA,NA,NA,NA,NA,NA,NA,NA,NA,NA,NA,NA,NA,NA,NA,NA,NA,NA,1,1,1,,NA,NA,NA
NA,NA,NA,NA,NA,NA,NA,NA,NA,NA,NA,NA,NA,NA,NA,NA,NA,NA,NA,NA,NA,NA,,,NA,NA,NA,NA,NA,NA,NA,NA,NA,NA,NA,NA,NA,NA,NA,NA,NA,NA,NA,NA,NA,NA,NA,NA,NA,NA,NA,NA,NA,2,1,1,,NA,NA,NA
Female,Native American,"Less than 30,000",Some College,Democrat,NA,NA,Not a strong Democrat,20,No,No,No,TRUE,TRUE,TRUE,FALSE,TRUE,FALSE,FALSE,TRUE,TRUE,TRUE,81,9,Strongly disagree,Strongly agree,Strongly disagree,No,No,1 - Not at all,3,3,1- Very unlike me,1- Very unlike me,1- Very unlike me,1- Very unlike me,3,1- Very unlike me,1- Very unlike me,3,1- Very unlike me,1- Very unlike me,NA,NA,NA,NA,NA,NA,NA,NA,NA,NA,NA,2,1,2,,Republican,Democrat,arson
NA,NA,NA,NA,NA,NA,NA,NA,NA,NA,NA,NA,NA,NA,NA,NA,NA,NA,NA,NA,NA,NA,,,NA,NA,NA,NA,NA,NA,NA,NA,NA,NA,NA,NA,NA,NA,NA,NA,NA,NA,NA,NA,NA,NA,NA,NA,NA,NA,NA,NA,NA,1,2,1,,NA,NA,NA
Female,White/Caucasian,"100,000 or more",Some College,NA,NA,NA,NA,NA,NA,NA,NA,NA,NA,NA,NA,NA,NA,NA,NA,NA,NA,,,NA,NA,NA,NA,NA,NA,NA,NA,NA,NA,NA,NA,NA,NA,NA,NA,NA,NA,NA,NA,NA,NA,NA,NA,NA,NA,NA,NA,NA,1,2,1,,NA,NA,NA
NA,NA,NA,NA,NA,NA,NA,NA,NA,NA,NA,NA,NA,NA,NA,NA,NA,NA,NA,NA,NA,NA,,,NA,NA,NA,NA,NA,NA,NA,NA,NA,NA,NA,NA,NA,NA,NA,NA,NA,NA,NA,NA,NA,NA,NA,NA,NA,NA,NA,NA,NA,2,1,1,,NA,NA,NA
NA,NA,NA,NA,NA,NA,NA,NA,NA,NA,NA,NA,NA,NA,NA,NA,NA,NA,NA,NA,NA,NA,,,NA,NA,NA,NA,NA,NA,NA,NA,NA,NA,NA,NA,NA,NA,NA,NA,NA,NA,NA,NA,NA,NA,NA,NA,NA,NA,NA,NA,NA,2,1,1,,NA,NA,NA
Female,White/Caucasian,"50,000 – 59,999",4-year College Degree,Democrat,NA,NA,Not a strong Democrat,30,No,No,No,NA,NA,NA,NA,NA,NA,NA,NA,NA,NA,,,NA,NA,NA,NA,NA,NA,NA,NA,NA,NA,NA,NA,NA,NA,NA,NA,NA,NA,NA,NA,NA,NA,NA,NA,NA,NA,NA,NA,NA,1,2,1,,NA,NA,NA
Female,White/Caucasian,"50,000 – 59,999",Less than High School,Republican,NA,Not a strong Republican,NA,21,No,No,No,FALSE,TRUE,TRUE,TRUE,TRUE,TRUE,TRUE,TRUE,TRUE,TRUE,,,NA,NA,NA,NA,NA,NA,NA,NA,NA,NA,NA,NA,NA,NA,NA,NA,NA,NA,NA,NA,NA,NA,NA,NA,NA,NA,NA,NA,NA,2,2,1,,Democrat,Republican,NA
NA,NA,NA,NA,NA,NA,NA,NA,NA,NA,NA,NA,NA,NA,NA,NA,NA,NA,NA,NA,NA,NA,,,NA,NA,NA,NA,NA,NA,NA,NA,NA,NA,NA,NA,NA,NA,NA,NA,NA,NA,NA,NA,NA,NA,NA,NA,NA,NA,NA,NA,NA,1,1,1,,NA,NA,NA
Female,White/Caucasian,"Less than 30,000",4-year College Degree,NA,NA,NA,NA,NA,NA,NA,NA,NA,NA,NA,NA,NA,NA,NA,NA,NA,NA,,,NA,NA,NA,NA,NA,NA,NA,NA,NA,NA,NA,NA,NA,NA,NA,NA,NA,NA,NA,NA,NA,NA,NA,NA,NA,NA,NA,NA,NA,2,2,2,,NA,NA,NA
Female,White/Caucasian,"Less than 30,000",Less than High School,NA,NA,NA,NA,NA,NA,NA,NA,NA,NA,NA,NA,NA,NA,NA,NA,NA,NA,,,NA,NA,NA,NA,NA,NA,NA,NA,NA,NA,NA,NA,NA,NA,NA,NA,NA,NA,NA,NA,NA,NA,NA,NA,NA,NA,NA,NA,NA,2,1,1,,NA,NA,NA
Female,White/Caucasian,"100,000 or more",2-year College Degree,NA,NA,NA,NA,NA,NA,NA,NA,NA,NA,NA,NA,NA,NA,NA,NA,NA,NA,,,NA,NA,NA,NA,NA,NA,NA,NA,NA,NA,NA,NA,NA,NA,NA,NA,NA,NA,NA,NA,NA,NA,NA,NA,NA,NA,NA,NA,NA,1,2,1,,NA,NA,NA
Male,White/Caucasian,"Less than 30,000",High School / GED,Republican,NA,Not a strong Republican,NA,47,No,Yes,Yes,TRUE,TRUE,TRUE,TRUE,TRUE,FALSE,FALSE,TRUE,FALSE,FALSE,19,70,NA,NA,NA,NA,NA,NA,NA,NA,NA,NA,NA,NA,NA,NA,NA,NA,NA,NA,NA,NA,NA,NA,NA,NA,NA,NA,NA,NA,NA,1,2,1,,Democrat,Republican,NA
Female,White/Caucasian,"40,000 – 49,999",Some College,NA,NA,NA,NA,NA,NA,NA,NA,NA,NA,NA,NA,NA,NA,NA,NA,NA,NA,,,NA,NA,NA,NA,NA,NA,NA,NA,NA,NA,NA,NA,NA,NA,NA,NA,NA,NA,NA,NA,NA,NA,NA,NA,NA,NA,NA,NA,NA,1,1,1,,NA,NA,NA
NA,NA,NA,NA,NA,NA,NA,NA,NA,NA,NA,NA,NA,NA,NA,NA,NA,NA,NA,NA,NA,NA,,,NA,NA,NA,NA,NA,NA,NA,NA,NA,NA,NA,NA,NA,NA,NA,NA,NA,NA,NA,NA,NA,NA,NA,NA,NA,NA,NA,NA,NA,2,1,1,,NA,NA,NA
Male,White/Caucasian,"Less than 30,000",Some College,Republican,NA,Not a strong Republican,NA,29,NA,NA,NA,TRUE,NA,NA,TRUE,NA,NA,FALSE,FALSE,NA,FALSE,,,NA,NA,NA,NA,NA,NA,NA,NA,NA,NA,NA,NA,NA,NA,NA,NA,NA,NA,NA,NA,NA,NA,NA,NA,NA,NA,NA,NA,NA,2,1,2,,NA,NA,NA
Male,White/Caucasian,NA,NA,NA,NA,NA,NA,NA,NA,NA,NA,NA,NA,NA,NA,NA,NA,NA,NA,NA,NA,,,NA,NA,NA,NA,NA,NA,NA,NA,NA,NA,NA,NA,NA,NA,NA,NA,NA,NA,NA,NA,NA,NA,NA,NA,NA,NA,NA,NA,NA,1,1,1,,NA,NA,NA
Female,Other,"Less than 30,000",Some College,Democrat,NA,NA,Not a strong Democrat,26,No,No,Yes,FALSE,TRUE,TRUE,TRUE,TRUE,TRUE,TRUE,TRUE,TRUE,TRUE,97,2,Neither agree nor disagree,Strongly disagree,Neither agree nor disagree,No,No,1 - Not at all,1- Very unlike me,1- Very unlike me,5- Very like me,1- Very unlike me,1- Very unlike me,5- Very like me,1- Very unlike me,1- Very unlike me,1- Very unlike me,3,1- Very unlike me,1- Very unlike me,NA,NA,NA,NA,NA,NA,NA,NA,NA,NA,NA,1,2,1,,Republican,Democrat,NA
Female,White/Caucasian,"50,000 – 59,999",4-year College Degree,NA,NA,NA,NA,NA,NA,NA,NA,NA,NA,NA,NA,NA,NA,NA,NA,NA,NA,,,NA,NA,NA,NA,NA,NA,NA,NA,NA,NA,NA,NA,NA,NA,NA,NA,NA,NA,NA,NA,NA,NA,NA,NA,NA,NA,NA,NA,NA,2,2,2,,NA,NA,NA
Female,Other,"50,000 – 59,999",High School / GED,Republican,NA,Strong Republican,NA,18,No,No,Yes,FALSE,TRUE,TRUE,TRUE,TRUE,TRUE,FALSE,FALSE,FALSE,TRUE,52,30,NA,NA,NA,NA,NA,NA,NA,NA,NA,NA,NA,NA,NA,NA,NA,NA,NA,NA,NA,NA,NA,NA,NA,NA,NA,NA,NA,NA,NA,1,1,2,,Democrat,Republican,NA
Female,White/Caucasian,"60,000 – 69,999",4-year College Degree,Democrat,NA,NA,Strong Democrat,30,No,No,Yes,TRUE,TRUE,FALSE,TRUE,FALSE,FALSE,FALSE,FALSE,FALSE,TRUE,87,10,NA,NA,NA,NA,NA,NA,NA,NA,NA,NA,NA,NA,NA,NA,NA,NA,NA,NA,NA,NA,NA,NA,NA,NA,NA,NA,NA,NA,NA,1,1,2,,Republican,Democrat,NA
Female,Other,"Less than 30,000",2-year College Degree,Democrat,NA,NA,Strong Democrat,30,NA,NA,NA,NA,NA,NA,NA,NA,NA,NA,NA,NA,NA,,,NA,NA,NA,NA,NA,NA,NA,NA,NA,NA,NA,NA,NA,NA,NA,NA,NA,NA,NA,NA,NA,NA,NA,NA,NA,NA,NA,NA,NA,1,2,1,,NA,NA,NA
Female,White/Caucasian,"30,000 – 39,999","Professional Degree (JD, MD)",NA,NA,NA,NA,NA,NA,NA,NA,NA,NA,NA,NA,NA,NA,NA,NA,NA,NA,,,NA,NA,NA,NA,NA,NA,NA,NA,NA,NA,NA,NA,NA,NA,NA,NA,NA,NA,NA,NA,NA,NA,NA,NA,NA,NA,NA,NA,NA,2,2,2,,NA,NA,NA
NA,NA,NA,NA,NA,NA,NA,NA,NA,NA,NA,NA,NA,NA,NA,NA,NA,NA,NA,NA,NA,NA,,,NA,NA,NA,NA,NA,NA,NA,NA,NA,NA,NA,NA,NA,NA,NA,NA,NA,NA,NA,NA,NA,NA,NA,NA,NA,NA,NA,NA,NA,1,1,1,,NA,NA,NA
Female,Other,"Less than 30,000",High School / GED,Democrat,NA,NA,Not a strong Democrat,21,No,No,No,NA,NA,NA,TRUE,TRUE,NA,NA,TRUE,FALSE,TRUE,,,NA,NA,NA,NA,NA,NA,NA,NA,NA,NA,NA,NA,NA,NA,NA,NA,NA,NA,NA,NA,NA,NA,NA,NA,NA,NA,NA,NA,NA,2,2,1,,NA,NA,NA
Male,Other,NA,NA,NA,NA,NA,NA,NA,NA,NA,NA,NA,NA,NA,NA,NA,NA,NA,NA,NA,NA,,,NA,NA,NA,NA,NA,NA,NA,NA,NA,NA,NA,NA,NA,NA,NA,NA,NA,NA,NA,NA,NA,NA,NA,NA,NA,NA,NA,NA,NA,2,1,1,,NA,NA,NA
NA,NA,NA,NA,NA,NA,NA,NA,NA,NA,NA,NA,NA,NA,NA,NA,NA,NA,NA,NA,NA,NA,,,NA,NA,NA,NA,NA,NA,NA,NA,NA,NA,NA,NA,NA,NA,NA,NA,NA,NA,NA,NA,NA,NA,NA,NA,NA,NA,NA,NA,NA,1,2,2,,NA,NA,NA
Female,Other,NA,NA,NA,NA,NA,NA,NA,NA,NA,NA,NA,NA,NA,NA,NA,NA,NA,NA,NA,NA,,,NA,NA,NA,NA,NA,NA,NA,NA,NA,NA,NA,NA,NA,NA,NA,NA,NA,NA,NA,NA,NA,NA,NA,NA,NA,NA,NA,NA,NA,2,2,2,,NA,NA,NA
NA,NA,NA,NA,NA,NA,NA,NA,NA,NA,NA,NA,NA,NA,NA,NA,NA,NA,NA,NA,NA,NA,,,NA,NA,NA,NA,NA,NA,NA,NA,NA,NA,NA,NA,NA,NA,NA,NA,NA,NA,NA,NA,NA,NA,NA,NA,NA,NA,NA,NA,NA,1,1,1,,NA,NA,NA
NA,NA,NA,NA,NA,NA,NA,NA,NA,NA,NA,NA,NA,NA,NA,NA,NA,NA,NA,NA,NA,NA,,,NA,NA,NA,NA,NA,NA,NA,NA,NA,NA,NA,NA,NA,NA,NA,NA,NA,NA,NA,NA,NA,NA,NA,NA,NA,NA,NA,NA,NA,1,1,1,,NA,NA,NA
Female,Pacific Islander,"Less than 30,000",High School / GED,Democrat,NA,NA,Strong Democrat,31,NA,NA,NA,TRUE,TRUE,TRUE,TRUE,TRUE,TRUE,FALSE,TRUE,TRUE,TRUE,,,NA,NA,NA,NA,NA,NA,NA,NA,NA,NA,NA,NA,NA,NA,NA,NA,NA,NA,NA,NA,NA,NA,NA,NA,NA,NA,NA,NA,NA,2,1,2,,Republican,Democrat,NA
NA,NA,NA,NA,NA,NA,NA,NA,NA,NA,NA,NA,NA,NA,NA,NA,NA,NA,NA,NA,NA,NA,,,NA,NA,NA,NA,NA,NA,NA,NA,NA,NA,NA,NA,NA,NA,NA,NA,NA,NA,NA,NA,NA,NA,NA,NA,NA,NA,NA,NA,NA,2,1,2,,NA,NA,NA
Female,Other,"30,000 – 39,999",High School / GED,Democrat,NA,NA,Strong Democrat,20,No,No,No,TRUE,TRUE,TRUE,TRUE,TRUE,FALSE,TRUE,TRUE,FALSE,FALSE,89,0,Neither agree nor disagree,Somewhat agree,Neither agree nor disagree,No,No,1 - Not at all,NA,NA,NA,NA,NA,NA,NA,NA,NA,NA,NA,NA,NA,NA,NA,NA,NA,NA,NA,NA,NA,NA,NA,2,1,2,,Republican,Democrat,NA
Female,White/Caucasian,"Less than 30,000",Some College,Republican,NA,Strong Republican,NA,50,No,No,Yes,FALSE,TRUE,TRUE,TRUE,TRUE,FALSE,FALSE,TRUE,FALSE,FALSE,14,94,Neither agree nor disagree,Strongly agree,Neither agree nor disagree,No,No,1 - Not at all,3,4,2,4,2,3,1- Very unlike me,1- Very unlike me,2,1- Very unlike me,2,1- Very unlike me,NA,NA,NA,NA,NA,NA,NA,NA,Washington,Community service,Support,2,2,2,1,Democrat,Republican,assault
Male,White/Caucasian,"50,000 – 59,999",2-year College Degree,Other,Democratic Party,NA,NA,51,No,No,Yes,FALSE,TRUE,TRUE,TRUE,TRUE,TRUE,FALSE,FALSE,FALSE,TRUE,61,30,Neither agree nor disagree,Somewhat agree,Neither agree nor disagree,No,No,1 - Not at all,2,3,3,1- Very unlike me,2,4,1- Very unlike me,1- Very unlike me,2,1- Very unlike me,2,3,NA,NA,NA,NA,NA,NA,NA,NA,NA,NA,NA,2,1,1,,Republican,Democrat,protesting without a permit
Male,White/Caucasian,"Less than 30,000",High School / GED,Republican,NA,Strong Republican,NA,59,NA,NA,NA,TRUE,TRUE,TRUE,TRUE,TRUE,FALSE,FALSE,TRUE,FALSE,FALSE,85,81,Somewhat agree,Somewhat agree,Neither agree nor disagree,No,No,1 - Not at all,4,4,1- Very unlike me,4,4,4,1- Very unlike me,1- Very unlike me,4,3,3,1- Very unlike me,NA,NA,NA,NA,NA,NA,NA,NA,NA,NA,NA,1,2,2,,Democrat,Republican,NA
NA,NA,NA,NA,NA,NA,NA,NA,NA,NA,NA,NA,NA,NA,NA,NA,NA,NA,NA,NA,NA,NA,,,NA,NA,NA,NA,NA,NA,NA,NA,NA,NA,NA,NA,NA,NA,NA,NA,NA,NA,NA,NA,NA,NA,NA,NA,NA,NA,NA,NA,NA,1,2,1,,NA,NA,NA
Female,White/Caucasian,"80,000 – 89,999",4-year College Degree,Republican,NA,Not a strong Republican,NA,53,No,No,Yes,TRUE,FALSE,TRUE,TRUE,TRUE,TRUE,FALSE,FALSE,TRUE,FALSE,15,75,Somewhat agree,Strongly disagree,Somewhat agree,No,No,5 - A great deal,1- Very unlike me,2,1- Very unlike me,1- Very unlike me,1- Very unlike me,1- Very unlike me,1- Very unlike me,1- Very unlike me,1- Very unlike me,1- Very unlike me,1- Very unlike me,1- Very unlike me,Florida,Strongly oppose,Unjustified,Yes,NA,NA,NA,NA,NA,NA,NA,1,1,1,1,Democrat,Republican,NA
NA,NA,NA,NA,NA,NA,NA,NA,NA,NA,NA,NA,NA,NA,NA,NA,NA,NA,NA,NA,NA,NA,,,NA,NA,NA,NA,NA,NA,NA,NA,NA,NA,NA,NA,NA,NA,NA,NA,NA,NA,NA,NA,NA,NA,NA,NA,NA,NA,NA,NA,NA,2,2,2,,NA,NA,NA
Female,White/Caucasian,"30,000 – 39,999",Some College,Republican,NA,Not a strong Republican,NA,60,No,No,Yes,TRUE,TRUE,TRUE,TRUE,TRUE,FALSE,FALSE,TRUE,FALSE,FALSE,28,98,Strongly disagree,Somewhat disagree,Somewhat disagree,No,No,1 - Not at all,1- Very unlike me,1- Very unlike me,1- Very unlike me,1- Very unlike me,1- Very unlike me,1- Very unlike me,1- Very unlike me,1- Very unlike me,1- Very unlike me,1- Very unlike me,1- Very unlike me,1- Very unlike me,NA,NA,NA,NA,NA,NA,NA,NA,Washington,More than 20 years in prison,Strongly oppose,2,1,1,1,Democrat,Republican,murder
Female,White/Caucasian,"80,000 – 89,999",Some College,Independent,Republican Party,NA,NA,45,No,No,Yes,FALSE,FALSE,TRUE,FALSE,TRUE,TRUE,TRUE,FALSE,FALSE,TRUE,39,51,Neither agree nor disagree,Strongly disagree,Neither agree nor disagree,No,No,1 - Not at all,2,1- Very unlike me,5- Very like me,1- Very unlike me,1- Very unlike me,3,2,1- Very unlike me,1- Very unlike me,2,4,3,NA,NA,NA,NA,NA,NA,NA,NA,Oregon,4 - 30 days in jail,Neither support nor oppose,2,1,2,1,Democrat,Republican,arson
Female,White/Caucasian,"60,000 – 69,999",Some College,Republican,NA,Strong Republican,NA,53,No,No,Yes,FALSE,TRUE,TRUE,TRUE,TRUE,FALSE,FALSE,TRUE,TRUE,TRUE,0,91,Neither agree nor disagree,Strongly agree,Neither agree nor disagree,No,No,1 - Not at all,1- Very unlike me,3,1- Very unlike me,1- Very unlike me,1- Very unlike me,1- Very unlike me,1- Very unlike me,1- Very unlike me,1- Very unlike me,5- Very like me,1- Very unlike me,1- Very unlike me,Florida,Strongly oppose,Unjustified,Yes,NA,NA,NA,NA,NA,NA,NA,1,2,1,1,Democrat,Republican,NA
Male,White/Caucasian,"30,000 – 39,999",Some College,Democrat,NA,NA,Not a strong Democrat,53,NA,NA,NA,TRUE,TRUE,TRUE,TRUE,TRUE,FALSE,FALSE,FALSE,TRUE,FALSE,81,63,Strongly agree,Neither agree nor disagree,Somewhat agree,No,No,2,2,2,2,2,2,2,2,1- Very unlike me,1- Very unlike me,1- Very unlike me,1- Very unlike me,1- Very unlike me,NA,NA,NA,NA,NA,NA,NA,NA,Florida,NA,NA,2,1,1,,Republican,Democrat,arson
Female,White/Caucasian,"Less than 30,000",High School / GED,Democrat,NA,NA,Strong Democrat,19,NA,NA,NA,FALSE,FALSE,TRUE,FALSE,FALSE,TRUE,TRUE,TRUE,TRUE,TRUE,100,0,Neither agree nor disagree,Somewhat disagree,Neither agree nor disagree,No,No,1 - Not at all,5- Very like me,3,5- Very like me,5- Very like me,5- Very like me,5- Very like me,5- Very like me,1- Very unlike me,2,4,5- Very like me,5- Very like me,NA,NA,NA,NA,Arizona,Neither support nor oppose,NA,NA,NA,NA,NA,1,2,2,,Republican,Democrat,NA
Female,White/Caucasian,"Less than 30,000",Some College,Republican,NA,Strong Republican,NA,47,NA,NA,NA,FALSE,FALSE,TRUE,FALSE,FALSE,TRUE,FALSE,TRUE,TRUE,TRUE,0,70,Strongly agree,Strongly agree,Somewhat agree,Yes,No,1 - Not at all,4,3,5- Very like me,4,2,5- Very like me,2,3,1- Very unlike me,1- Very unlike me,1- Very unlike me,1- Very unlike me,NA,NA,NA,NA,NA,NA,NA,NA,Alaska,Community service,Strongly oppose,2,1,2,1,Democrat,Republican,assault
NA,NA,NA,NA,NA,NA,NA,NA,NA,NA,NA,NA,NA,NA,NA,NA,NA,NA,NA,NA,NA,NA,,,NA,NA,NA,NA,NA,NA,NA,NA,NA,NA,NA,NA,NA,NA,NA,NA,NA,NA,NA,NA,NA,NA,NA,NA,NA,NA,NA,NA,NA,1,1,2,,NA,NA,NA
Female,Native American,"Less than 30,000",Some College,Republican,NA,Strong Republican,NA,47,No,No,No,FALSE,TRUE,TRUE,TRUE,TRUE,FALSE,FALSE,FALSE,FALSE,FALSE,0,99,Somewhat disagree,Strongly agree,Somewhat agree,No,No,1 - Not at all,1- Very unlike me,2,2,1- Very unlike me,1- Very unlike me,1- Very unlike me,1- Very unlike me,1- Very unlike me,1- Very unlike me,1- Very unlike me,1- Very unlike me,1- Very unlike me,NA,NA,NA,NA,NA,NA,NA,NA,Florida,Community service,Neither support nor oppose,2,2,2,1,Democrat,Republican,vandalism
NA,NA,NA,NA,NA,NA,NA,NA,NA,NA,NA,NA,NA,NA,NA,NA,NA,NA,NA,NA,NA,NA,,,NA,NA,NA,NA,NA,NA,NA,NA,NA,NA,NA,NA,NA,NA,NA,NA,NA,NA,NA,NA,NA,NA,NA,NA,NA,NA,NA,NA,NA,2,1,2,,NA,NA,NA
NA,NA,NA,NA,NA,NA,NA,NA,NA,NA,NA,NA,NA,NA,NA,NA,NA,NA,NA,NA,NA,NA,,,NA,NA,NA,NA,NA,NA,NA,NA,NA,NA,NA,NA,NA,NA,NA,NA,NA,NA,NA,NA,NA,NA,NA,NA,NA,NA,NA,NA,NA,1,1,2,,NA,NA,NA
Male,Native American,"30,000 – 39,999",2-year College Degree,Democrat,NA,NA,Strong Democrat,21,NA,NA,NA,NA,NA,NA,NA,NA,NA,NA,NA,NA,NA,,,NA,NA,NA,NA,NA,NA,NA,NA,NA,NA,NA,NA,NA,NA,NA,NA,NA,NA,NA,NA,NA,NA,NA,NA,NA,NA,NA,NA,NA,1,2,2,,NA,NA,NA
Female,White/Caucasian,"Less than 30,000",Less than High School,Republican,NA,Not a strong Republican,NA,56,NA,NA,NA,NA,NA,NA,NA,NA,NA,NA,NA,NA,NA,,,NA,NA,NA,NA,NA,NA,NA,NA,NA,NA,NA,NA,NA,NA,NA,NA,NA,NA,NA,NA,NA,NA,NA,NA,NA,NA,NA,NA,NA,1,1,1,2,NA,NA,NA
Female,Other,"40,000 – 49,999",4-year College Degree,Democrat,NA,NA,Strong Democrat,27,NA,NA,NA,NA,NA,NA,NA,NA,NA,NA,NA,NA,NA,,,NA,NA,NA,NA,NA,NA,NA,NA,NA,NA,NA,NA,NA,NA,NA,NA,NA,NA,NA,NA,NA,NA,NA,NA,NA,NA,NA,NA,NA,2,2,2,,NA,NA,NA
Male,White/Caucasian,"100,000 or more",Doctoral Degree,Democrat,NA,NA,Strong Democrat,40,Yes,Yes,Yes,NA,FALSE,TRUE,TRUE,NA,NA,NA,NA,FALSE,FALSE,,,NA,NA,NA,NA,NA,NA,NA,NA,NA,NA,NA,NA,NA,NA,NA,NA,NA,NA,NA,NA,NA,NA,NA,NA,NA,NA,NA,NA,NA,1,1,1,,NA,NA,NA
NA,NA,NA,NA,NA,NA,NA,NA,NA,NA,NA,NA,NA,NA,NA,NA,NA,NA,NA,NA,NA,NA,,,NA,NA,NA,NA,NA,NA,NA,NA,NA,NA,NA,NA,NA,NA,NA,NA,NA,NA,NA,NA,NA,NA,NA,NA,NA,NA,NA,NA,NA,2,1,2,,NA,NA,NA
Female,White/Caucasian,"100,000 or more",Masters Degree,Republican,NA,Strong Republican,NA,51,No,No,Yes,FALSE,TRUE,TRUE,TRUE,TRUE,FALSE,FALSE,TRUE,TRUE,FALSE,10,51,Strongly agree,Neither agree nor disagree,Neither agree nor disagree,No,No,1 - Not at all,2,3,1- Very unlike me,1- Very unlike me,3,3,2,1- Very unlike me,1- Very unlike me,1- Very unlike me,1- Very unlike me,1- Very unlike me,NA,NA,NA,NA,NA,NA,NA,NA,Oregon,More than 20 years in prison,Strongly oppose,2,1,2,1,Democrat,Republican,murder
Male,Other,"70,000 – 79,999",4-year College Degree,Democrat,NA,NA,Strong Democrat,46,No,No,No,FALSE,TRUE,TRUE,TRUE,TRUE,FALSE,FALSE,FALSE,FALSE,TRUE,53,50,Somewhat agree,Neither agree nor disagree,Neither agree nor disagree,No,No,1 - Not at all,3,3,1- Very unlike me,1- Very unlike me,1- Very unlike me,1- Very unlike me,1- Very unlike me,1- Very unlike me,1- Very unlike me,1- Very unlike me,2,1- Very unlike me,NA,NA,NA,NA,NA,NA,NA,NA,NA,NA,NA,1,1,1,,Republican,Democrat,NA
Female,White/Caucasian,"100,000 or more",Some College,Republican,NA,Not a strong Republican,NA,59,NA,NA,NA,NA,NA,NA,NA,NA,NA,NA,NA,NA,NA,,,NA,NA,NA,NA,NA,NA,NA,NA,NA,NA,NA,NA,NA,NA,NA,NA,NA,NA,NA,NA,NA,NA,NA,NA,NA,NA,NA,NA,NA,1,1,2,2,NA,NA,NA
NA,NA,NA,NA,NA,NA,NA,NA,NA,NA,NA,NA,NA,NA,NA,NA,NA,NA,NA,NA,NA,NA,,,NA,NA,NA,NA,NA,NA,NA,NA,NA,NA,NA,NA,NA,NA,NA,NA,NA,NA,NA,NA,NA,NA,NA,NA,NA,NA,NA,NA,NA,1,2,1,,NA,NA,NA
Female,White/Caucasian,"100,000 or more",Some College,Republican,NA,Strong Republican,NA,60,No,No,Yes,TRUE,TRUE,TRUE,TRUE,TRUE,FALSE,FALSE,FALSE,FALSE,FALSE,10,72,Neither agree nor disagree,Neither agree nor disagree,Neither agree nor disagree,No,No,1 - Not at all,1- Very unlike me,3,1- Very unlike me,2,1- Very unlike me,1- Very unlike me,1- Very unlike me,1- Very unlike me,1- Very unlike me,1- Very unlike me,1- Very unlike me,1- Very unlike me,NA,NA,NA,NA,NA,NA,NA,NA,California,16 - 20 years in prison,Neither support nor oppose,2,1,2,1,Democrat,Republican,assault with a deadly weapon
Female,White/Caucasian,"100,000 or more",Masters Degree,Independent,Neither,NA,NA,NA,NA,NA,NA,NA,NA,NA,NA,NA,NA,NA,NA,NA,NA,,,NA,NA,NA,NA,NA,NA,NA,NA,NA,NA,NA,NA,NA,NA,NA,NA,NA,NA,NA,NA,NA,NA,NA,NA,NA,NA,NA,NA,NA,1,1,2,2,NA,NA,NA
Female,White/Caucasian,"100,000 or more",4-year College Degree,Republican,NA,Strong Republican,NA,60,No,No,Yes,FALSE,TRUE,TRUE,TRUE,TRUE,FALSE,FALSE,FALSE,FALSE,FALSE,10,91,Neither agree nor disagree,Somewhat disagree,Neither agree nor disagree,No,No,1 - Not at all,2,1- Very unlike me,1- Very unlike me,1- Very unlike me,1- Very unlike me,1- Very unlike me,1- Very unlike me,1- Very unlike me,1- Very unlike me,1- Very unlike me,2,1- Very unlike me,Florida,Strongly oppose,Unjustified,Yes,NA,NA,NA,NA,NA,NA,NA,1,1,1,1,Democrat,Republican,NA
NA,NA,NA,NA,NA,NA,NA,NA,NA,NA,NA,NA,NA,NA,NA,NA,NA,NA,NA,NA,NA,NA,,,NA,NA,NA,NA,NA,NA,NA,NA,NA,NA,NA,NA,NA,NA,NA,NA,NA,NA,NA,NA,NA,NA,NA,NA,NA,NA,NA,NA,NA,1,1,2,,NA,NA,NA
Female,White/Caucasian,"30,000 – 39,999",Less than High School,Republican,NA,Not a strong Republican,NA,46,No,No,Yes,TRUE,TRUE,TRUE,TRUE,TRUE,FALSE,TRUE,TRUE,TRUE,FALSE,42,61,Neither agree nor disagree,Neither agree nor disagree,Neither agree nor disagree,No,No,1 - Not at all,3,3,3,4,3,2,2,2,3,3,2,2,NA,NA,NA,NA,NA,NA,NA,NA,Oregon,2 - 5 years in prison,Neither support nor oppose,2,1,1,1,Democrat,Republican,assault with a deadly weapon
Female,African American,"Less than 30,000",High School / GED,Democrat,NA,NA,Strong Democrat,42,NA,NA,NA,NA,NA,NA,NA,NA,NA,NA,NA,NA,NA,,,NA,NA,NA,NA,NA,NA,NA,NA,NA,NA,NA,NA,NA,NA,NA,NA,NA,NA,NA,NA,NA,NA,NA,NA,NA,NA,NA,NA,NA,2,1,1,,NA,NA,NA
Female,African American,"Less than 30,000",High School / GED,Independent,Democratic Party,NA,NA,23,NA,NA,NA,TRUE,FALSE,TRUE,TRUE,FALSE,FALSE,FALSE,TRUE,FALSE,FALSE,23,91,Strongly agree,Somewhat agree,Strongly agree,No,Yes,2,3,2,2,2,3,2,2,2,1- Very unlike me,2,4,2,NA,NA,NA,NA,NA,NA,NA,NA,NA,NA,NA,1,2,1,,Republican,Democrat,NA
NA,NA,NA,NA,NA,NA,NA,NA,NA,NA,NA,NA,NA,NA,NA,NA,NA,NA,NA,NA,NA,NA,,,NA,NA,NA,NA,NA,NA,NA,NA,NA,NA,NA,NA,NA,NA,NA,NA,NA,NA,NA,NA,NA,NA,NA,NA,NA,NA,NA,NA,NA,1,2,1,,NA,NA,NA
Female,White/Caucasian,"100,000 or more",2-year College Degree,Republican,NA,Strong Republican,NA,53,No,No,Yes,TRUE,TRUE,TRUE,TRUE,TRUE,TRUE,TRUE,FALSE,TRUE,FALSE,0,60,Neither agree nor disagree,Neither agree nor disagree,Neither agree nor disagree,No,No,1 - Not at all,1- Very unlike me,4,2,1- Very unlike me,3,3,1- Very unlike me,1- Very unlike me,2,2,1- Very unlike me,1- Very unlike me,NA,NA,NA,NA,Washington,Oppose,Unjustified,Yes,NA,NA,NA,1,1,2,1,Democrat,Republican,NA
Male,Other,"50,000 – 59,999",Doctoral Degree,Democrat,NA,NA,Not a strong Democrat,21,NA,NA,NA,TRUE,NA,NA,FALSE,NA,NA,FALSE,NA,TRUE,FALSE,,,NA,NA,NA,NA,NA,NA,NA,NA,NA,NA,NA,NA,NA,NA,NA,NA,NA,NA,NA,NA,NA,NA,NA,NA,NA,NA,NA,NA,NA,2,1,2,,NA,NA,NA
Male,African American,"50,000 – 59,999",Some College,Democrat,NA,NA,Strong Democrat,21,Yes,Yes,Yes,TRUE,FALSE,TRUE,TRUE,TRUE,FALSE,FALSE,TRUE,TRUE,TRUE,50,67,Somewhat agree,Neither agree nor disagree,Somewhat agree,No,Yes,5 - A great deal,5- Very like me,4,5- Very like me,5- Very like me,4,5- Very like me,5- Very like me,4,4,5- Very like me,4,4,NA,NA,NA,NA,NA,NA,NA,NA,NA,NA,NA,1,1,2,,Republican,Democrat,NA
Female,African American,NA,NA,NA,NA,NA,NA,NA,NA,NA,NA,NA,NA,NA,NA,NA,NA,NA,NA,NA,NA,,,NA,NA,NA,NA,NA,NA,NA,NA,NA,NA,NA,NA,NA,NA,NA,NA,NA,NA,NA,NA,NA,NA,NA,NA,NA,NA,NA,NA,NA,2,1,1,,NA,NA,NA
NA,NA,NA,NA,NA,NA,NA,NA,NA,NA,NA,NA,NA,NA,NA,NA,NA,NA,NA,NA,NA,NA,,,NA,NA,NA,NA,NA,NA,NA,NA,NA,NA,NA,NA,NA,NA,NA,NA,NA,NA,NA,NA,NA,NA,NA,NA,NA,NA,NA,NA,NA,2,2,2,,NA,NA,NA
Female,White/Caucasian,"90,000 – 99,999",High School / GED,Republican,NA,Strong Republican,NA,48,No,No,Yes,FALSE,FALSE,TRUE,TRUE,TRUE,TRUE,FALSE,FALSE,FALSE,FALSE,12,59,Neither agree nor disagree,Strongly disagree,Neither agree nor disagree,No,No,1 - Not at all,3,3,2,2,2,3,2,1- Very unlike me,2,3,3,3,Florida,Strongly oppose,Unjustified,Yes,NA,NA,NA,NA,NA,NA,NA,1,2,1,1,Democrat,Republican,NA
Female,White/Caucasian,"70,000 – 79,999",4-year College Degree,Republican,NA,Strong Republican,NA,57,No,No,Yes,FALSE,TRUE,TRUE,TRUE,TRUE,TRUE,FALSE,FALSE,FALSE,TRUE,50,50,Neither agree nor disagree,Strongly disagree,Strongly disagree,No,No,1 - Not at all,1- Very unlike me,3,1- Very unlike me,1- Very unlike me,2,3,1- Very unlike me,1- Very unlike me,1- Very unlike me,1- Very unlike me,1- Very unlike me,1- Very unlike me,NA,NA,NA,NA,Oregon,Strongly oppose,Unjustified,Yes,NA,NA,NA,1,1,2,1,Democrat,Republican,NA
Female,African American,"30,000 – 39,999",2-year College Degree,Democrat,NA,NA,Strong Democrat,40,No,No,Yes,NA,TRUE,TRUE,TRUE,NA,FALSE,NA,TRUE,NA,NA,,,NA,NA,NA,NA,NA,NA,NA,NA,NA,NA,NA,NA,NA,NA,NA,NA,NA,NA,NA,NA,NA,NA,NA,NA,NA,NA,NA,NA,NA,1,1,2,,NA,NA,NA
Male,African American,"Less than 30,000",Less than High School,Democrat,NA,NA,NA,31,NA,NA,NA,FALSE,NA,NA,FALSE,TRUE,NA,FALSE,NA,NA,TRUE,,,NA,NA,NA,NA,NA,NA,NA,NA,NA,NA,NA,NA,NA,NA,NA,NA,NA,NA,NA,NA,NA,NA,NA,NA,NA,NA,NA,NA,NA,1,2,2,,NA,NA,NA
Female,African American,"50,000 – 59,999",2-year College Degree,Democrat,NA,NA,Strong Democrat,35,NA,NA,NA,NA,NA,NA,NA,NA,NA,NA,NA,NA,NA,,,NA,NA,NA,NA,NA,NA,NA,NA,NA,NA,NA,NA,NA,NA,NA,NA,NA,NA,NA,NA,NA,NA,NA,NA,NA,NA,NA,NA,NA,2,1,1,,NA,NA,NA
Female,White/Caucasian,"100,000 or more",4-year College Degree,Democrat,NA,NA,NA,NA,NA,NA,NA,NA,NA,NA,NA,NA,NA,NA,NA,NA,NA,,,NA,NA,NA,NA,NA,NA,NA,NA,NA,NA,NA,NA,NA,NA,NA,NA,NA,NA,NA,NA,NA,NA,NA,NA,NA,NA,NA,NA,NA,2,1,2,,NA,NA,NA
Female,African American,"Less than 30,000",High School / GED,Democrat,NA,NA,Strong Democrat,25,No,No,Yes,TRUE,FALSE,TRUE,TRUE,TRUE,FALSE,FALSE,FALSE,FALSE,FALSE,94,100,Somewhat disagree,Somewhat disagree,Neither agree nor disagree,No,No,4,3,3,2,1- Very unlike me,1- Very unlike me,3,1- Very unlike me,1- Very unlike me,2,1- Very unlike me,1- Very unlike me,2,NA,NA,NA,NA,NA,NA,NA,NA,NA,NA,NA,1,1,2,,Republican,Democrat,NA
Female,African American,"Less than 30,000",4-year College Degree,Independent,Democratic Party,NA,NA,40,No,No,No,TRUE,FALSE,TRUE,TRUE,TRUE,FALSE,FALSE,FALSE,FALSE,FALSE,43,46,Somewhat agree,Somewhat agree,Neither agree nor disagree,No,No,1 - Not at all,1- Very unlike me,3,2,1- Very unlike me,1- Very unlike me,4,1- Very unlike me,1- Very unlike me,1- Very unlike me,1- Very unlike me,2,1- Very unlike me,NA,NA,NA,NA,NA,NA,NA,NA,NA,NA,NA,2,2,2,,Republican,Democrat,protesting without a permit
NA,NA,NA,NA,NA,NA,NA,NA,NA,NA,NA,NA,NA,NA,NA,NA,NA,NA,NA,NA,NA,NA,,,NA,NA,NA,NA,NA,NA,NA,NA,NA,NA,NA,NA,NA,NA,NA,NA,NA,NA,NA,NA,NA,NA,NA,NA,NA,NA,NA,NA,NA,2,1,1,,NA,NA,NA
Female,White/Caucasian,"70,000 – 79,999",Some College,Republican,NA,Not a strong Republican,NA,60,No,No,Yes,FALSE,FALSE,TRUE,TRUE,TRUE,FALSE,FALSE,TRUE,TRUE,TRUE,63,63,Somewhat agree,Somewhat disagree,Neither agree nor disagree,No,No,1 - Not at all,1- Very unlike me,3,1- Very unlike me,4,1- Very unlike me,1- Very unlike me,1- Very unlike me,1- Very unlike me,1- Very unlike me,1- Very unlike me,1- Very unlike me,1- Very unlike me,NA,NA,NA,NA,NA,NA,NA,NA,Washington,Community service,Neither support nor oppose,2,1,1,1,Democrat,Republican,protesting without a permit
Female,African American,"100,000 or more",Some College,Democrat,NA,NA,Strong Democrat,57,No,No,Yes,FALSE,FALSE,TRUE,TRUE,TRUE,FALSE,TRUE,FALSE,FALSE,FALSE,95,6,Strongly disagree,Strongly disagree,Strongly disagree,No,No,1 - Not at all,NA,NA,NA,NA,NA,NA,NA,NA,NA,NA,NA,NA,NA,NA,NA,NA,NA,NA,NA,NA,NA,NA,NA,2,1,1,,Republican,Democrat,NA
Female,African American,"60,000 – 69,999",High School / GED,Democrat,NA,NA,Strong Democrat,31,No,No,No,FALSE,FALSE,TRUE,TRUE,TRUE,FALSE,TRUE,FALSE,TRUE,TRUE,52,16,Neither agree nor disagree,Somewhat agree,Neither agree nor disagree,No,No,3,NA,NA,NA,NA,NA,NA,NA,NA,NA,NA,NA,NA,NA,NA,NA,NA,NA,NA,NA,NA,NA,NA,NA,1,1,1,,Republican,Democrat,NA
Female,Other,"Less than 30,000",High School / GED,Democrat,NA,NA,Strong Democrat,18,No,No,No,TRUE,FALSE,TRUE,TRUE,TRUE,FALSE,FALSE,TRUE,TRUE,FALSE,100,0,Somewhat agree,Strongly agree,Somewhat agree,No,Yes,1 - Not at all,1- Very unlike me,3,3,3,1- Very unlike me,2,2,1- Very unlike me,1- Very unlike me,1- Very unlike me,1- Very unlike me,1- Very unlike me,NA,NA,NA,NA,NA,NA,NA,NA,California,NA,NA,2,1,1,,Republican,Democrat,vandalism
Female,White/Caucasian,"100,000 or more",4-year College Degree,Republican,NA,Strong Republican,NA,57,No,No,Yes,FALSE,FALSE,TRUE,FALSE,TRUE,TRUE,FALSE,TRUE,FALSE,TRUE,0,83,Neither agree nor disagree,Somewhat agree,Neither agree nor disagree,No,No,1 - Not at all,1- Very unlike me,3,1- Very unlike me,1- Very unlike me,1- Very unlike me,1- Very unlike me,2,1- Very unlike me,1- Very unlike me,1- Very unlike me,2,1- Very unlike me,NA,NA,NA,NA,NA,NA,NA,NA,Oregon,Community service,Strongly support,2,1,2,1,Democrat,Republican,protesting without a permit
Female,White/Caucasian,"30,000 – 39,999",High School / GED,Republican,NA,Strong Republican,NA,59,No,No,Yes,FALSE,TRUE,TRUE,TRUE,TRUE,FALSE,FALSE,TRUE,FALSE,FALSE,25,80,Neither agree nor disagree,Strongly disagree,Neither agree nor disagree,No,No,1 - Not at all,5- Very like me,4,1- Very unlike me,5- Very like me,1- Very unlike me,1- Very unlike me,1- Very unlike me,1- Very unlike me,3,1- Very unlike me,1- Very unlike me,1- Very unlike me,Florida,Strongly oppose,Unjustified,Yes,NA,NA,NA,NA,NA,NA,NA,1,1,1,1,Democrat,Republican,NA
Male,Native American,"30,000 – 39,999",Some College,Democrat,NA,NA,Strong Democrat,66,NA,NA,NA,FALSE,TRUE,FALSE,FALSE,FALSE,FALSE,FALSE,FALSE,FALSE,TRUE,88,80,NA,NA,NA,NA,NA,NA,NA,NA,NA,NA,NA,NA,NA,NA,NA,NA,NA,NA,NA,NA,NA,NA,NA,NA,NA,NA,NA,NA,NA,1,1,2,,Republican,Democrat,NA
NA,NA,NA,NA,NA,NA,NA,NA,NA,NA,NA,NA,NA,NA,NA,NA,NA,NA,NA,NA,NA,NA,,,NA,NA,NA,NA,NA,NA,NA,NA,NA,NA,NA,NA,NA,NA,NA,NA,NA,NA,NA,NA,NA,NA,NA,NA,NA,NA,NA,NA,NA,2,2,2,,NA,NA,NA
Female,White/Caucasian,"Less than 30,000",2-year College Degree,Republican,NA,Not a strong Republican,NA,61,No,No,Yes,FALSE,TRUE,TRUE,FALSE,TRUE,FALSE,FALSE,FALSE,FALSE,TRUE,9,83,Neither agree nor disagree,Neither agree nor disagree,Neither agree nor disagree,Yes,Yes,1 - Not at all,3,2,1- Very unlike me,3,1- Very unlike me,3,2,2,1- Very unlike me,1- Very unlike me,1- Very unlike me,1- Very unlike me,NA,NA,NA,NA,Oregon,Support,Unjustified,Yes,NA,NA,NA,1,2,2,1,Democrat,Republican,NA
Female,White/Caucasian,"90,000 – 99,999",Some College,Republican,NA,Strong Republican,NA,64,No,No,Yes,FALSE,FALSE,TRUE,FALSE,TRUE,FALSE,TRUE,TRUE,TRUE,TRUE,12,90,Neither agree nor disagree,Somewhat agree,Neither agree nor disagree,Yes,No,1 - Not at all,3,3,3,2,3,3,2,1- Very unlike me,3,2,1- Very unlike me,1- Very unlike me,NA,NA,NA,NA,NA,NA,NA,NA,Oregon,Community service,Strongly oppose,2,1,1,1,Democrat,Republican,vandalism
Female,White/Caucasian,"80,000 – 89,999",Some College,Republican,NA,Not a strong Republican,NA,57,No,No,No,FALSE,TRUE,TRUE,TRUE,TRUE,TRUE,FALSE,TRUE,FALSE,TRUE,38,51,Neither agree nor disagree,Strongly disagree,Somewhat disagree,No,No,1 - Not at all,1- Very unlike me,1- Very unlike me,2,1- Very unlike me,1- Very unlike me,2,1- Very unlike me,1- Very unlike me,1- Very unlike me,2,1- Very unlike me,1- Very unlike me,Georgia,Neither support nor oppose,Unjustified,No,NA,NA,NA,NA,NA,NA,NA,1,1,1,1,Democrat,Republican,NA
Female,African American,"Less than 30,000",High School / GED,Democrat,NA,NA,Strong Democrat,22,NA,NA,NA,NA,NA,NA,NA,NA,NA,NA,NA,NA,NA,,,NA,NA,NA,NA,NA,NA,NA,NA,NA,NA,NA,NA,NA,NA,NA,NA,NA,NA,NA,NA,NA,NA,NA,NA,NA,NA,NA,NA,NA,2,1,2,,NA,NA,NA
Female,African American,"Less than 30,000",High School / GED,Democrat,NA,NA,Not a strong Democrat,20,No,No,Yes,FALSE,TRUE,FALSE,TRUE,TRUE,TRUE,TRUE,FALSE,TRUE,TRUE,100,0,Neither agree nor disagree,Neither agree nor disagree,Somewhat disagree,No,Yes,1 - Not at all,NA,NA,NA,NA,NA,NA,NA,NA,NA,NA,NA,NA,NA,NA,NA,NA,NA,NA,NA,NA,NA,NA,NA,2,1,2,,Republican,Democrat,NA
Female,African American,"Less than 30,000",Some College,Democrat,NA,NA,Strong Democrat,70,NA,NA,NA,FALSE,FALSE,TRUE,TRUE,TRUE,FALSE,FALSE,FALSE,FALSE,FALSE,59,31,Somewhat disagree,Somewhat disagree,Neither agree nor disagree,No,No,1 - Not at all,1- Very unlike me,1- Very unlike me,1- Very unlike me,1- Very unlike me,1- Very unlike me,1- Very unlike me,1- Very unlike me,1- Very unlike me,1- Very unlike me,1- Very unlike me,1- Very unlike me,1- Very unlike me,NA,NA,NA,NA,NA,NA,NA,NA,Florida,NA,NA,2,1,2,,Republican,Democrat,protesting without a permit
Female,White/Caucasian,NA,NA,NA,NA,NA,NA,NA,NA,NA,NA,NA,NA,NA,NA,NA,NA,NA,NA,NA,NA,,,NA,NA,NA,NA,NA,NA,NA,NA,NA,NA,NA,NA,NA,NA,NA,NA,NA,NA,NA,NA,NA,NA,NA,NA,NA,NA,NA,NA,NA,1,1,1,,NA,NA,NA
NA,NA,NA,NA,NA,NA,NA,NA,NA,NA,NA,NA,NA,NA,NA,NA,NA,NA,NA,NA,NA,NA,,,NA,NA,NA,NA,NA,NA,NA,NA,NA,NA,NA,NA,NA,NA,NA,NA,NA,NA,NA,NA,NA,NA,NA,NA,NA,NA,NA,NA,NA,1,2,2,,NA,NA,NA
Female,White/Caucasian,NA,NA,NA,NA,NA,NA,NA,NA,NA,NA,NA,NA,NA,NA,NA,NA,NA,NA,NA,NA,,,NA,NA,NA,NA,NA,NA,NA,NA,NA,NA,NA,NA,NA,NA,NA,NA,NA,NA,NA,NA,NA,NA,NA,NA,NA,NA,NA,NA,NA,2,2,2,,NA,NA,NA
Female,White/Caucasian,"40,000 – 49,999",High School / GED,Republican,NA,Strong Republican,NA,85,NA,NA,NA,FALSE,TRUE,TRUE,TRUE,TRUE,TRUE,FALSE,TRUE,TRUE,TRUE,6,94,Strongly agree,Strongly disagree,Somewhat agree,Yes,No,3,NA,NA,NA,NA,NA,NA,NA,NA,NA,NA,NA,NA,NA,NA,NA,NA,NA,NA,NA,NA,NA,NA,NA,1,1,2,,Democrat,Republican,NA
Female,African American,"100,000 or more","Professional Degree (JD, MD)",Democrat,NA,NA,Strong Democrat,58,Yes,Yes,Yes,FALSE,TRUE,TRUE,FALSE,TRUE,TRUE,TRUE,TRUE,TRUE,TRUE,91,18,NA,NA,NA,NA,NA,NA,NA,NA,NA,NA,NA,NA,NA,NA,NA,NA,NA,NA,NA,NA,NA,NA,NA,NA,NA,NA,NA,NA,NA,1,1,1,,Republican,Democrat,NA
Male,African American,"100,000 or more",Some College,NA,NA,NA,NA,NA,NA,NA,NA,NA,NA,NA,NA,NA,NA,NA,NA,NA,NA,,,NA,NA,NA,NA,NA,NA,NA,NA,NA,NA,NA,NA,NA,NA,NA,NA,NA,NA,NA,NA,NA,NA,NA,NA,NA,NA,NA,NA,NA,1,2,2,,NA,NA,NA
Female,Other,"Less than 30,000",2-year College Degree,Democrat,NA,NA,Not a strong Democrat,22,No,No,Yes,FALSE,TRUE,TRUE,TRUE,TRUE,FALSE,FALSE,TRUE,FALSE,FALSE,95,20,Neither agree nor disagree,Neither agree nor disagree,Neither agree nor disagree,No,No,1 - Not at all,1- Very unlike me,3,3,1- Very unlike me,1- Very unlike me,4,1- Very unlike me,1- Very unlike me,1- Very unlike me,2,1- Very unlike me,1- Very unlike me,NA,NA,NA,NA,NA,NA,NA,NA,NA,NA,NA,1,2,2,,Republican,Democrat,NA
Female,African American,"Less than 30,000",Some College,Democrat,NA,NA,Not a strong Democrat,45,No,No,No,TRUE,FALSE,TRUE,TRUE,TRUE,TRUE,FALSE,TRUE,FALSE,TRUE,50,50,Neither agree nor disagree,Strongly disagree,Neither agree nor disagree,Yes,No,3,NA,NA,NA,NA,NA,NA,NA,NA,NA,NA,NA,NA,NA,NA,NA,NA,NA,NA,NA,NA,NA,NA,NA,1,2,1,,Republican,Democrat,NA
Female,African American,"30,000 – 39,999",High School / GED,Democrat,NA,NA,Strong Democrat,37,NA,NA,NA,FALSE,TRUE,TRUE,FALSE,TRUE,FALSE,FALSE,FALSE,FALSE,FALSE,100,9,Strongly agree,Somewhat disagree,Neither agree nor disagree,No,No,1 - Not at all,NA,NA,NA,NA,NA,NA,NA,NA,NA,NA,NA,NA,NA,NA,NA,NA,NA,NA,NA,NA,NA,NA,NA,2,2,1,,Republican,Democrat,NA
NA,NA,NA,NA,NA,NA,NA,NA,NA,NA,NA,NA,NA,NA,NA,NA,NA,NA,NA,NA,NA,NA,,,NA,NA,NA,NA,NA,NA,NA,NA,NA,NA,NA,NA,NA,NA,NA,NA,NA,NA,NA,NA,NA,NA,NA,NA,NA,NA,NA,NA,NA,1,1,1,,NA,NA,NA
Female,White/Caucasian,NA,NA,NA,NA,NA,NA,NA,NA,NA,NA,NA,NA,NA,NA,NA,NA,NA,NA,NA,NA,,,NA,NA,NA,NA,NA,NA,NA,NA,NA,NA,NA,NA,NA,NA,NA,NA,NA,NA,NA,NA,NA,NA,NA,NA,NA,NA,NA,NA,NA,2,2,1,,NA,NA,NA
Female,African American,"40,000 – 49,999",High School / GED,Democrat,NA,NA,NA,65,No,No,Yes,TRUE,TRUE,TRUE,TRUE,TRUE,TRUE,FALSE,TRUE,TRUE,FALSE,98,19,Neither agree nor disagree,Neither agree nor disagree,Somewhat disagree,No,No,1 - Not at all,NA,NA,NA,NA,NA,NA,NA,NA,NA,NA,NA,NA,NA,NA,NA,NA,NA,NA,NA,NA,NA,NA,NA,1,1,1,,Republican,Democrat,NA
Female,White/Caucasian,NA,NA,NA,NA,NA,NA,NA,NA,NA,NA,NA,NA,NA,NA,NA,NA,NA,NA,NA,NA,,,NA,NA,NA,NA,NA,NA,NA,NA,NA,NA,NA,NA,NA,NA,NA,NA,NA,NA,NA,NA,NA,NA,NA,NA,NA,NA,NA,NA,NA,2,2,1,,NA,NA,NA
Female,White/Caucasian,NA,NA,NA,NA,NA,NA,NA,NA,NA,NA,NA,NA,NA,NA,NA,NA,NA,NA,NA,NA,,,NA,NA,NA,NA,NA,NA,NA,NA,NA,NA,NA,NA,NA,NA,NA,NA,NA,NA,NA,NA,NA,NA,NA,NA,NA,NA,NA,NA,NA,2,2,1,,NA,NA,NA
Male,African American,NA,NA,NA,NA,NA,NA,NA,NA,NA,NA,NA,NA,NA,NA,NA,NA,NA,NA,NA,NA,,,NA,NA,NA,NA,NA,NA,NA,NA,NA,NA,NA,NA,NA,NA,NA,NA,NA,NA,NA,NA,NA,NA,NA,NA,NA,NA,NA,NA,NA,2,2,2,,NA,NA,NA
Female,White/Caucasian,NA,NA,NA,NA,NA,NA,NA,NA,NA,NA,NA,NA,NA,NA,NA,NA,NA,NA,NA,NA,,,NA,NA,NA,NA,NA,NA,NA,NA,NA,NA,NA,NA,NA,NA,NA,NA,NA,NA,NA,NA,NA,NA,NA,NA,NA,NA,NA,NA,NA,2,2,1,,NA,NA,NA
Female,White/Caucasian,NA,NA,NA,NA,NA,NA,NA,NA,NA,NA,NA,NA,NA,NA,NA,NA,NA,NA,NA,NA,,,NA,NA,NA,NA,NA,NA,NA,NA,NA,NA,NA,NA,NA,NA,NA,NA,NA,NA,NA,NA,NA,NA,NA,NA,NA,NA,NA,NA,NA,2,1,1,,NA,NA,NA
Female,African American,"60,000 – 69,999",High School / GED,Democrat,NA,NA,Strong Democrat,24,NA,NA,NA,NA,NA,NA,NA,NA,NA,NA,NA,NA,NA,,,NA,NA,NA,NA,NA,NA,NA,NA,NA,NA,NA,NA,NA,NA,NA,NA,NA,NA,NA,NA,NA,NA,NA,NA,NA,NA,NA,NA,NA,2,2,1,,NA,NA,NA
Male,Other,"90,000 – 99,999",Less than High School,Republican,NA,Strong Republican,NA,30,NA,NA,NA,TRUE,FALSE,FALSE,FALSE,TRUE,TRUE,FALSE,FALSE,FALSE,TRUE,100,90,Strongly disagree,Somewhat agree,Somewhat disagree,No,Yes,4,4,2,3,3,3,4,5- Very like me,5- Very like me,3,1- Very unlike me,5- Very like me,2,NA,NA,NA,NA,NA,NA,NA,NA,NA,NA,NA,1,1,1,,Democrat,Republican,NA
Male,African American,NA,NA,NA,NA,NA,NA,NA,NA,NA,NA,NA,NA,NA,NA,NA,NA,NA,NA,NA,NA,,,NA,NA,NA,NA,NA,NA,NA,NA,NA,NA,NA,NA,NA,NA,NA,NA,NA,NA,NA,NA,NA,NA,NA,NA,NA,NA,NA,NA,NA,1,2,1,,NA,NA,NA
Female,White/Caucasian,NA,NA,NA,NA,NA,NA,NA,NA,NA,NA,NA,NA,NA,NA,NA,NA,NA,NA,NA,NA,,,NA,NA,NA,NA,NA,NA,NA,NA,NA,NA,NA,NA,NA,NA,NA,NA,NA,NA,NA,NA,NA,NA,NA,NA,NA,NA,NA,NA,NA,2,2,2,,NA,NA,NA
Female,White/Caucasian,NA,NA,NA,NA,NA,NA,NA,NA,NA,NA,NA,NA,NA,NA,NA,NA,NA,NA,NA,NA,,,NA,NA,NA,NA,NA,NA,NA,NA,NA,NA,NA,NA,NA,NA,NA,NA,NA,NA,NA,NA,NA,NA,NA,NA,NA,NA,NA,NA,NA,1,2,1,,NA,NA,NA
NA,NA,NA,NA,NA,NA,NA,NA,NA,NA,NA,NA,NA,NA,NA,NA,NA,NA,NA,NA,NA,NA,,,NA,NA,NA,NA,NA,NA,NA,NA,NA,NA,NA,NA,NA,NA,NA,NA,NA,NA,NA,NA,NA,NA,NA,NA,NA,NA,NA,NA,NA,2,1,1,,NA,NA,NA
Female,White/Caucasian,NA,NA,NA,NA,NA,NA,NA,NA,NA,NA,NA,NA,NA,NA,NA,NA,NA,NA,NA,NA,,,NA,NA,NA,NA,NA,NA,NA,NA,NA,NA,NA,NA,NA,NA,NA,NA,NA,NA,NA,NA,NA,NA,NA,NA,NA,NA,NA,NA,NA,2,1,1,,NA,NA,NA
Female,White/Caucasian,NA,NA,NA,NA,NA,NA,NA,NA,NA,NA,NA,NA,NA,NA,NA,NA,NA,NA,NA,NA,,,NA,NA,NA,NA,NA,NA,NA,NA,NA,NA,NA,NA,NA,NA,NA,NA,NA,NA,NA,NA,NA,NA,NA,NA,NA,NA,NA,NA,NA,2,1,2,,NA,NA,NA
Female,African American,"100,000 or more",Doctoral Degree,Democrat,NA,NA,Strong Democrat,25,No,No,No,NA,NA,NA,NA,NA,NA,NA,NA,NA,NA,,,NA,NA,NA,NA,NA,NA,NA,NA,NA,NA,NA,NA,NA,NA,NA,NA,NA,NA,NA,NA,NA,NA,NA,NA,NA,NA,NA,NA,NA,1,2,2,,NA,NA,NA
NA,NA,NA,NA,NA,NA,NA,NA,NA,NA,NA,NA,NA,NA,NA,NA,NA,NA,NA,NA,NA,NA,,,NA,NA,NA,NA,NA,NA,NA,NA,NA,NA,NA,NA,NA,NA,NA,NA,NA,NA,NA,NA,NA,NA,NA,NA,NA,NA,NA,NA,NA,1,1,2,,NA,NA,NA
Male,African American,"Less than 30,000",Less than High School,Democrat,NA,NA,Not a strong Democrat,42,NA,NA,NA,NA,NA,NA,NA,NA,NA,NA,NA,NA,NA,,,NA,NA,NA,NA,NA,NA,NA,NA,NA,NA,NA,NA,NA,NA,NA,NA,NA,NA,NA,NA,NA,NA,NA,NA,NA,NA,NA,NA,NA,1,1,2,,NA,NA,NA
Female,White/Caucasian,NA,NA,NA,NA,NA,NA,NA,NA,NA,NA,NA,NA,NA,NA,NA,NA,NA,NA,NA,NA,,,NA,NA,NA,NA,NA,NA,NA,NA,NA,NA,NA,NA,NA,NA,NA,NA,NA,NA,NA,NA,NA,NA,NA,NA,NA,NA,NA,NA,NA,2,2,1,,NA,NA,NA
NA,NA,NA,NA,NA,NA,NA,NA,NA,NA,NA,NA,NA,NA,NA,NA,NA,NA,NA,NA,NA,NA,,,NA,NA,NA,NA,NA,NA,NA,NA,NA,NA,NA,NA,NA,NA,NA,NA,NA,NA,NA,NA,NA,NA,NA,NA,NA,NA,NA,NA,NA,2,2,1,,NA,NA,NA
Male,White/Caucasian,NA,NA,NA,NA,NA,NA,NA,NA,NA,NA,NA,NA,NA,NA,NA,NA,NA,NA,NA,NA,,,NA,NA,NA,NA,NA,NA,NA,NA,NA,NA,NA,NA,NA,NA,NA,NA,NA,NA,NA,NA,NA,NA,NA,NA,NA,NA,NA,NA,NA,2,1,2,,NA,NA,NA
Female,White/Caucasian,NA,NA,NA,NA,NA,NA,NA,NA,NA,NA,NA,NA,NA,NA,NA,NA,NA,NA,NA,NA,,,NA,NA,NA,NA,NA,NA,NA,NA,NA,NA,NA,NA,NA,NA,NA,NA,NA,NA,NA,NA,NA,NA,NA,NA,NA,NA,NA,NA,NA,1,2,2,,NA,NA,NA
Female,White/Caucasian,NA,NA,NA,NA,NA,NA,NA,NA,NA,NA,NA,NA,NA,NA,NA,NA,NA,NA,NA,NA,,,NA,NA,NA,NA,NA,NA,NA,NA,NA,NA,NA,NA,NA,NA,NA,NA,NA,NA,NA,NA,NA,NA,NA,NA,NA,NA,NA,NA,NA,2,1,1,,NA,NA,NA
Male,Pacific Islander,NA,NA,NA,NA,NA,NA,NA,NA,NA,NA,NA,NA,NA,NA,NA,NA,NA,NA,NA,NA,,,NA,NA,NA,NA,NA,NA,NA,NA,NA,NA,NA,NA,NA,NA,NA,NA,NA,NA,NA,NA,NA,NA,NA,NA,NA,NA,NA,NA,NA,2,2,1,,NA,NA,NA
NA,NA,NA,NA,NA,NA,NA,NA,NA,NA,NA,NA,NA,NA,NA,NA,NA,NA,NA,NA,NA,NA,,,NA,NA,NA,NA,NA,NA,NA,NA,NA,NA,NA,NA,NA,NA,NA,NA,NA,NA,NA,NA,NA,NA,NA,NA,NA,NA,NA,NA,NA,2,1,2,,NA,NA,NA
Male,White/Caucasian,"Less than 30,000",2-year College Degree,Republican,NA,Not a strong Republican,NA,Under 18,NA,NA,NA,NA,NA,NA,NA,NA,NA,NA,NA,NA,NA,,,NA,NA,NA,NA,NA,NA,NA,NA,NA,NA,NA,NA,NA,NA,NA,NA,NA,NA,NA,NA,NA,NA,NA,NA,NA,NA,NA,NA,NA,2,2,2,2,NA,NA,NA
Female,White/Caucasian,NA,NA,NA,NA,NA,NA,NA,NA,NA,NA,NA,NA,NA,NA,NA,NA,NA,NA,NA,NA,,,NA,NA,NA,NA,NA,NA,NA,NA,NA,NA,NA,NA,NA,NA,NA,NA,NA,NA,NA,NA,NA,NA,NA,NA,NA,NA,NA,NA,NA,2,2,1,,NA,NA,NA
Female,White/Caucasian,NA,NA,NA,NA,NA,NA,NA,NA,NA,NA,NA,NA,NA,NA,NA,NA,NA,NA,NA,NA,,,NA,NA,NA,NA,NA,NA,NA,NA,NA,NA,NA,NA,NA,NA,NA,NA,NA,NA,NA,NA,NA,NA,NA,NA,NA,NA,NA,NA,NA,2,1,2,,NA,NA,NA
Female,White/Caucasian,NA,NA,NA,NA,NA,NA,NA,NA,NA,NA,NA,NA,NA,NA,NA,NA,NA,NA,NA,NA,,,NA,NA,NA,NA,NA,NA,NA,NA,NA,NA,NA,NA,NA,NA,NA,NA,NA,NA,NA,NA,NA,NA,NA,NA,NA,NA,NA,NA,NA,1,1,1,,NA,NA,NA
NA,NA,NA,NA,NA,NA,NA,NA,NA,NA,NA,NA,NA,NA,NA,NA,NA,NA,NA,NA,NA,NA,,,NA,NA,NA,NA,NA,NA,NA,NA,NA,NA,NA,NA,NA,NA,NA,NA,NA,NA,NA,NA,NA,NA,NA,NA,NA,NA,NA,NA,NA,2,2,2,,NA,NA,NA
Female,White/Caucasian,NA,NA,NA,NA,NA,NA,NA,NA,NA,NA,NA,NA,NA,NA,NA,NA,NA,NA,NA,NA,,,NA,NA,NA,NA,NA,NA,NA,NA,NA,NA,NA,NA,NA,NA,NA,NA,NA,NA,NA,NA,NA,NA,NA,NA,NA,NA,NA,NA,NA,1,1,1,,NA,NA,NA
NA,NA,NA,NA,NA,NA,NA,NA,NA,NA,NA,NA,NA,NA,NA,NA,NA,NA,NA,NA,NA,NA,,,NA,NA,NA,NA,NA,NA,NA,NA,NA,NA,NA,NA,NA,NA,NA,NA,NA,NA,NA,NA,NA,NA,NA,NA,NA,NA,NA,NA,NA,2,2,1,,NA,NA,NA
Female,White/Caucasian,NA,NA,NA,NA,NA,NA,NA,NA,NA,NA,NA,NA,NA,NA,NA,NA,NA,NA,NA,NA,,,NA,NA,NA,NA,NA,NA,NA,NA,NA,NA,NA,NA,NA,NA,NA,NA,NA,NA,NA,NA,NA,NA,NA,NA,NA,NA,NA,NA,NA,1,1,2,,NA,NA,NA
Female,White/Caucasian,NA,NA,NA,NA,NA,NA,NA,NA,NA,NA,NA,NA,NA,NA,NA,NA,NA,NA,NA,NA,,,NA,NA,NA,NA,NA,NA,NA,NA,NA,NA,NA,NA,NA,NA,NA,NA,NA,NA,NA,NA,NA,NA,NA,NA,NA,NA,NA,NA,NA,2,2,1,,NA,NA,NA
Female,White/Caucasian,NA,NA,NA,NA,NA,NA,NA,NA,NA,NA,NA,NA,NA,NA,NA,NA,NA,NA,NA,NA,,,NA,NA,NA,NA,NA,NA,NA,NA,NA,NA,NA,NA,NA,NA,NA,NA,NA,NA,NA,NA,NA,NA,NA,NA,NA,NA,NA,NA,NA,1,2,1,,NA,NA,NA
Female,White/Caucasian,NA,NA,NA,NA,NA,NA,NA,NA,NA,NA,NA,NA,NA,NA,NA,NA,NA,NA,NA,NA,,,NA,NA,NA,NA,NA,NA,NA,NA,NA,NA,NA,NA,NA,NA,NA,NA,NA,NA,NA,NA,NA,NA,NA,NA,NA,NA,NA,NA,NA,2,1,1,,NA,NA,NA
Female,White/Caucasian,NA,NA,NA,NA,NA,NA,NA,NA,NA,NA,NA,NA,NA,NA,NA,NA,NA,NA,NA,NA,,,NA,NA,NA,NA,NA,NA,NA,NA,NA,NA,NA,NA,NA,NA,NA,NA,NA,NA,NA,NA,NA,NA,NA,NA,NA,NA,NA,NA,NA,1,2,2,,NA,NA,NA
Female,White/Caucasian,NA,NA,NA,NA,NA,NA,NA,NA,NA,NA,NA,NA,NA,NA,NA,NA,NA,NA,NA,NA,,,NA,NA,NA,NA,NA,NA,NA,NA,NA,NA,NA,NA,NA,NA,NA,NA,NA,NA,NA,NA,NA,NA,NA,NA,NA,NA,NA,NA,NA,2,2,1,,NA,NA,NA
Female,White/Caucasian,NA,NA,NA,NA,NA,NA,NA,NA,NA,NA,NA,NA,NA,NA,NA,NA,NA,NA,NA,NA,,,NA,NA,NA,NA,NA,NA,NA,NA,NA,NA,NA,NA,NA,NA,NA,NA,NA,NA,NA,NA,NA,NA,NA,NA,NA,NA,NA,NA,NA,2,1,2,,NA,NA,NA
Female,White/Caucasian,NA,NA,NA,NA,NA,NA,NA,NA,NA,NA,NA,NA,NA,NA,NA,NA,NA,NA,NA,NA,,,NA,NA,NA,NA,NA,NA,NA,NA,NA,NA,NA,NA,NA,NA,NA,NA,NA,NA,NA,NA,NA,NA,NA,NA,NA,NA,NA,NA,NA,2,2,2,,NA,NA,NA
NA,NA,NA,NA,NA,NA,NA,NA,NA,NA,NA,NA,NA,NA,NA,NA,NA,NA,NA,NA,NA,NA,,,NA,NA,NA,NA,NA,NA,NA,NA,NA,NA,NA,NA,NA,NA,NA,NA,NA,NA,NA,NA,NA,NA,NA,NA,NA,NA,NA,NA,NA,1,2,1,,NA,NA,NA
Female,White/Caucasian,NA,NA,NA,NA,NA,NA,NA,NA,NA,NA,NA,NA,NA,NA,NA,NA,NA,NA,NA,NA,,,NA,NA,NA,NA,NA,NA,NA,NA,NA,NA,NA,NA,NA,NA,NA,NA,NA,NA,NA,NA,NA,NA,NA,NA,NA,NA,NA,NA,NA,1,1,1,,NA,NA,NA
Female,White/Caucasian,NA,NA,NA,NA,NA,NA,NA,NA,NA,NA,NA,NA,NA,NA,NA,NA,NA,NA,NA,NA,,,NA,NA,NA,NA,NA,NA,NA,NA,NA,NA,NA,NA,NA,NA,NA,NA,NA,NA,NA,NA,NA,NA,NA,NA,NA,NA,NA,NA,NA,2,2,1,,NA,NA,NA
Female,White/Caucasian,NA,NA,NA,NA,NA,NA,NA,NA,NA,NA,NA,NA,NA,NA,NA,NA,NA,NA,NA,NA,,,NA,NA,NA,NA,NA,NA,NA,NA,NA,NA,NA,NA,NA,NA,NA,NA,NA,NA,NA,NA,NA,NA,NA,NA,NA,NA,NA,NA,NA,1,1,2,,NA,NA,NA
Female,White/Caucasian,"60,000 – 69,999",2-year College Degree,Republican,NA,Strong Republican,NA,60,No,Yes,Yes,TRUE,FALSE,TRUE,TRUE,TRUE,FALSE,FALSE,FALSE,TRUE,FALSE,36,76,NA,NA,NA,NA,NA,NA,NA,NA,NA,NA,NA,NA,NA,NA,NA,NA,NA,NA,NA,NA,NA,NA,NA,NA,NA,NA,NA,NA,NA,2,2,1,,Democrat,Republican,NA
NA,NA,NA,NA,NA,NA,NA,NA,NA,NA,NA,NA,NA,NA,NA,NA,NA,NA,NA,NA,NA,NA,,,NA,NA,NA,NA,NA,NA,NA,NA,NA,NA,NA,NA,NA,NA,NA,NA,NA,NA,NA,NA,NA,NA,NA,NA,NA,NA,NA,NA,NA,1,1,1,,NA,NA,NA
Female,White/Caucasian,NA,NA,NA,NA,NA,NA,NA,NA,NA,NA,NA,NA,NA,NA,NA,NA,NA,NA,NA,NA,,,NA,NA,NA,NA,NA,NA,NA,NA,NA,NA,NA,NA,NA,NA,NA,NA,NA,NA,NA,NA,NA,NA,NA,NA,NA,NA,NA,NA,NA,2,1,1,,NA,NA,NA
Female,White/Caucasian,NA,NA,NA,NA,NA,NA,NA,NA,NA,NA,NA,NA,NA,NA,NA,NA,NA,NA,NA,NA,,,NA,NA,NA,NA,NA,NA,NA,NA,NA,NA,NA,NA,NA,NA,NA,NA,NA,NA,NA,NA,NA,NA,NA,NA,NA,NA,NA,NA,NA,2,1,1,,NA,NA,NA
Female,White/Caucasian,NA,NA,NA,NA,NA,NA,NA,NA,NA,NA,NA,NA,NA,NA,NA,NA,NA,NA,NA,NA,,,NA,NA,NA,NA,NA,NA,NA,NA,NA,NA,NA,NA,NA,NA,NA,NA,NA,NA,NA,NA,NA,NA,NA,NA,NA,NA,NA,NA,NA,1,1,1,,NA,NA,NA
Female,White/Caucasian,NA,NA,NA,NA,NA,NA,NA,NA,NA,NA,NA,NA,NA,NA,NA,NA,NA,NA,NA,NA,,,NA,NA,NA,NA,NA,NA,NA,NA,NA,NA,NA,NA,NA,NA,NA,NA,NA,NA,NA,NA,NA,NA,NA,NA,NA,NA,NA,NA,NA,2,1,1,,NA,NA,NA
NA,NA,NA,NA,NA,NA,NA,NA,NA,NA,NA,NA,NA,NA,NA,NA,NA,NA,NA,NA,NA,NA,,,NA,NA,NA,NA,NA,NA,NA,NA,NA,NA,NA,NA,NA,NA,NA,NA,NA,NA,NA,NA,NA,NA,NA,NA,NA,NA,NA,NA,NA,1,1,2,,NA,NA,NA
Female,White/Caucasian,NA,NA,NA,NA,NA,NA,NA,NA,NA,NA,NA,NA,NA,NA,NA,NA,NA,NA,NA,NA,,,NA,NA,NA,NA,NA,NA,NA,NA,NA,NA,NA,NA,NA,NA,NA,NA,NA,NA,NA,NA,NA,NA,NA,NA,NA,NA,NA,NA,NA,2,2,2,,NA,NA,NA
NA,NA,NA,NA,NA,NA,NA,NA,NA,NA,NA,NA,NA,NA,NA,NA,NA,NA,NA,NA,NA,NA,,,NA,NA,NA,NA,NA,NA,NA,NA,NA,NA,NA,NA,NA,NA,NA,NA,NA,NA,NA,NA,NA,NA,NA,NA,NA,NA,NA,NA,NA,1,1,1,,NA,NA,NA
Female,White/Caucasian,NA,NA,NA,NA,NA,NA,NA,NA,NA,NA,NA,NA,NA,NA,NA,NA,NA,NA,NA,NA,,,NA,NA,NA,NA,NA,NA,NA,NA,NA,NA,NA,NA,NA,NA,NA,NA,NA,NA,NA,NA,NA,NA,NA,NA,NA,NA,NA,NA,NA,1,1,2,,NA,NA,NA
Female,White/Caucasian,NA,NA,NA,NA,NA,NA,NA,NA,NA,NA,NA,NA,NA,NA,NA,NA,NA,NA,NA,NA,,,NA,NA,NA,NA,NA,NA,NA,NA,NA,NA,NA,NA,NA,NA,NA,NA,NA,NA,NA,NA,NA,NA,NA,NA,NA,NA,NA,NA,NA,1,1,1,,NA,NA,NA
NA,NA,NA,NA,NA,NA,NA,NA,NA,NA,NA,NA,NA,NA,NA,NA,NA,NA,NA,NA,NA,NA,,,NA,NA,NA,NA,NA,NA,NA,NA,NA,NA,NA,NA,NA,NA,NA,NA,NA,NA,NA,NA,NA,NA,NA,NA,NA,NA,NA,NA,NA,1,2,2,,NA,NA,NA
NA,NA,NA,NA,NA,NA,NA,NA,NA,NA,NA,NA,NA,NA,NA,NA,NA,NA,NA,NA,NA,NA,,,NA,NA,NA,NA,NA,NA,NA,NA,NA,NA,NA,NA,NA,NA,NA,NA,NA,NA,NA,NA,NA,NA,NA,NA,NA,NA,NA,NA,NA,2,2,1,,NA,NA,NA
NA,NA,NA,NA,NA,NA,NA,NA,NA,NA,NA,NA,NA,NA,NA,NA,NA,NA,NA,NA,NA,NA,,,NA,NA,NA,NA,NA,NA,NA,NA,NA,NA,NA,NA,NA,NA,NA,NA,NA,NA,NA,NA,NA,NA,NA,NA,NA,NA,NA,NA,NA,1,1,1,,NA,NA,NA
Female,White/Caucasian,NA,NA,NA,NA,NA,NA,NA,NA,NA,NA,NA,NA,NA,NA,NA,NA,NA,NA,NA,NA,,,NA,NA,NA,NA,NA,NA,NA,NA,NA,NA,NA,NA,NA,NA,NA,NA,NA,NA,NA,NA,NA,NA,NA,NA,NA,NA,NA,NA,NA,2,2,1,,NA,NA,NA
NA,NA,NA,NA,NA,NA,NA,NA,NA,NA,NA,NA,NA,NA,NA,NA,NA,NA,NA,NA,NA,NA,,,NA,NA,NA,NA,NA,NA,NA,NA,NA,NA,NA,NA,NA,NA,NA,NA,NA,NA,NA,NA,NA,NA,NA,NA,NA,NA,NA,NA,NA,1,2,2,,NA,NA,NA
NA,NA,NA,NA,NA,NA,NA,NA,NA,NA,NA,NA,NA,NA,NA,NA,NA,NA,NA,NA,NA,NA,,,NA,NA,NA,NA,NA,NA,NA,NA,NA,NA,NA,NA,NA,NA,NA,NA,NA,NA,NA,NA,NA,NA,NA,NA,NA,NA,NA,NA,NA,1,2,2,,NA,NA,NA
Male,Native American,"Less than 30,000",Some College,Republican,NA,Not a strong Republican,NA,22,NA,NA,NA,TRUE,TRUE,TRUE,FALSE,FALSE,TRUE,FALSE,FALSE,FALSE,TRUE,49,57,NA,NA,NA,NA,NA,NA,NA,NA,NA,NA,NA,NA,NA,NA,NA,NA,NA,NA,NA,NA,NA,NA,NA,NA,NA,NA,NA,NA,NA,2,2,1,,Democrat,Republican,NA
Female,White/Caucasian,NA,NA,NA,NA,NA,NA,NA,NA,NA,NA,NA,NA,NA,NA,NA,NA,NA,NA,NA,NA,,,NA,NA,NA,NA,NA,NA,NA,NA,NA,NA,NA,NA,NA,NA,NA,NA,NA,NA,NA,NA,NA,NA,NA,NA,NA,NA,NA,NA,NA,2,1,2,,NA,NA,NA
NA,NA,NA,NA,NA,NA,NA,NA,NA,NA,NA,NA,NA,NA,NA,NA,NA,NA,NA,NA,NA,NA,,,NA,NA,NA,NA,NA,NA,NA,NA,NA,NA,NA,NA,NA,NA,NA,NA,NA,NA,NA,NA,NA,NA,NA,NA,NA,NA,NA,NA,NA,2,2,1,,NA,NA,NA
NA,NA,NA,NA,NA,NA,NA,NA,NA,NA,NA,NA,NA,NA,NA,NA,NA,NA,NA,NA,NA,NA,,,NA,NA,NA,NA,NA,NA,NA,NA,NA,NA,NA,NA,NA,NA,NA,NA,NA,NA,NA,NA,NA,NA,NA,NA,NA,NA,NA,NA,NA,2,2,2,,NA,NA,NA
NA,NA,NA,NA,NA,NA,NA,NA,NA,NA,NA,NA,NA,NA,NA,NA,NA,NA,NA,NA,NA,NA,,,NA,NA,NA,NA,NA,NA,NA,NA,NA,NA,NA,NA,NA,NA,NA,NA,NA,NA,NA,NA,NA,NA,NA,NA,NA,NA,NA,NA,NA,2,1,1,,NA,NA,NA
NA,NA,NA,NA,NA,NA,NA,NA,NA,NA,NA,NA,NA,NA,NA,NA,NA,NA,NA,NA,NA,NA,,,NA,NA,NA,NA,NA,NA,NA,NA,NA,NA,NA,NA,NA,NA,NA,NA,NA,NA,NA,NA,NA,NA,NA,NA,NA,NA,NA,NA,NA,2,1,2,,NA,NA,NA
Female,White/Caucasian,"Less than 30,000",High School / GED,Independent,Democratic Party,NA,NA,49,Yes,No,No,FALSE,FALSE,TRUE,TRUE,TRUE,TRUE,TRUE,TRUE,TRUE,TRUE,80,0,Neither agree nor disagree,Strongly agree,Neither agree nor disagree,No,Yes,1 - Not at all,2,3,4,4,3,5- Very like me,3,2,4,4,4,5- Very like me,NA,NA,NA,NA,NA,NA,NA,NA,NA,NA,NA,2,2,2,,Republican,Democrat,murder
Female,White/Caucasian,"Less than 30,000",Less than High School,Democrat,NA,NA,Not a strong Democrat,37,No,No,No,TRUE,TRUE,TRUE,TRUE,TRUE,TRUE,FALSE,TRUE,TRUE,TRUE,,,NA,NA,NA,NA,NA,NA,NA,NA,NA,NA,NA,NA,NA,NA,NA,NA,NA,NA,NA,NA,NA,NA,NA,NA,NA,NA,NA,NA,NA,2,1,1,,NA,NA,NA
Male,White/Caucasian,"100,000 or more",Masters Degree,Democrat,NA,NA,Strong Democrat,35,No,No,Yes,FALSE,TRUE,TRUE,TRUE,TRUE,FALSE,FALSE,TRUE,FALSE,TRUE,92,75,Strongly disagree,Strongly disagree,Strongly disagree,No,No,1 - Not at all,3,4,3,3,3,4,3,4,3,4,3,3,NA,NA,NA,NA,NA,NA,NA,NA,NA,NA,NA,2,2,2,,Republican,Democrat,protesting without a permit
NA,NA,NA,NA,NA,NA,NA,NA,NA,NA,NA,NA,NA,NA,NA,NA,NA,NA,NA,NA,NA,NA,,,NA,NA,NA,NA,NA,NA,NA,NA,NA,NA,NA,NA,NA,NA,NA,NA,NA,NA,NA,NA,NA,NA,NA,NA,NA,NA,NA,NA,NA,1,1,1,,NA,NA,NA
Female,White/Caucasian,"90,000 – 99,999",4-year College Degree,Democrat,NA,NA,Not a strong Democrat,62,No,No,Yes,FALSE,TRUE,TRUE,TRUE,TRUE,FALSE,FALSE,FALSE,FALSE,FALSE,,,NA,NA,NA,NA,NA,NA,NA,NA,NA,NA,NA,NA,NA,NA,NA,NA,NA,NA,NA,NA,NA,NA,NA,NA,NA,NA,NA,NA,NA,1,1,1,,Republican,Democrat,NA
Female,White/Caucasian,"100,000 or more","Professional Degree (JD, MD)",Democrat,NA,NA,Strong Democrat,38,NA,NA,NA,NA,NA,NA,NA,NA,NA,NA,NA,NA,NA,,,NA,NA,NA,NA,NA,NA,NA,NA,NA,NA,NA,NA,NA,NA,NA,NA,NA,NA,NA,NA,NA,NA,NA,NA,NA,NA,NA,NA,NA,2,2,2,,NA,NA,NA
NA,NA,NA,NA,NA,NA,NA,NA,NA,NA,NA,NA,NA,NA,NA,NA,NA,NA,NA,NA,NA,NA,,,NA,NA,NA,NA,NA,NA,NA,NA,NA,NA,NA,NA,NA,NA,NA,NA,NA,NA,NA,NA,NA,NA,NA,NA,NA,NA,NA,NA,NA,2,2,2,,NA,NA,NA
Female,White/Caucasian,"50,000 – 59,999",4-year College Degree,Democrat,NA,NA,Strong Democrat,26,No,No,Yes,FALSE,NA,TRUE,NA,NA,FALSE,TRUE,NA,TRUE,NA,,,NA,NA,NA,NA,NA,NA,NA,NA,NA,NA,NA,NA,NA,NA,NA,NA,NA,NA,NA,NA,NA,NA,NA,NA,NA,NA,NA,NA,NA,2,2,2,,NA,NA,NA
NA,NA,NA,NA,NA,NA,NA,NA,NA,NA,NA,NA,NA,NA,NA,NA,NA,NA,NA,NA,NA,NA,,,NA,NA,NA,NA,NA,NA,NA,NA,NA,NA,NA,NA,NA,NA,NA,NA,NA,NA,NA,NA,NA,NA,NA,NA,NA,NA,NA,NA,NA,2,1,2,,NA,NA,NA
NA,NA,NA,NA,NA,NA,NA,NA,NA,NA,NA,NA,NA,NA,NA,NA,NA,NA,NA,NA,NA,NA,,,NA,NA,NA,NA,NA,NA,NA,NA,NA,NA,NA,NA,NA,NA,NA,NA,NA,NA,NA,NA,NA,NA,NA,NA,NA,NA,NA,NA,NA,1,2,2,,NA,NA,NA
NA,NA,NA,NA,NA,NA,NA,NA,NA,NA,NA,NA,NA,NA,NA,NA,NA,NA,NA,NA,NA,NA,,,NA,NA,NA,NA,NA,NA,NA,NA,NA,NA,NA,NA,NA,NA,NA,NA,NA,NA,NA,NA,NA,NA,NA,NA,NA,NA,NA,NA,NA,2,1,2,,NA,NA,NA
NA,NA,NA,NA,NA,NA,NA,NA,NA,NA,NA,NA,NA,NA,NA,NA,NA,NA,NA,NA,NA,NA,,,NA,NA,NA,NA,NA,NA,NA,NA,NA,NA,NA,NA,NA,NA,NA,NA,NA,NA,NA,NA,NA,NA,NA,NA,NA,NA,NA,NA,NA,2,1,2,,NA,NA,NA
Male,White/Caucasian,"100,000 or more",Doctoral Degree,Republican,NA,Not a strong Republican,NA,73,No,Yes,No,FALSE,FALSE,TRUE,TRUE,TRUE,FALSE,FALSE,FALSE,FALSE,FALSE,25,75,Neither agree nor disagree,Somewhat disagree,Neither agree nor disagree,No,No,1 - Not at all,1- Very unlike me,3,1- Very unlike me,1- Very unlike me,3,1- Very unlike me,2,1- Very unlike me,3,2,1- Very unlike me,1- Very unlike me,NA,NA,NA,NA,Oregon,NA,NA,NA,NA,NA,NA,1,2,2,,Democrat,Republican,NA
Female,White/Caucasian,NA,NA,NA,NA,NA,NA,NA,NA,NA,NA,NA,NA,NA,NA,NA,NA,NA,NA,NA,NA,,,NA,NA,NA,NA,NA,NA,NA,NA,NA,NA,NA,NA,NA,NA,NA,NA,NA,NA,NA,NA,NA,NA,NA,NA,NA,NA,NA,NA,NA,2,1,2,,NA,NA,NA
Male,White/Caucasian,"60,000 – 69,999",High School / GED,Republican,NA,Strong Republican,NA,82,NA,NA,NA,FALSE,TRUE,TRUE,FALSE,FALSE,TRUE,FALSE,FALSE,TRUE,FALSE,,,NA,NA,NA,NA,NA,NA,NA,NA,NA,NA,NA,NA,NA,NA,NA,NA,NA,NA,NA,NA,NA,NA,NA,NA,NA,NA,NA,NA,NA,2,1,1,,Democrat,Republican,NA
Female,White/Caucasian,"100,000 or more",Some College,Democrat,NA,NA,Strong Democrat,20,No,No,Yes,NA,NA,NA,NA,NA,NA,NA,NA,NA,NA,,,NA,NA,NA,NA,NA,NA,NA,NA,NA,NA,NA,NA,NA,NA,NA,NA,NA,NA,NA,NA,NA,NA,NA,NA,NA,NA,NA,NA,NA,2,2,2,,NA,NA,NA
NA,NA,NA,NA,NA,NA,NA,NA,NA,NA,NA,NA,NA,NA,NA,NA,NA,NA,NA,NA,NA,NA,,,NA,NA,NA,NA,NA,NA,NA,NA,NA,NA,NA,NA,NA,NA,NA,NA,NA,NA,NA,NA,NA,NA,NA,NA,NA,NA,NA,NA,NA,1,2,1,,NA,NA,NA
NA,NA,NA,NA,NA,NA,NA,NA,NA,NA,NA,NA,NA,NA,NA,NA,NA,NA,NA,NA,NA,NA,,,NA,NA,NA,NA,NA,NA,NA,NA,NA,NA,NA,NA,NA,NA,NA,NA,NA,NA,NA,NA,NA,NA,NA,NA,NA,NA,NA,NA,NA,1,1,2,,NA,NA,NA
Female,White/Caucasian,"Less than 30,000",High School / GED,Republican,NA,Strong Republican,NA,57,NA,NA,NA,FALSE,TRUE,TRUE,TRUE,TRUE,FALSE,TRUE,TRUE,FALSE,TRUE,56,68,Somewhat agree,Somewhat agree,Somewhat agree,No,Yes,4,4,4,3,4,4,4,4,3,2,4,4,3,Florida,Neither support nor oppose,Justified,No,NA,NA,NA,NA,NA,NA,NA,1,2,1,,Democrat,Republican,NA
Female,White/Caucasian,"40,000 – 49,999",4-year College Degree,Democrat,NA,NA,Strong Democrat,66,No,Yes,Yes,FALSE,FALSE,TRUE,FALSE,TRUE,TRUE,FALSE,TRUE,TRUE,FALSE,100,12,NA,NA,NA,NA,NA,NA,NA,NA,NA,NA,NA,NA,NA,NA,NA,NA,NA,NA,NA,NA,NA,NA,NA,NA,NA,NA,NA,NA,NA,2,2,1,,Republican,Democrat,NA
NA,NA,NA,NA,NA,NA,NA,NA,NA,NA,NA,NA,NA,NA,NA,NA,NA,NA,NA,NA,NA,NA,,,NA,NA,NA,NA,NA,NA,NA,NA,NA,NA,NA,NA,NA,NA,NA,NA,NA,NA,NA,NA,NA,NA,NA,NA,NA,NA,NA,NA,NA,1,2,2,,NA,NA,NA
Female,White/Caucasian,"80,000 – 89,999",4-year College Degree,Democrat,NA,NA,Strong Democrat,44,No,Yes,Yes,FALSE,TRUE,TRUE,TRUE,TRUE,TRUE,FALSE,TRUE,FALSE,FALSE,100,51,NA,NA,NA,NA,NA,NA,NA,NA,NA,NA,NA,NA,NA,NA,NA,NA,NA,NA,NA,NA,NA,NA,NA,NA,NA,NA,NA,NA,NA,1,2,2,,Republican,Democrat,NA
Female,White/Caucasian,"80,000 – 89,999",High School / GED,Democrat,NA,NA,Strong Democrat,49,NA,NA,NA,TRUE,TRUE,TRUE,TRUE,TRUE,FALSE,FALSE,FALSE,FALSE,FALSE,100,30,NA,NA,NA,NA,NA,NA,NA,NA,NA,NA,NA,NA,NA,NA,NA,NA,NA,NA,NA,NA,NA,NA,NA,NA,NA,NA,NA,NA,NA,1,1,1,,Republican,Democrat,NA
Female,White/Caucasian,"30,000 – 39,999",High School / GED,Democrat,NA,NA,Strong Democrat,20,No,No,Yes,FALSE,TRUE,TRUE,FALSE,TRUE,TRUE,TRUE,TRUE,TRUE,TRUE,100,15,Neither agree nor disagree,Strongly disagree,Neither agree nor disagree,No,No,1 - Not at all,2,4,4,4,3,3,4,3,5- Very like me,5- Very like me,5- Very like me,4,NA,NA,NA,NA,NA,NA,NA,NA,NA,NA,NA,1,1,2,,Republican,Democrat,NA
Female,White/Caucasian,NA,NA,NA,NA,NA,NA,NA,NA,NA,NA,NA,NA,NA,NA,NA,NA,NA,NA,NA,NA,,,NA,NA,NA,NA,NA,NA,NA,NA,NA,NA,NA,NA,NA,NA,NA,NA,NA,NA,NA,NA,NA,NA,NA,NA,NA,NA,NA,NA,NA,1,1,1,,NA,NA,NA
Male,White/Caucasian,"90,000 – 99,999",2-year College Degree,Democrat,NA,NA,Strong Democrat,58,NA,NA,NA,FALSE,TRUE,TRUE,TRUE,TRUE,FALSE,FALSE,FALSE,TRUE,FALSE,73,20,NA,NA,NA,NA,NA,NA,NA,NA,NA,NA,NA,NA,NA,NA,NA,NA,NA,NA,NA,NA,NA,NA,NA,NA,NA,NA,NA,NA,NA,2,1,2,,Republican,Democrat,NA
Male,White/Caucasian,"Less than 30,000",2-year College Degree,Independent,Republican Party,NA,NA,25,NA,NA,NA,TRUE,TRUE,TRUE,TRUE,TRUE,TRUE,TRUE,TRUE,TRUE,TRUE,73,77,NA,NA,NA,NA,NA,NA,NA,NA,NA,NA,NA,NA,NA,NA,NA,NA,NA,NA,NA,NA,NA,NA,NA,NA,NA,NA,NA,NA,NA,1,1,1,,Democrat,Republican,NA
NA,NA,NA,NA,NA,NA,NA,NA,NA,NA,NA,NA,NA,NA,NA,NA,NA,NA,NA,NA,NA,NA,,,NA,NA,NA,NA,NA,NA,NA,NA,NA,NA,NA,NA,NA,NA,NA,NA,NA,NA,NA,NA,NA,NA,NA,NA,NA,NA,NA,NA,NA,2,2,1,,NA,NA,NA
Male,White/Caucasian,"80,000 – 89,999",High School / GED,Democrat,NA,NA,Strong Democrat,30,NA,NA,NA,FALSE,TRUE,FALSE,TRUE,TRUE,FALSE,FALSE,FALSE,FALSE,FALSE,100,0,NA,NA,NA,NA,NA,NA,NA,NA,NA,NA,NA,NA,NA,NA,NA,NA,NA,NA,NA,NA,NA,NA,NA,NA,NA,NA,NA,NA,NA,1,1,2,,Republican,Democrat,NA
Female,White/Caucasian,"Less than 30,000",High School / GED,Democrat,NA,NA,Not a strong Democrat,53,No,No,No,FALSE,TRUE,TRUE,TRUE,TRUE,TRUE,TRUE,TRUE,TRUE,TRUE,100,15,Neither agree nor disagree,Somewhat disagree,Neither agree nor disagree,No,No,3,1- Very unlike me,3,4,4,2,3,3,1- Very unlike me,3,1- Very unlike me,4,3,NA,NA,NA,NA,NA,NA,NA,NA,NA,NA,NA,2,2,2,,Republican,Democrat,vandalism
Female,White/Caucasian,"100,000 or more",2-year College Degree,Democrat,NA,NA,Strong Democrat,62,NA,NA,NA,FALSE,TRUE,TRUE,TRUE,TRUE,FALSE,FALSE,TRUE,FALSE,FALSE,100,8,NA,NA,NA,NA,NA,NA,NA,NA,NA,NA,NA,NA,NA,NA,NA,NA,NA,NA,NA,NA,NA,NA,NA,NA,NA,NA,NA,NA,NA,2,1,2,,Republican,Democrat,NA
Male,White/Caucasian,"90,000 – 99,999",4-year College Degree,Democrat,NA,NA,Strong Democrat,40,NA,NA,NA,TRUE,TRUE,NA,NA,TRUE,NA,NA,TRUE,NA,FALSE,,,NA,NA,NA,NA,NA,NA,NA,NA,NA,NA,NA,NA,NA,NA,NA,NA,NA,NA,NA,NA,NA,NA,NA,NA,NA,NA,NA,NA,NA,2,2,2,,NA,NA,NA
Male,White/Caucasian,"40,000 – 49,999",High School / GED,NA,NA,NA,NA,NA,NA,NA,NA,NA,NA,NA,NA,NA,NA,NA,NA,NA,NA,,,NA,NA,NA,NA,NA,NA,NA,NA,NA,NA,NA,NA,NA,NA,NA,NA,NA,NA,NA,NA,NA,NA,NA,NA,NA,NA,NA,NA,NA,1,2,1,,NA,NA,NA
Female,White/Caucasian,"40,000 – 49,999",Masters Degree,Democrat,NA,NA,Strong Democrat,50,Yes,Yes,No,FALSE,TRUE,TRUE,TRUE,TRUE,TRUE,FALSE,TRUE,TRUE,FALSE,95,5,Somewhat agree,Strongly disagree,Somewhat disagree,No,No,1 - Not at all,1- Very unlike me,3,3,1- Very unlike me,1- Very unlike me,1- Very unlike me,1- Very unlike me,1- Very unlike me,1- Very unlike me,1- Very unlike me,1- Very unlike me,1- Very unlike me,NA,NA,NA,NA,NA,NA,NA,NA,Oregon,Community service,Neither support nor oppose,2,2,2,,Republican,Democrat,vandalism
Male,White/Caucasian,NA,NA,NA,NA,NA,NA,NA,NA,NA,NA,NA,NA,NA,NA,NA,NA,NA,NA,NA,NA,,,NA,NA,NA,NA,NA,NA,NA,NA,NA,NA,NA,NA,NA,NA,NA,NA,NA,NA,NA,NA,NA,NA,NA,NA,NA,NA,NA,NA,NA,2,2,2,,NA,NA,NA
NA,NA,NA,NA,NA,NA,NA,NA,NA,NA,NA,NA,NA,NA,NA,NA,NA,NA,NA,NA,NA,NA,,,NA,NA,NA,NA,NA,NA,NA,NA,NA,NA,NA,NA,NA,NA,NA,NA,NA,NA,NA,NA,NA,NA,NA,NA,NA,NA,NA,NA,NA,1,2,1,,NA,NA,NA
Female,White/Caucasian,"Less than 30,000",High School / GED,Democrat,NA,NA,Not a strong Democrat,39,NA,NA,NA,NA,NA,NA,NA,NA,NA,NA,NA,NA,NA,,,NA,NA,NA,NA,NA,NA,NA,NA,NA,NA,NA,NA,NA,NA,NA,NA,NA,NA,NA,NA,NA,NA,NA,NA,NA,NA,NA,NA,NA,2,2,1,,NA,NA,NA
Female,White/Caucasian,"80,000 – 89,999",Masters Degree,Democrat,NA,NA,Not a strong Democrat,75,No,No,Yes,NA,NA,NA,NA,NA,NA,NA,NA,NA,NA,,,NA,NA,NA,NA,NA,NA,NA,NA,NA,NA,NA,NA,NA,NA,NA,NA,NA,NA,NA,NA,NA,NA,NA,NA,NA,NA,NA,NA,NA,2,2,2,,NA,NA,NA
Male,White/Caucasian,"100,000 or more",4-year College Degree,Republican,NA,Not a strong Republican,NA,43,No,No,No,TRUE,TRUE,TRUE,FALSE,TRUE,TRUE,TRUE,TRUE,TRUE,TRUE,,,NA,NA,NA,NA,NA,NA,NA,NA,NA,NA,NA,NA,NA,NA,NA,NA,NA,NA,NA,NA,NA,NA,NA,NA,NA,NA,NA,NA,NA,1,1,2,,Democrat,Republican,NA
Male,White/Caucasian,"Less than 30,000",High School / GED,Republican,NA,Not a strong Republican,NA,38,NA,NA,NA,NA,NA,NA,NA,NA,NA,NA,NA,NA,NA,,,NA,NA,NA,NA,NA,NA,NA,NA,NA,NA,NA,NA,NA,NA,NA,NA,NA,NA,NA,NA,NA,NA,NA,NA,NA,NA,NA,NA,NA,2,2,2,,NA,NA,NA
Female,White/Caucasian,"30,000 – 39,999",2-year College Degree,Republican,NA,Strong Republican,NA,81,No,No,No,TRUE,TRUE,TRUE,TRUE,TRUE,FALSE,FALSE,FALSE,FALSE,FALSE,51,99,Neither agree nor disagree,Strongly disagree,Strongly disagree,No,No,1 - Not at all,NA,NA,NA,NA,NA,NA,NA,NA,NA,NA,NA,NA,NA,NA,NA,NA,NA,NA,NA,NA,NA,NA,NA,2,1,1,,Democrat,Republican,NA
Female,White/Caucasian,"50,000 – 59,999",Less than High School,Republican,NA,NA,NA,NA,NA,NA,NA,NA,NA,NA,NA,NA,NA,NA,NA,NA,NA,,,NA,NA,NA,NA,NA,NA,NA,NA,NA,NA,NA,NA,NA,NA,NA,NA,NA,NA,NA,NA,NA,NA,NA,NA,NA,NA,NA,NA,NA,2,2,1,,NA,NA,NA
Female,White/Caucasian,"90,000 – 99,999",Masters Degree,Republican,NA,Strong Republican,NA,38,NA,NA,NA,TRUE,TRUE,TRUE,TRUE,TRUE,FALSE,TRUE,TRUE,FALSE,FALSE,53,72,Strongly disagree,Strongly disagree,Strongly disagree,No,No,1 - Not at all,3,1- Very unlike me,4,1- Very unlike me,1- Very unlike me,2,1- Very unlike me,1- Very unlike me,3,2,4,2,NA,NA,NA,NA,NA,NA,NA,NA,NA,NA,NA,1,1,1,,Democrat,Republican,NA
NA,NA,NA,NA,NA,NA,NA,NA,NA,NA,NA,NA,NA,NA,NA,NA,NA,NA,NA,NA,NA,NA,,,NA,NA,NA,NA,NA,NA,NA,NA,NA,NA,NA,NA,NA,NA,NA,NA,NA,NA,NA,NA,NA,NA,NA,NA,NA,NA,NA,NA,NA,1,1,2,,NA,NA,NA
NA,NA,NA,NA,NA,NA,NA,NA,NA,NA,NA,NA,NA,NA,NA,NA,NA,NA,NA,NA,NA,NA,,,NA,NA,NA,NA,NA,NA,NA,NA,NA,NA,NA,NA,NA,NA,NA,NA,NA,NA,NA,NA,NA,NA,NA,NA,NA,NA,NA,NA,NA,2,1,2,,NA,NA,NA
Female,White/Caucasian,"50,000 – 59,999",4-year College Degree,Republican,NA,Not a strong Republican,NA,57,No,No,Yes,TRUE,FALSE,TRUE,FALSE,TRUE,TRUE,FALSE,FALSE,TRUE,TRUE,40,61,NA,NA,NA,NA,NA,NA,NA,NA,NA,NA,NA,NA,NA,NA,NA,NA,NA,NA,NA,NA,NA,NA,NA,NA,NA,NA,NA,NA,NA,2,2,1,,Democrat,Republican,NA
Male,White/Caucasian,"40,000 – 49,999",Masters Degree,Democrat,NA,NA,Strong Democrat,77,No,Yes,Yes,FALSE,TRUE,TRUE,TRUE,TRUE,TRUE,FALSE,FALSE,FALSE,FALSE,100,19,Somewhat agree,Neither agree nor disagree,Neither agree nor disagree,No,No,1 - Not at all,2,3,4,2,2,3,1- Very unlike me,1- Very unlike me,2,1- Very unlike me,2,1- Very unlike me,NA,NA,NA,NA,NA,NA,NA,NA,NA,NA,NA,2,2,1,,Republican,Democrat,arson
Female,White/Caucasian,"60,000 – 69,999",High School / GED,Democrat,NA,NA,Strong Democrat,71,NA,NA,NA,FALSE,TRUE,TRUE,TRUE,TRUE,TRUE,TRUE,TRUE,TRUE,TRUE,92,0,Strongly agree,Somewhat agree,Neither agree nor disagree,No,Yes,1 - Not at all,1- Very unlike me,3,3,1- Very unlike me,3,3,3,1- Very unlike me,1- Very unlike me,2,3,2,NA,NA,NA,NA,NA,NA,NA,NA,NA,NA,NA,2,2,2,,Republican,Democrat,murder
Male,White/Caucasian,"100,000 or more",Masters Degree,Democrat,NA,NA,Strong Democrat,40,No,No,Yes,TRUE,TRUE,TRUE,TRUE,FALSE,FALSE,FALSE,FALSE,FALSE,FALSE,100,53,Neither agree nor disagree,Neither agree nor disagree,Neither agree nor disagree,No,No,1 - Not at all,1- Very unlike me,1- Very unlike me,5- Very like me,1- Very unlike me,1- Very unlike me,1- Very unlike me,1- Very unlike me,1- Very unlike me,1- Very unlike me,1- Very unlike me,1- Very unlike me,1- Very unlike me,NA,NA,NA,NA,NA,NA,NA,NA,NA,NA,NA,1,2,2,,Republican,Democrat,NA
Female,White/Caucasian,"30,000 – 39,999",Some College,Democrat,NA,NA,Strong Democrat,33,No,No,Yes,FALSE,FALSE,TRUE,TRUE,TRUE,TRUE,FALSE,TRUE,TRUE,TRUE,100,7,Neither agree nor disagree,Somewhat disagree,Neither agree nor disagree,No,No,1 - Not at all,1- Very unlike me,2,2,1- Very unlike me,1- Very unlike me,1- Very unlike me,1- Very unlike me,1- Very unlike me,1- Very unlike me,2,2,2,NA,NA,NA,NA,NA,NA,NA,NA,NA,NA,NA,2,2,2,,Republican,Democrat,vandalism
NA,NA,NA,NA,NA,NA,NA,NA,NA,NA,NA,NA,NA,NA,NA,NA,NA,NA,NA,NA,NA,NA,,,NA,NA,NA,NA,NA,NA,NA,NA,NA,NA,NA,NA,NA,NA,NA,NA,NA,NA,NA,NA,NA,NA,NA,NA,NA,NA,NA,NA,NA,2,1,2,,NA,NA,NA
NA,NA,NA,NA,NA,NA,NA,NA,NA,NA,NA,NA,NA,NA,NA,NA,NA,NA,NA,NA,NA,NA,,,NA,NA,NA,NA,NA,NA,NA,NA,NA,NA,NA,NA,NA,NA,NA,NA,NA,NA,NA,NA,NA,NA,NA,NA,NA,NA,NA,NA,NA,2,1,1,,NA,NA,NA
Female,White/Caucasian,"50,000 – 59,999",High School / GED,Democrat,NA,NA,Not a strong Democrat,37,No,No,Yes,FALSE,TRUE,TRUE,TRUE,TRUE,TRUE,FALSE,TRUE,FALSE,FALSE,65,31,Neither agree nor disagree,Neither agree nor disagree,Neither agree nor disagree,No,No,1 - Not at all,1- Very unlike me,2,4,1- Very unlike me,1- Very unlike me,4,1- Very unlike me,1- Very unlike me,1- Very unlike me,1- Very unlike me,3,2,NA,NA,NA,NA,NA,NA,NA,NA,NA,NA,NA,1,1,2,,Republican,Democrat,NA
Male,White/Caucasian,"100,000 or more","Professional Degree (JD, MD)",Democrat,NA,NA,Strong Democrat,38,NA,NA,NA,TRUE,FALSE,TRUE,TRUE,TRUE,TRUE,TRUE,TRUE,TRUE,TRUE,77,80,Somewhat agree,Strongly agree,Somewhat agree,Yes,Yes,4,NA,NA,NA,NA,NA,NA,NA,NA,NA,NA,NA,NA,NA,NA,NA,NA,NA,NA,NA,NA,NA,NA,NA,1,1,1,,Republican,Democrat,NA
Female,White/Caucasian,"Less than 30,000",2-year College Degree,Democrat,NA,NA,Not a strong Democrat,53,No,No,Yes,FALSE,TRUE,TRUE,TRUE,FALSE,FALSE,FALSE,TRUE,FALSE,TRUE,,57,NA,NA,NA,NA,NA,NA,NA,NA,NA,NA,NA,NA,NA,NA,NA,NA,NA,NA,NA,NA,NA,NA,NA,NA,NA,NA,NA,NA,NA,2,1,2,,Republican,Democrat,NA
NA,NA,NA,NA,NA,NA,NA,NA,NA,NA,NA,NA,NA,NA,NA,NA,NA,NA,NA,NA,NA,NA,,,NA,NA,NA,NA,NA,NA,NA,NA,NA,NA,NA,NA,NA,NA,NA,NA,NA,NA,NA,NA,NA,NA,NA,NA,NA,NA,NA,NA,NA,2,1,1,,NA,NA,NA
Female,White/Caucasian,"60,000 – 69,999",4-year College Degree,Republican,NA,Not a strong Republican,NA,55,No,No,No,TRUE,TRUE,TRUE,TRUE,TRUE,FALSE,FALSE,FALSE,FALSE,TRUE,,,NA,NA,NA,NA,NA,NA,NA,NA,NA,NA,NA,NA,NA,NA,NA,NA,NA,NA,NA,NA,NA,NA,NA,NA,NA,NA,NA,NA,NA,2,2,2,,Democrat,Republican,NA
Female,White/Caucasian,"50,000 – 59,999",Some College,Democrat,NA,NA,Strong Democrat,46,No,No,Yes,FALSE,TRUE,TRUE,TRUE,TRUE,FALSE,FALSE,TRUE,TRUE,TRUE,72,47,Neither agree nor disagree,Strongly disagree,Neither agree nor disagree,Yes,No,1 - Not at all,1- Very unlike me,1- Very unlike me,3,2,1- Very unlike me,4,1- Very unlike me,3,1- Very unlike me,1- Very unlike me,1- Very unlike me,1- Very unlike me,NA,NA,NA,NA,NA,NA,NA,NA,Oregon,NA,NA,2,1,1,,Republican,Democrat,assault with a deadly weapon
Female,White/Caucasian,"50,000 – 59,999",2-year College Degree,Republican,NA,NA,NA,NA,NA,NA,NA,NA,NA,NA,NA,NA,NA,NA,NA,NA,NA,,,NA,NA,NA,NA,NA,NA,NA,NA,NA,NA,NA,NA,NA,NA,NA,NA,NA,NA,NA,NA,NA,NA,NA,NA,NA,NA,NA,NA,NA,2,2,2,,NA,NA,NA
NA,NA,NA,NA,NA,NA,NA,NA,NA,NA,NA,NA,NA,NA,NA,NA,NA,NA,NA,NA,NA,NA,,,NA,NA,NA,NA,NA,NA,NA,NA,NA,NA,NA,NA,NA,NA,NA,NA,NA,NA,NA,NA,NA,NA,NA,NA,NA,NA,NA,NA,NA,1,2,1,,NA,NA,NA
Female,White/Caucasian,"60,000 – 69,999",Masters Degree,Republican,NA,Not a strong Republican,NA,74,No,No,Yes,FALSE,TRUE,TRUE,FALSE,TRUE,TRUE,TRUE,TRUE,TRUE,TRUE,0,92,Somewhat agree,Somewhat agree,Somewhat agree,No,No,1 - Not at all,1- Very unlike me,3,2,1- Very unlike me,1- Very unlike me,2,2,1- Very unlike me,1- Very unlike me,1- Very unlike me,1- Very unlike me,1- Very unlike me,NA,NA,NA,NA,NA,NA,NA,NA,NA,NA,NA,1,2,1,,Democrat,Republican,NA
Female,White/Caucasian,"Less than 30,000",Less than High School,Democrat,NA,NA,NA,56,NA,NA,NA,FALSE,TRUE,TRUE,TRUE,FALSE,TRUE,TRUE,TRUE,TRUE,TRUE,99,100,NA,NA,NA,NA,NA,NA,NA,NA,NA,NA,NA,NA,NA,NA,NA,NA,NA,NA,NA,NA,NA,NA,NA,NA,NA,NA,NA,NA,NA,1,1,1,,Republican,Democrat,NA
Male,White/Caucasian,"Less than 30,000",High School / GED,Republican,NA,Strong Republican,NA,79,NA,NA,NA,FALSE,FALSE,TRUE,FALSE,TRUE,TRUE,TRUE,FALSE,TRUE,FALSE,,,NA,NA,NA,NA,NA,NA,NA,NA,NA,NA,NA,NA,NA,NA,NA,NA,NA,NA,NA,NA,NA,NA,NA,NA,NA,NA,NA,NA,NA,2,2,2,,Democrat,Republican,NA
Female,White/Caucasian,"Less than 30,000",Some College,Republican,NA,Strong Republican,NA,56,NA,NA,NA,FALSE,TRUE,TRUE,TRUE,TRUE,FALSE,TRUE,TRUE,TRUE,FALSE,,,NA,NA,NA,NA,NA,NA,NA,NA,NA,NA,NA,NA,NA,NA,NA,NA,NA,NA,NA,NA,NA,NA,NA,NA,NA,NA,NA,NA,NA,1,2,1,,Democrat,Republican,NA
Female,White/Caucasian,"Less than 30,000",Some College,Democrat,NA,NA,Not a strong Democrat,45,No,No,No,FALSE,FALSE,FALSE,FALSE,TRUE,TRUE,TRUE,TRUE,TRUE,TRUE,64,78,NA,NA,NA,NA,NA,NA,NA,NA,NA,NA,NA,NA,NA,NA,NA,NA,NA,NA,NA,NA,NA,NA,NA,NA,NA,NA,NA,NA,NA,1,2,2,,Republican,Democrat,NA
Female,White/Caucasian,"60,000 – 69,999",4-year College Degree,Democrat,NA,NA,Not a strong Democrat,57,No,No,Yes,FALSE,FALSE,TRUE,TRUE,TRUE,FALSE,FALSE,FALSE,TRUE,TRUE,82,30,Neither agree nor disagree,Neither agree nor disagree,Neither agree nor disagree,No,No,3,NA,NA,NA,NA,NA,NA,NA,NA,NA,NA,NA,NA,NA,NA,NA,NA,NA,NA,NA,NA,NA,NA,NA,1,1,2,,Republican,Democrat,NA
Female,White/Caucasian,"Less than 30,000",High School / GED,Republican,NA,Strong Republican,NA,54,No,No,No,FALSE,TRUE,TRUE,TRUE,TRUE,TRUE,TRUE,TRUE,TRUE,TRUE,0,83,Neither agree nor disagree,Somewhat agree,Neither agree nor disagree,No,No,2,3,2,3,4,3,3,3,4,3,4,4,4,NA,NA,NA,NA,NA,NA,NA,NA,NA,NA,NA,1,1,1,,Democrat,Republican,NA
NA,NA,NA,NA,NA,NA,NA,NA,NA,NA,NA,NA,NA,NA,NA,NA,NA,NA,NA,NA,NA,NA,,,NA,NA,NA,NA,NA,NA,NA,NA,NA,NA,NA,NA,NA,NA,NA,NA,NA,NA,NA,NA,NA,NA,NA,NA,NA,NA,NA,NA,NA,1,2,1,,NA,NA,NA
Male,White/Caucasian,"30,000 – 39,999",Some College,NA,NA,NA,NA,NA,NA,NA,NA,NA,NA,NA,NA,NA,NA,NA,NA,NA,NA,,,NA,NA,NA,NA,NA,NA,NA,NA,NA,NA,NA,NA,NA,NA,NA,NA,NA,NA,NA,NA,NA,NA,NA,NA,NA,NA,NA,NA,NA,2,2,1,,NA,NA,NA
Female,White/Caucasian,"60,000 – 69,999",4-year College Degree,Republican,NA,Strong Republican,NA,77,No,Yes,Yes,TRUE,TRUE,TRUE,TRUE,TRUE,TRUE,FALSE,TRUE,TRUE,TRUE,92,82,Neither agree nor disagree,Strongly disagree,Neither agree nor disagree,No,No,1 - Not at all,1- Very unlike me,3,1- Very unlike me,1- Very unlike me,1- Very unlike me,1- Very unlike me,1- Very unlike me,3,3,1- Very unlike me,3,1- Very unlike me,NA,NA,NA,NA,NA,NA,NA,NA,NA,NA,NA,2,1,1,,Democrat,Republican,vandalism
NA,NA,NA,NA,NA,NA,NA,NA,NA,NA,NA,NA,NA,NA,NA,NA,NA,NA,NA,NA,NA,NA,,,NA,NA,NA,NA,NA,NA,NA,NA,NA,NA,NA,NA,NA,NA,NA,NA,NA,NA,NA,NA,NA,NA,NA,NA,NA,NA,NA,NA,NA,1,1,1,,NA,NA,NA
Female,White/Caucasian,"60,000 – 69,999",4-year College Degree,Democrat,NA,NA,Strong Democrat,71,No,No,Yes,FALSE,TRUE,TRUE,TRUE,TRUE,TRUE,TRUE,FALSE,FALSE,TRUE,93,12,NA,NA,NA,NA,NA,NA,NA,NA,NA,NA,NA,NA,NA,NA,NA,NA,NA,NA,NA,NA,NA,NA,NA,NA,NA,NA,NA,NA,NA,2,1,1,,Republican,Democrat,NA
Male,White/Caucasian,"Less than 30,000",2-year College Degree,Republican,NA,Not a strong Republican,NA,59,No,No,Yes,NA,NA,TRUE,NA,TRUE,FALSE,NA,FALSE,NA,FALSE,,,NA,NA,NA,NA,NA,NA,NA,NA,NA,NA,NA,NA,NA,NA,NA,NA,NA,NA,NA,NA,NA,NA,NA,NA,NA,NA,NA,NA,NA,1,1,1,,NA,NA,NA
NA,NA,NA,NA,NA,NA,NA,NA,NA,NA,NA,NA,NA,NA,NA,NA,NA,NA,NA,NA,NA,NA,,,NA,NA,NA,NA,NA,NA,NA,NA,NA,NA,NA,NA,NA,NA,NA,NA,NA,NA,NA,NA,NA,NA,NA,NA,NA,NA,NA,NA,NA,1,1,2,,NA,NA,NA
Female,White/Caucasian,"30,000 – 39,999",Some College,Democrat,NA,NA,Strong Democrat,57,NA,NA,NA,NA,NA,TRUE,TRUE,NA,TRUE,NA,TRUE,FALSE,NA,,,NA,NA,NA,NA,NA,NA,NA,NA,NA,NA,NA,NA,NA,NA,NA,NA,NA,NA,NA,NA,NA,NA,NA,NA,NA,NA,NA,NA,NA,1,2,2,,NA,NA,NA
Female,White/Caucasian,"30,000 – 39,999",Some College,NA,NA,NA,NA,NA,NA,NA,NA,NA,NA,NA,NA,NA,NA,NA,NA,NA,NA,,,NA,NA,NA,NA,NA,NA,NA,NA,NA,NA,NA,NA,NA,NA,NA,NA,NA,NA,NA,NA,NA,NA,NA,NA,NA,NA,NA,NA,NA,1,2,2,,NA,NA,NA
Female,White/Caucasian,"50,000 – 59,999",High School / GED,Republican,NA,Strong Republican,NA,63,No,No,Yes,TRUE,TRUE,TRUE,TRUE,TRUE,TRUE,FALSE,FALSE,TRUE,TRUE,1,96,NA,NA,NA,NA,NA,NA,NA,NA,NA,NA,NA,NA,NA,NA,NA,NA,NA,NA,NA,NA,NA,NA,NA,NA,NA,NA,NA,NA,NA,1,2,2,,Democrat,Republican,NA
Female,White/Caucasian,"60,000 – 69,999",4-year College Degree,Republican,NA,Not a strong Republican,NA,70,No,No,Yes,FALSE,FALSE,TRUE,TRUE,TRUE,FALSE,FALSE,TRUE,FALSE,TRUE,40,70,Neither agree nor disagree,Strongly disagree,Neither agree nor disagree,No,No,1 - Not at all,NA,NA,NA,NA,NA,NA,NA,NA,NA,NA,NA,NA,NA,NA,NA,NA,NA,NA,NA,NA,NA,NA,NA,2,2,1,,Democrat,Republican,NA
Male,White/Caucasian,"Less than 30,000",Some College,Democrat,NA,NA,Not a strong Democrat,60,No,No,No,FALSE,TRUE,TRUE,FALSE,TRUE,TRUE,TRUE,TRUE,FALSE,TRUE,70,60,Somewhat disagree,Strongly disagree,Neither agree nor disagree,No,No,1 - Not at all,NA,NA,NA,NA,NA,NA,NA,NA,NA,NA,NA,NA,NA,NA,NA,NA,NA,NA,NA,NA,NA,NA,NA,2,1,2,,Republican,Democrat,NA
Female,White/Caucasian,"30,000 – 39,999",Less than High School,Republican,NA,Strong Republican,NA,74,NA,NA,NA,TRUE,TRUE,TRUE,TRUE,TRUE,FALSE,TRUE,TRUE,FALSE,FALSE,9,62,Neither agree nor disagree,Neither agree nor disagree,Neither agree nor disagree,No,No,1 - Not at all,1- Very unlike me,2,2,1- Very unlike me,1- Very unlike me,1- Very unlike me,1- Very unlike me,1- Very unlike me,2,1- Very unlike me,1- Very unlike me,1- Very unlike me,NA,NA,NA,NA,Oregon,NA,NA,NA,NA,NA,NA,1,2,2,,Democrat,Republican,NA
Male,White/Caucasian,"80,000 – 89,999",4-year College Degree,Democrat,NA,NA,Strong Democrat,68,No,No,Yes,TRUE,FALSE,TRUE,FALSE,TRUE,FALSE,FALSE,FALSE,FALSE,FALSE,,,NA,NA,NA,NA,NA,NA,NA,NA,NA,NA,NA,NA,NA,NA,NA,NA,NA,NA,NA,NA,NA,NA,NA,NA,NA,NA,NA,NA,NA,1,2,1,,Republican,Democrat,NA
Male,White/Caucasian,"70,000 – 79,999",4-year College Degree,Democrat,NA,NA,Strong Democrat,76,No,No,Yes,TRUE,TRUE,TRUE,TRUE,TRUE,FALSE,FALSE,FALSE,FALSE,FALSE,90,19,Neither agree nor disagree,Neither agree nor disagree,Somewhat agree,No,No,3,1- Very unlike me,3,1- Very unlike me,1- Very unlike me,1- Very unlike me,1- Very unlike me,1- Very unlike me,1- Very unlike me,1- Very unlike me,1- Very unlike me,1- Very unlike me,1- Very unlike me,NA,NA,NA,NA,NA,NA,NA,NA,NA,NA,NA,1,1,2,,Republican,Democrat,NA
Male,White/Caucasian,"Less than 30,000",High School / GED,Republican,NA,Strong Republican,NA,67,NA,NA,NA,FALSE,TRUE,TRUE,TRUE,TRUE,FALSE,FALSE,TRUE,FALSE,FALSE,0,75,NA,NA,NA,NA,NA,NA,NA,NA,NA,NA,NA,NA,NA,NA,NA,NA,NA,NA,NA,NA,NA,NA,NA,NA,NA,NA,NA,NA,NA,1,2,1,,Democrat,Republican,NA
NA,NA,NA,NA,NA,NA,NA,NA,NA,NA,NA,NA,NA,NA,NA,NA,NA,NA,NA,NA,NA,NA,,,NA,NA,NA,NA,NA,NA,NA,NA,NA,NA,NA,NA,NA,NA,NA,NA,NA,NA,NA,NA,NA,NA,NA,NA,NA,NA,NA,NA,NA,2,2,2,,NA,NA,NA
Female,White/Caucasian,"30,000 – 39,999",High School / GED,Democrat,NA,NA,Strong Democrat,62,NA,NA,NA,NA,NA,NA,NA,NA,NA,NA,NA,NA,NA,,,NA,NA,NA,NA,NA,NA,NA,NA,NA,NA,NA,NA,NA,NA,NA,NA,NA,NA,NA,NA,NA,NA,NA,NA,NA,NA,NA,NA,NA,2,1,2,,NA,NA,NA
Female,White/Caucasian,"100,000 or more",4-year College Degree,Republican,NA,Strong Republican,NA,49,No,No,Yes,NA,NA,NA,NA,TRUE,TRUE,FALSE,TRUE,NA,TRUE,,,NA,NA,NA,NA,NA,NA,NA,NA,NA,NA,NA,NA,NA,NA,NA,NA,NA,NA,NA,NA,NA,NA,NA,NA,NA,NA,NA,NA,NA,2,1,2,,NA,NA,NA
Male,White/Caucasian,"Less than 30,000",High School / GED,Democrat,NA,NA,Strong Democrat,63,No,No,Yes,FALSE,TRUE,TRUE,TRUE,TRUE,FALSE,FALSE,FALSE,FALSE,FALSE,100,0,NA,NA,NA,NA,NA,NA,NA,NA,NA,NA,NA,NA,NA,NA,NA,NA,NA,NA,NA,NA,NA,NA,NA,NA,NA,NA,NA,NA,NA,2,1,1,,Republican,Democrat,NA
Female,White/Caucasian,"90,000 – 99,999",4-year College Degree,Democrat,NA,NA,Strong Democrat,60,No,No,Yes,FALSE,TRUE,TRUE,TRUE,TRUE,TRUE,FALSE,TRUE,FALSE,FALSE,91,9,Neither agree nor disagree,Somewhat disagree,Neither agree nor disagree,No,No,1 - Not at all,1- Very unlike me,3,2,1- Very unlike me,2,1- Very unlike me,1- Very unlike me,1- Very unlike me,1- Very unlike me,1- Very unlike me,1- Very unlike me,1- Very unlike me,NA,NA,NA,NA,NA,NA,NA,NA,NA,NA,NA,2,1,2,,Republican,Democrat,arson
Female,White/Caucasian,"30,000 – 39,999",High School / GED,Republican,NA,Not a strong Republican,NA,79,No,No,Yes,FALSE,TRUE,TRUE,TRUE,TRUE,TRUE,FALSE,FALSE,TRUE,TRUE,38,86,NA,NA,NA,NA,NA,NA,NA,NA,NA,NA,NA,NA,NA,NA,NA,NA,NA,NA,NA,NA,NA,NA,NA,NA,NA,NA,NA,NA,NA,1,1,2,,Democrat,Republican,NA
NA,NA,NA,NA,NA,NA,NA,NA,NA,NA,NA,NA,NA,NA,NA,NA,NA,NA,NA,NA,NA,NA,,,NA,NA,NA,NA,NA,NA,NA,NA,NA,NA,NA,NA,NA,NA,NA,NA,NA,NA,NA,NA,NA,NA,NA,NA,NA,NA,NA,NA,NA,2,1,1,,NA,NA,NA
Female,White/Caucasian,"Less than 30,000",High School / GED,Democrat,NA,NA,Strong Democrat,62,No,No,Yes,FALSE,FALSE,FALSE,FALSE,FALSE,TRUE,TRUE,TRUE,TRUE,TRUE,83,18,Strongly disagree,Strongly disagree,Neither agree nor disagree,No,No,3,1- Very unlike me,3,3,1- Very unlike me,1- Very unlike me,3,3,1- Very unlike me,1- Very unlike me,1- Very unlike me,1- Very unlike me,1- Very unlike me,NA,NA,NA,NA,NA,NA,NA,NA,NA,NA,NA,2,1,1,,Republican,Democrat,murder
Female,Other,NA,NA,NA,NA,NA,NA,NA,NA,NA,NA,NA,NA,NA,NA,NA,NA,NA,NA,NA,NA,,,NA,NA,NA,NA,NA,NA,NA,NA,NA,NA,NA,NA,NA,NA,NA,NA,NA,NA,NA,NA,NA,NA,NA,NA,NA,NA,NA,NA,NA,2,2,2,,NA,NA,NA
Female,White/Caucasian,"Less than 30,000",High School / GED,Republican,NA,Strong Republican,NA,48,No,No,No,FALSE,TRUE,TRUE,FALSE,TRUE,FALSE,FALSE,TRUE,TRUE,TRUE,100,100,Strongly disagree,Neither agree nor disagree,Neither agree nor disagree,No,No,3,1- Very unlike me,1- Very unlike me,5- Very like me,5- Very like me,3,1- Very unlike me,1- Very unlike me,1- Very unlike me,1- Very unlike me,1- Very unlike me,1- Very unlike me,4,NA,NA,NA,NA,NA,NA,NA,NA,NA,NA,NA,1,1,2,,Democrat,Republican,NA
NA,NA,NA,NA,NA,NA,NA,NA,NA,NA,NA,NA,NA,NA,NA,NA,NA,NA,NA,NA,NA,NA,,,NA,NA,NA,NA,NA,NA,NA,NA,NA,NA,NA,NA,NA,NA,NA,NA,NA,NA,NA,NA,NA,NA,NA,NA,NA,NA,NA,NA,NA,2,1,2,,NA,NA,NA
NA,NA,NA,NA,NA,NA,NA,NA,NA,NA,NA,NA,NA,NA,NA,NA,NA,NA,NA,NA,NA,NA,,,NA,NA,NA,NA,NA,NA,NA,NA,NA,NA,NA,NA,NA,NA,NA,NA,NA,NA,NA,NA,NA,NA,NA,NA,NA,NA,NA,NA,NA,2,2,2,,NA,NA,NA
Male,White/Caucasian,"50,000 – 59,999",Some College,Republican,NA,Not a strong Republican,NA,51,NA,NA,NA,FALSE,FALSE,TRUE,TRUE,TRUE,TRUE,TRUE,TRUE,TRUE,TRUE,5,60,Neither agree nor disagree,Neither agree nor disagree,Somewhat agree,No,No,1 - Not at all,3,3,4,2,2,4,3,1- Very unlike me,2,2,5- Very like me,3,Florida,Strongly oppose,Unjustified,Yes,NA,NA,NA,NA,NA,NA,NA,1,1,1,1,Democrat,Republican,NA
Male,White/Caucasian,"Less than 30,000",4-year College Degree,Republican,NA,Strong Republican,NA,53,No,No,Yes,FALSE,TRUE,FALSE,TRUE,TRUE,FALSE,TRUE,FALSE,FALSE,FALSE,16,87,Somewhat agree,Strongly disagree,Somewhat agree,No,No,1 - Not at all,2,3,3,1- Very unlike me,1- Very unlike me,3,2,3,1- Very unlike me,1- Very unlike me,1- Very unlike me,1- Very unlike me,NA,NA,NA,NA,Oregon,Oppose,Unjustified,Yes,NA,NA,NA,1,1,2,1,Democrat,Republican,NA
Male,White/Caucasian,"40,000 – 49,999",Some College,Republican,NA,Strong Republican,NA,45,No,No,Yes,TRUE,TRUE,TRUE,TRUE,TRUE,TRUE,TRUE,TRUE,TRUE,TRUE,3,83,Strongly agree,Neither agree nor disagree,Somewhat agree,No,Yes,4,5- Very like me,4,5- Very like me,5- Very like me,5- Very like me,5- Very like me,4,5- Very like me,5- Very like me,4,4,4,NA,NA,NA,NA,NA,NA,NA,NA,Florida,1 - 3 days in jail,Strongly support,2,2,1,1,Democrat,Republican,vandalism
Male,White/Caucasian,"100,000 or more",Masters Degree,Republican,NA,Strong Republican,NA,45,Yes,No,Yes,TRUE,TRUE,TRUE,TRUE,TRUE,FALSE,FALSE,TRUE,FALSE,FALSE,38,100,Strongly disagree,Strongly disagree,Somewhat disagree,No,No,1 - Not at all,1- Very unlike me,1- Very unlike me,3,1- Very unlike me,1- Very unlike me,3,1- Very unlike me,1- Very unlike me,1- Very unlike me,1- Very unlike me,1- Very unlike me,1- Very unlike me,NA,NA,NA,NA,NA,NA,NA,NA,Alaska,2 - 3 months in jail,Oppose,2,1,1,1,Democrat,Republican,vandalism
Male,White/Caucasian,"60,000 – 69,999",2-year College Degree,Republican,NA,Strong Republican,NA,61,No,Yes,Yes,FALSE,TRUE,TRUE,TRUE,TRUE,FALSE,FALSE,TRUE,FALSE,FALSE,0,91,Strongly agree,Neither agree nor disagree,Neither agree nor disagree,No,No,3,3,4,2,2,3,2,1- Very unlike me,1- Very unlike me,2,1- Very unlike me,1- Very unlike me,1- Very unlike me,NA,NA,NA,NA,NA,NA,NA,NA,Florida,11 - 15 years in prison,Strongly oppose,2,1,2,1,Democrat,Republican,arson
Male,White/Caucasian,"60,000 – 69,999",4-year College Degree,Republican,NA,Strong Republican,NA,62,No,No,Yes,FALSE,FALSE,TRUE,TRUE,TRUE,TRUE,FALSE,TRUE,TRUE,TRUE,32,69,Somewhat agree,Somewhat disagree,Neither agree nor disagree,No,No,1 - Not at all,2,4,1- Very unlike me,1- Very unlike me,1- Very unlike me,3,3,1- Very unlike me,2,2,3,1- Very unlike me,Florida,Strongly oppose,Unjustified,Yes,NA,NA,NA,NA,NA,NA,NA,1,2,1,1,Democrat,Republican,NA
Male,White/Caucasian,"100,000 or more","Professional Degree (JD, MD)",Republican,NA,Strong Republican,NA,45,No,Yes,Yes,TRUE,TRUE,TRUE,TRUE,TRUE,TRUE,TRUE,TRUE,TRUE,TRUE,37,71,Neither agree nor disagree,Somewhat agree,Somewhat agree,Yes,Yes,3,4,4,3,4,4,3,3,4,4,4,4,4,NA,NA,NA,NA,Oregon,Oppose,Justified,Yes,NA,NA,NA,1,2,2,1,Democrat,Republican,NA
Male,White/Caucasian,"50,000 – 59,999",4-year College Degree,Republican,NA,Strong Republican,NA,55,No,Yes,Yes,FALSE,FALSE,TRUE,TRUE,TRUE,FALSE,FALSE,FALSE,FALSE,TRUE,35,88,Somewhat disagree,Strongly disagree,Strongly disagree,No,No,1 - Not at all,1- Very unlike me,3,1- Very unlike me,1- Very unlike me,1- Very unlike me,1- Very unlike me,1- Very unlike me,1- Very unlike me,1- Very unlike me,1- Very unlike me,1- Very unlike me,1- Very unlike me,NA,NA,NA,NA,NA,NA,NA,NA,Washington,6 - 10 years in prison,Oppose,2,1,2,1,Democrat,Republican,assault with a deadly weapon
Male,White/Caucasian,"100,000 or more",4-year College Degree,Republican,NA,Strong Republican,NA,57,No,Yes,Yes,FALSE,FALSE,TRUE,FALSE,TRUE,TRUE,FALSE,TRUE,FALSE,FALSE,15,85,Strongly disagree,Strongly disagree,Strongly disagree,No,No,1 - Not at all,4,5- Very like me,1- Very unlike me,1- Very unlike me,3,1- Very unlike me,4,1- Very unlike me,4,3,3,1- Very unlike me,NA,NA,NA,NA,NA,NA,NA,NA,Oregon,1 - 3 days in jail,Oppose,2,1,2,1,Democrat,Republican,assault
Male,White/Caucasian,"100,000 or more",Masters Degree,Republican,NA,Strong Republican,NA,49,Yes,No,Yes,TRUE,TRUE,TRUE,TRUE,TRUE,FALSE,FALSE,FALSE,FALSE,FALSE,21,98,Somewhat disagree,Strongly disagree,Somewhat disagree,No,No,2,1- Very unlike me,2,3,1- Very unlike me,1- Very unlike me,3,1- Very unlike me,1- Very unlike me,2,1- Very unlike me,1- Very unlike me,2,Florida,Oppose,Unjustified,Yes,NA,NA,NA,NA,NA,NA,NA,1,2,1,1,Democrat,Republican,NA
Male,White/Caucasian,"100,000 or more",Masters Degree,Republican,NA,Strong Republican,NA,44,NA,NA,NA,NA,NA,NA,NA,NA,NA,NA,NA,NA,NA,,,NA,NA,NA,NA,NA,NA,NA,NA,NA,NA,NA,NA,NA,NA,NA,NA,NA,NA,NA,NA,NA,NA,NA,NA,NA,NA,NA,NA,NA,2,2,2,,NA,NA,NA
Male,White/Caucasian,"100,000 or more",Masters Degree,Republican,NA,Not a strong Republican,NA,63,No,Yes,Yes,FALSE,FALSE,TRUE,FALSE,TRUE,TRUE,FALSE,FALSE,TRUE,TRUE,10,71,Neither agree nor disagree,Strongly disagree,Strongly disagree,No,No,1 - Not at all,2,3,1- Very unlike me,1- Very unlike me,1- Very unlike me,1- Very unlike me,3,1- Very unlike me,1- Very unlike me,3,2,2,NA,NA,NA,NA,NA,NA,NA,NA,Oregon,2 - 3 months in jail,Neither support nor oppose,2,2,1,1,Democrat,Republican,assault
Male,White/Caucasian,"90,000 – 99,999",Some College,Republican,NA,Strong Republican,NA,62,No,Yes,Yes,FALSE,TRUE,TRUE,TRUE,TRUE,TRUE,TRUE,FALSE,TRUE,TRUE,20,50,Somewhat agree,Strongly disagree,Neither agree nor disagree,No,No,1 - Not at all,2,2,1- Very unlike me,1- Very unlike me,1- Very unlike me,1- Very unlike me,1- Very unlike me,1- Very unlike me,1- Very unlike me,2,1- Very unlike me,1- Very unlike me,NA,NA,NA,NA,Oregon,Strongly oppose,Unjustified,Yes,NA,NA,NA,1,2,2,1,Democrat,Republican,NA
Male,Other,"Less than 30,000",Less than High School,Other,Neither,NA,NA,NA,NA,NA,NA,NA,NA,NA,NA,NA,NA,NA,NA,NA,NA,,,NA,NA,NA,NA,NA,NA,NA,NA,NA,NA,NA,NA,NA,NA,NA,NA,NA,NA,NA,NA,NA,NA,NA,NA,NA,NA,NA,NA,NA,1,2,2,2,NA,NA,NA
Male,White/Caucasian,"70,000 – 79,999",Masters Degree,Republican,NA,Strong Republican,NA,44,NA,NA,NA,NA,NA,NA,NA,NA,NA,NA,NA,NA,NA,,,NA,NA,NA,NA,NA,NA,NA,NA,NA,NA,NA,NA,NA,NA,NA,NA,NA,NA,NA,NA,NA,NA,NA,NA,NA,NA,NA,NA,NA,1,1,2,,NA,NA,NA
Female,Asian,NA,NA,NA,NA,NA,NA,NA,NA,NA,NA,NA,NA,NA,NA,NA,NA,NA,NA,NA,NA,,,NA,NA,NA,NA,NA,NA,NA,NA,NA,NA,NA,NA,NA,NA,NA,NA,NA,NA,NA,NA,NA,NA,NA,NA,NA,NA,NA,NA,NA,2,2,1,,NA,NA,NA
Male,White/Caucasian,"Less than 30,000",High School / GED,Republican,NA,Strong Republican,NA,60,No,No,Yes,FALSE,TRUE,TRUE,FALSE,TRUE,TRUE,FALSE,TRUE,FALSE,TRUE,13,82,Somewhat agree,Somewhat disagree,Neither agree nor disagree,No,No,1 - Not at all,3,3,2,5- Very like me,1- Very unlike me,2,1- Very unlike me,1- Very unlike me,1- Very unlike me,1- Very unlike me,1- Very unlike me,1- Very unlike me,NA,NA,NA,NA,NA,NA,NA,NA,California,Community service,Support,2,2,2,1,Democrat,Republican,protesting without a permit
Male,White/Caucasian,"40,000 – 49,999",Some College,Republican,NA,Not a strong Republican,NA,63,No,No,No,TRUE,TRUE,TRUE,FALSE,TRUE,TRUE,FALSE,TRUE,TRUE,FALSE,19,81,Somewhat agree,Neither agree nor disagree,Neither agree nor disagree,Yes,No,2,3,3,3,3,2,3,2,2,2,3,2,1- Very unlike me,NA,NA,NA,NA,Oregon,Neither support nor oppose,Unjustified,Yes,NA,NA,NA,1,1,2,1,Democrat,Republican,NA
Male,White/Caucasian,"50,000 – 59,999",4-year College Degree,NA,NA,NA,NA,NA,NA,NA,NA,NA,NA,NA,NA,NA,NA,NA,NA,NA,NA,,,NA,NA,NA,NA,NA,NA,NA,NA,NA,NA,NA,NA,NA,NA,NA,NA,NA,NA,NA,NA,NA,NA,NA,NA,NA,NA,NA,NA,NA,2,1,1,,NA,NA,NA
Male,White/Caucasian,"70,000 – 79,999",2-year College Degree,NA,NA,NA,NA,NA,NA,NA,NA,NA,NA,NA,NA,NA,NA,NA,NA,NA,NA,,,NA,NA,NA,NA,NA,NA,NA,NA,NA,NA,NA,NA,NA,NA,NA,NA,NA,NA,NA,NA,NA,NA,NA,NA,NA,NA,NA,NA,NA,1,1,2,,NA,NA,NA
Male,White/Caucasian,"100,000 or more","Professional Degree (JD, MD)",NA,NA,NA,NA,NA,NA,NA,NA,NA,NA,NA,NA,NA,NA,NA,NA,NA,NA,,,NA,NA,NA,NA,NA,NA,NA,NA,NA,NA,NA,NA,NA,NA,NA,NA,NA,NA,NA,NA,NA,NA,NA,NA,NA,NA,NA,NA,NA,1,1,1,,NA,NA,NA
Male,White/Caucasian,"70,000 – 79,999",4-year College Degree,NA,NA,NA,NA,NA,NA,NA,NA,NA,NA,NA,NA,NA,NA,NA,NA,NA,NA,,,NA,NA,NA,NA,NA,NA,NA,NA,NA,NA,NA,NA,NA,NA,NA,NA,NA,NA,NA,NA,NA,NA,NA,NA,NA,NA,NA,NA,NA,2,1,2,,NA,NA,NA
Male,White/Caucasian,"70,000 – 79,999",4-year College Degree,Republican,NA,Strong Republican,NA,49,NA,NA,NA,FALSE,TRUE,TRUE,FALSE,TRUE,TRUE,TRUE,FALSE,TRUE,TRUE,78,84,Somewhat agree,Somewhat agree,Neither agree nor disagree,No,No,1 - Not at all,3,3,3,2,3,2,2,2,2,3,3,3,Florida,Neither support nor oppose,Unjustified,Yes,NA,NA,NA,NA,NA,NA,NA,1,2,1,1,Democrat,Republican,NA
Female,Other,NA,NA,NA,NA,NA,NA,NA,NA,NA,NA,NA,NA,NA,NA,NA,NA,NA,NA,NA,NA,,,NA,NA,NA,NA,NA,NA,NA,NA,NA,NA,NA,NA,NA,NA,NA,NA,NA,NA,NA,NA,NA,NA,NA,NA,NA,NA,NA,NA,NA,1,2,2,,NA,NA,NA
Male,White/Caucasian,"90,000 – 99,999",Masters Degree,NA,NA,NA,NA,NA,NA,NA,NA,NA,NA,NA,NA,NA,NA,NA,NA,NA,NA,,,NA,NA,NA,NA,NA,NA,NA,NA,NA,NA,NA,NA,NA,NA,NA,NA,NA,NA,NA,NA,NA,NA,NA,NA,NA,NA,NA,NA,NA,1,2,2,,NA,NA,NA
Male,White/Caucasian,"Less than 30,000",Some College,NA,NA,NA,NA,NA,NA,NA,NA,NA,NA,NA,NA,NA,NA,NA,NA,NA,NA,,,NA,NA,NA,NA,NA,NA,NA,NA,NA,NA,NA,NA,NA,NA,NA,NA,NA,NA,NA,NA,NA,NA,NA,NA,NA,NA,NA,NA,NA,2,1,1,,NA,NA,NA
Male,Native American,"70,000 – 79,999",High School / GED,Republican,NA,Not a strong Republican,NA,24,Yes,Yes,Yes,TRUE,TRUE,TRUE,TRUE,TRUE,TRUE,TRUE,TRUE,TRUE,TRUE,30,66,Somewhat agree,Somewhat agree,Somewhat agree,No,No,3,3,3,3,3,2,2,3,1- Very unlike me,1- Very unlike me,1- Very unlike me,3,2,NA,NA,NA,NA,NA,NA,NA,NA,Florida,2 - 5 years in prison,Strongly oppose,2,1,1,1,Democrat,Republican,assault with a deadly weapon
Female,Native American,NA,NA,NA,NA,NA,NA,NA,NA,NA,NA,NA,NA,NA,NA,NA,NA,NA,NA,NA,NA,,,NA,NA,NA,NA,NA,NA,NA,NA,NA,NA,NA,NA,NA,NA,NA,NA,NA,NA,NA,NA,NA,NA,NA,NA,NA,NA,NA,NA,NA,2,1,2,,NA,NA,NA
Male,White/Caucasian,"100,000 or more","Professional Degree (JD, MD)",NA,NA,NA,NA,NA,NA,NA,NA,NA,NA,NA,NA,NA,NA,NA,NA,NA,NA,,,NA,NA,NA,NA,NA,NA,NA,NA,NA,NA,NA,NA,NA,NA,NA,NA,NA,NA,NA,NA,NA,NA,NA,NA,NA,NA,NA,NA,NA,2,1,1,,NA,NA,NA
Male,White/Caucasian,"70,000 – 79,999",2-year College Degree,NA,NA,NA,NA,NA,NA,NA,NA,NA,NA,NA,NA,NA,NA,NA,NA,NA,NA,,,NA,NA,NA,NA,NA,NA,NA,NA,NA,NA,NA,NA,NA,NA,NA,NA,NA,NA,NA,NA,NA,NA,NA,NA,NA,NA,NA,NA,NA,2,1,1,,NA,NA,NA
Male,White/Caucasian,"30,000 – 39,999",High School / GED,NA,NA,NA,NA,NA,NA,NA,NA,NA,NA,NA,NA,NA,NA,NA,NA,NA,NA,,,NA,NA,NA,NA,NA,NA,NA,NA,NA,NA,NA,NA,NA,NA,NA,NA,NA,NA,NA,NA,NA,NA,NA,NA,NA,NA,NA,NA,NA,2,1,2,,NA,NA,NA
Male,White/Caucasian,"100,000 or more",High School / GED,NA,NA,NA,NA,NA,NA,NA,NA,NA,NA,NA,NA,NA,NA,NA,NA,NA,NA,,,NA,NA,NA,NA,NA,NA,NA,NA,NA,NA,NA,NA,NA,NA,NA,NA,NA,NA,NA,NA,NA,NA,NA,NA,NA,NA,NA,NA,NA,1,1,2,,NA,NA,NA
Male,White/Caucasian,"Less than 30,000",Some College,NA,NA,NA,NA,NA,NA,NA,NA,NA,NA,NA,NA,NA,NA,NA,NA,NA,NA,,,NA,NA,NA,NA,NA,NA,NA,NA,NA,NA,NA,NA,NA,NA,NA,NA,NA,NA,NA,NA,NA,NA,NA,NA,NA,NA,NA,NA,NA,2,2,1,,NA,NA,NA
Male,White/Caucasian,"60,000 – 69,999",4-year College Degree,NA,NA,NA,NA,NA,NA,NA,NA,NA,NA,NA,NA,NA,NA,NA,NA,NA,NA,,,NA,NA,NA,NA,NA,NA,NA,NA,NA,NA,NA,NA,NA,NA,NA,NA,NA,NA,NA,NA,NA,NA,NA,NA,NA,NA,NA,NA,NA,2,1,1,,NA,NA,NA
Male,White/Caucasian,"30,000 – 39,999",High School / GED,Republican,NA,Strong Republican,NA,51,NA,NA,NA,TRUE,TRUE,FALSE,TRUE,FALSE,TRUE,FALSE,TRUE,TRUE,TRUE,100,100,Neither agree nor disagree,Neither agree nor disagree,Somewhat agree,Yes,Yes,5 - A great deal,5- Very like me,5- Very like me,5- Very like me,5- Very like me,5- Very like me,5- Very like me,5- Very like me,5- Very like me,5- Very like me,5- Very like me,4,4,NA,NA,NA,NA,Nevada,Strongly support,Justified,Yes,NA,NA,NA,1,1,2,1,Democrat,Republican,NA
Male,White/Caucasian,"100,000 or more",4-year College Degree,NA,NA,NA,NA,NA,NA,NA,NA,NA,NA,NA,NA,NA,NA,NA,NA,NA,NA,,,NA,NA,NA,NA,NA,NA,NA,NA,NA,NA,NA,NA,NA,NA,NA,NA,NA,NA,NA,NA,NA,NA,NA,NA,NA,NA,NA,NA,NA,1,1,1,,NA,NA,NA
Male,White/Caucasian,"Less than 30,000",Some College,NA,NA,NA,NA,NA,NA,NA,NA,NA,NA,NA,NA,NA,NA,NA,NA,NA,NA,,,NA,NA,NA,NA,NA,NA,NA,NA,NA,NA,NA,NA,NA,NA,NA,NA,NA,NA,NA,NA,NA,NA,NA,NA,NA,NA,NA,NA,NA,2,1,2,,NA,NA,NA
Male,White/Caucasian,"90,000 – 99,999",4-year College Degree,NA,NA,NA,NA,NA,NA,NA,NA,NA,NA,NA,NA,NA,NA,NA,NA,NA,NA,,,NA,NA,NA,NA,NA,NA,NA,NA,NA,NA,NA,NA,NA,NA,NA,NA,NA,NA,NA,NA,NA,NA,NA,NA,NA,NA,NA,NA,NA,1,2,1,,NA,NA,NA
Male,White/Caucasian,"30,000 – 39,999",High School / GED,NA,NA,NA,NA,NA,NA,NA,NA,NA,NA,NA,NA,NA,NA,NA,NA,NA,NA,,,NA,NA,NA,NA,NA,NA,NA,NA,NA,NA,NA,NA,NA,NA,NA,NA,NA,NA,NA,NA,NA,NA,NA,NA,NA,NA,NA,NA,NA,1,2,1,,NA,NA,NA
Female,White/Caucasian,NA,NA,NA,NA,NA,NA,NA,NA,NA,NA,NA,NA,NA,NA,NA,NA,NA,NA,NA,NA,,,NA,NA,NA,NA,NA,NA,NA,NA,NA,NA,NA,NA,NA,NA,NA,NA,NA,NA,NA,NA,NA,NA,NA,NA,NA,NA,NA,NA,NA,2,2,1,,NA,NA,NA
Male,African American,"100,000 or more",4-year College Degree,Republican,NA,Strong Republican,NA,61,No,No,Yes,FALSE,FALSE,TRUE,TRUE,TRUE,TRUE,FALSE,TRUE,FALSE,FALSE,6,97,Somewhat disagree,Strongly disagree,Neither agree nor disagree,No,No,1 - Not at all,1- Very unlike me,4,3,1- Very unlike me,1- Very unlike me,3,1- Very unlike me,1- Very unlike me,4,1- Very unlike me,1- Very unlike me,1- Very unlike me,NA,NA,NA,NA,NA,NA,NA,NA,Oregon,Community service,Strongly oppose,2,1,1,1,Democrat,Republican,vandalism
Male,White/Caucasian,"50,000 – 59,999",4-year College Degree,NA,NA,NA,NA,NA,NA,NA,NA,NA,NA,NA,NA,NA,NA,NA,NA,NA,NA,,,NA,NA,NA,NA,NA,NA,NA,NA,NA,NA,NA,NA,NA,NA,NA,NA,NA,NA,NA,NA,NA,NA,NA,NA,NA,NA,NA,NA,NA,2,1,2,,NA,NA,NA
Male,White/Caucasian,"100,000 or more",2-year College Degree,NA,NA,NA,NA,NA,NA,NA,NA,NA,NA,NA,NA,NA,NA,NA,NA,NA,NA,,,NA,NA,NA,NA,NA,NA,NA,NA,NA,NA,NA,NA,NA,NA,NA,NA,NA,NA,NA,NA,NA,NA,NA,NA,NA,NA,NA,NA,NA,2,1,1,,NA,NA,NA
Male,White/Caucasian,"Less than 30,000",2-year College Degree,NA,NA,NA,NA,NA,NA,NA,NA,NA,NA,NA,NA,NA,NA,NA,NA,NA,NA,,,NA,NA,NA,NA,NA,NA,NA,NA,NA,NA,NA,NA,NA,NA,NA,NA,NA,NA,NA,NA,NA,NA,NA,NA,NA,NA,NA,NA,NA,2,2,2,,NA,NA,NA
Male,White/Caucasian,"50,000 – 59,999",High School / GED,NA,NA,NA,NA,NA,NA,NA,NA,NA,NA,NA,NA,NA,NA,NA,NA,NA,NA,,,NA,NA,NA,NA,NA,NA,NA,NA,NA,NA,NA,NA,NA,NA,NA,NA,NA,NA,NA,NA,NA,NA,NA,NA,NA,NA,NA,NA,NA,1,1,1,,NA,NA,NA
Male,Asian,"Less than 30,000",4-year College Degree,Republican,NA,Strong Republican,NA,47,Yes,Yes,Yes,TRUE,TRUE,TRUE,TRUE,TRUE,TRUE,TRUE,TRUE,TRUE,TRUE,100,97,Strongly agree,Strongly agree,Strongly agree,Yes,Yes,1 - Not at all,1- Very unlike me,1- Very unlike me,1- Very unlike me,1- Very unlike me,1- Very unlike me,1- Very unlike me,1- Very unlike me,1- Very unlike me,1- Very unlike me,1- Very unlike me,1- Very unlike me,1- Very unlike me,NA,NA,NA,NA,NA,NA,NA,NA,Washington,Community service,Strongly support,2,1,1,1,Democrat,Republican,assault
Male,White/Caucasian,"30,000 – 39,999",4-year College Degree,NA,NA,NA,NA,NA,NA,NA,NA,NA,NA,NA,NA,NA,NA,NA,NA,NA,NA,,,NA,NA,NA,NA,NA,NA,NA,NA,NA,NA,NA,NA,NA,NA,NA,NA,NA,NA,NA,NA,NA,NA,NA,NA,NA,NA,NA,NA,NA,1,1,1,,NA,NA,NA
Female,White/Caucasian,NA,NA,NA,NA,NA,NA,NA,NA,NA,NA,NA,NA,NA,NA,NA,NA,NA,NA,NA,NA,,,NA,NA,NA,NA,NA,NA,NA,NA,NA,NA,NA,NA,NA,NA,NA,NA,NA,NA,NA,NA,NA,NA,NA,NA,NA,NA,NA,NA,NA,2,2,2,,NA,NA,NA
Male,White/Caucasian,"60,000 – 69,999",2-year College Degree,NA,NA,NA,NA,NA,NA,NA,NA,NA,NA,NA,NA,NA,NA,NA,NA,NA,NA,,,NA,NA,NA,NA,NA,NA,NA,NA,NA,NA,NA,NA,NA,NA,NA,NA,NA,NA,NA,NA,NA,NA,NA,NA,NA,NA,NA,NA,NA,1,2,2,,NA,NA,NA
Male,White/Caucasian,"90,000 – 99,999",High School / GED,NA,NA,NA,NA,NA,NA,NA,NA,NA,NA,NA,NA,NA,NA,NA,NA,NA,NA,,,NA,NA,NA,NA,NA,NA,NA,NA,NA,NA,NA,NA,NA,NA,NA,NA,NA,NA,NA,NA,NA,NA,NA,NA,NA,NA,NA,NA,NA,1,1,1,,NA,NA,NA
Male,White/Caucasian,"100,000 or more","Professional Degree (JD, MD)",NA,NA,NA,NA,NA,NA,NA,NA,NA,NA,NA,NA,NA,NA,NA,NA,NA,NA,,,NA,NA,NA,NA,NA,NA,NA,NA,NA,NA,NA,NA,NA,NA,NA,NA,NA,NA,NA,NA,NA,NA,NA,NA,NA,NA,NA,NA,NA,2,1,1,,NA,NA,NA
Male,White/Caucasian,"40,000 – 49,999",Some College,NA,NA,NA,NA,NA,NA,NA,NA,NA,NA,NA,NA,NA,NA,NA,NA,NA,NA,,,NA,NA,NA,NA,NA,NA,NA,NA,NA,NA,NA,NA,NA,NA,NA,NA,NA,NA,NA,NA,NA,NA,NA,NA,NA,NA,NA,NA,NA,1,2,1,,NA,NA,NA
Male,White/Caucasian,"Less than 30,000",Some College,NA,NA,NA,NA,NA,NA,NA,NA,NA,NA,NA,NA,NA,NA,NA,NA,NA,NA,,,NA,NA,NA,NA,NA,NA,NA,NA,NA,NA,NA,NA,NA,NA,NA,NA,NA,NA,NA,NA,NA,NA,NA,NA,NA,NA,NA,NA,NA,1,1,1,,NA,NA,NA
Male,White/Caucasian,"Less than 30,000",Some College,NA,NA,NA,NA,NA,NA,NA,NA,NA,NA,NA,NA,NA,NA,NA,NA,NA,NA,,,NA,NA,NA,NA,NA,NA,NA,NA,NA,NA,NA,NA,NA,NA,NA,NA,NA,NA,NA,NA,NA,NA,NA,NA,NA,NA,NA,NA,NA,2,2,2,,NA,NA,NA
Male,White/Caucasian,"100,000 or more",Masters Degree,NA,NA,NA,NA,NA,NA,NA,NA,NA,NA,NA,NA,NA,NA,NA,NA,NA,NA,,,NA,NA,NA,NA,NA,NA,NA,NA,NA,NA,NA,NA,NA,NA,NA,NA,NA,NA,NA,NA,NA,NA,NA,NA,NA,NA,NA,NA,NA,1,2,1,,NA,NA,NA
Male,White/Caucasian,"50,000 – 59,999",Masters Degree,NA,NA,NA,NA,NA,NA,NA,NA,NA,NA,NA,NA,NA,NA,NA,NA,NA,NA,,,NA,NA,NA,NA,NA,NA,NA,NA,NA,NA,NA,NA,NA,NA,NA,NA,NA,NA,NA,NA,NA,NA,NA,NA,NA,NA,NA,NA,NA,2,1,2,,NA,NA,NA
Male,African American,"30,000 – 39,999",Some College,NA,NA,NA,NA,NA,NA,NA,NA,NA,NA,NA,NA,NA,NA,NA,NA,NA,NA,,,NA,NA,NA,NA,NA,NA,NA,NA,NA,NA,NA,NA,NA,NA,NA,NA,NA,NA,NA,NA,NA,NA,NA,NA,NA,NA,NA,NA,NA,1,1,2,,NA,NA,NA
Male,White/Caucasian,"Less than 30,000",Some College,NA,NA,NA,NA,NA,NA,NA,NA,NA,NA,NA,NA,NA,NA,NA,NA,NA,NA,,,NA,NA,NA,NA,NA,NA,NA,NA,NA,NA,NA,NA,NA,NA,NA,NA,NA,NA,NA,NA,NA,NA,NA,NA,NA,NA,NA,NA,NA,2,1,2,,NA,NA,NA
Male,White/Caucasian,"100,000 or more",Masters Degree,NA,NA,NA,NA,NA,NA,NA,NA,NA,NA,NA,NA,NA,NA,NA,NA,NA,NA,,,NA,NA,NA,NA,NA,NA,NA,NA,NA,NA,NA,NA,NA,NA,NA,NA,NA,NA,NA,NA,NA,NA,NA,NA,NA,NA,NA,NA,NA,2,2,2,,NA,NA,NA
Male,White/Caucasian,"Less than 30,000",Less than High School,NA,NA,NA,NA,NA,NA,NA,NA,NA,NA,NA,NA,NA,NA,NA,NA,NA,NA,,,NA,NA,NA,NA,NA,NA,NA,NA,NA,NA,NA,NA,NA,NA,NA,NA,NA,NA,NA,NA,NA,NA,NA,NA,NA,NA,NA,NA,NA,1,1,1,,NA,NA,NA
Male,African American,"60,000 – 69,999",Some College,Democrat,NA,NA,NA,NA,NA,NA,NA,NA,NA,NA,NA,NA,NA,NA,NA,NA,NA,,,NA,NA,NA,NA,NA,NA,NA,NA,NA,NA,NA,NA,NA,NA,NA,NA,NA,NA,NA,NA,NA,NA,NA,NA,NA,NA,NA,NA,NA,2,1,1,,NA,NA,NA
Male,White/Caucasian,"70,000 – 79,999",Masters Degree,NA,NA,NA,NA,NA,NA,NA,NA,NA,NA,NA,NA,NA,NA,NA,NA,NA,NA,,,NA,NA,NA,NA,NA,NA,NA,NA,NA,NA,NA,NA,NA,NA,NA,NA,NA,NA,NA,NA,NA,NA,NA,NA,NA,NA,NA,NA,NA,1,1,2,,NA,NA,NA
Male,White/Caucasian,"Less than 30,000",Less than High School,NA,NA,NA,NA,NA,NA,NA,NA,NA,NA,NA,NA,NA,NA,NA,NA,NA,NA,,,NA,NA,NA,NA,NA,NA,NA,NA,NA,NA,NA,NA,NA,NA,NA,NA,NA,NA,NA,NA,NA,NA,NA,NA,NA,NA,NA,NA,NA,2,1,1,,NA,NA,NA
Male,White/Caucasian,"50,000 – 59,999",4-year College Degree,NA,NA,NA,NA,NA,NA,NA,NA,NA,NA,NA,NA,NA,NA,NA,NA,NA,NA,,,NA,NA,NA,NA,NA,NA,NA,NA,NA,NA,NA,NA,NA,NA,NA,NA,NA,NA,NA,NA,NA,NA,NA,NA,NA,NA,NA,NA,NA,2,1,2,,NA,NA,NA
Male,African American,"60,000 – 69,999",2-year College Degree,Independent,Democratic Party,NA,NA,35,NA,NA,NA,NA,NA,NA,NA,NA,NA,NA,NA,NA,NA,,,NA,NA,NA,NA,NA,NA,NA,NA,NA,NA,NA,NA,NA,NA,NA,NA,NA,NA,NA,NA,NA,NA,NA,NA,NA,NA,NA,NA,NA,2,1,1,,NA,NA,NA
Male,White/Caucasian,"Less than 30,000",2-year College Degree,NA,NA,NA,NA,NA,NA,NA,NA,NA,NA,NA,NA,NA,NA,NA,NA,NA,NA,,,NA,NA,NA,NA,NA,NA,NA,NA,NA,NA,NA,NA,NA,NA,NA,NA,NA,NA,NA,NA,NA,NA,NA,NA,NA,NA,NA,NA,NA,2,1,1,,NA,NA,NA
Male,African American,"40,000 – 49,999",High School / GED,Republican,NA,Strong Republican,NA,54,No,No,No,TRUE,TRUE,TRUE,FALSE,TRUE,FALSE,FALSE,FALSE,FALSE,TRUE,13,78,Neither agree nor disagree,Somewhat disagree,Neither agree nor disagree,No,No,2,1- Very unlike me,3,3,3,3,2,2,2,3,2,2,2,NA,NA,NA,NA,NA,NA,NA,NA,Alaska,1 - 3 days in jail,Neither support nor oppose,2,1,1,1,Democrat,Republican,vandalism
Male,White/Caucasian,"Less than 30,000",2-year College Degree,NA,NA,NA,NA,NA,NA,NA,NA,NA,NA,NA,NA,NA,NA,NA,NA,NA,NA,,,NA,NA,NA,NA,NA,NA,NA,NA,NA,NA,NA,NA,NA,NA,NA,NA,NA,NA,NA,NA,NA,NA,NA,NA,NA,NA,NA,NA,NA,2,1,1,,NA,NA,NA
Male,White/Caucasian,"50,000 – 59,999",High School / GED,NA,NA,NA,NA,NA,NA,NA,NA,NA,NA,NA,NA,NA,NA,NA,NA,NA,NA,,,NA,NA,NA,NA,NA,NA,NA,NA,NA,NA,NA,NA,NA,NA,NA,NA,NA,NA,NA,NA,NA,NA,NA,NA,NA,NA,NA,NA,NA,2,2,1,,NA,NA,NA
Male,White/Caucasian,"70,000 – 79,999",Masters Degree,NA,NA,NA,NA,NA,NA,NA,NA,NA,NA,NA,NA,NA,NA,NA,NA,NA,NA,,,NA,NA,NA,NA,NA,NA,NA,NA,NA,NA,NA,NA,NA,NA,NA,NA,NA,NA,NA,NA,NA,NA,NA,NA,NA,NA,NA,NA,NA,1,1,2,,NA,NA,NA
Male,White/Caucasian,"100,000 or more",4-year College Degree,NA,NA,NA,NA,NA,NA,NA,NA,NA,NA,NA,NA,NA,NA,NA,NA,NA,NA,,,NA,NA,NA,NA,NA,NA,NA,NA,NA,NA,NA,NA,NA,NA,NA,NA,NA,NA,NA,NA,NA,NA,NA,NA,NA,NA,NA,NA,NA,2,2,1,,NA,NA,NA
Male,White/Caucasian,"70,000 – 79,999",High School / GED,NA,NA,NA,NA,NA,NA,NA,NA,NA,NA,NA,NA,NA,NA,NA,NA,NA,NA,,,NA,NA,NA,NA,NA,NA,NA,NA,NA,NA,NA,NA,NA,NA,NA,NA,NA,NA,NA,NA,NA,NA,NA,NA,NA,NA,NA,NA,NA,1,2,1,,NA,NA,NA
Male,White/Caucasian,"30,000 – 39,999",4-year College Degree,NA,NA,NA,NA,NA,NA,NA,NA,NA,NA,NA,NA,NA,NA,NA,NA,NA,NA,,,NA,NA,NA,NA,NA,NA,NA,NA,NA,NA,NA,NA,NA,NA,NA,NA,NA,NA,NA,NA,NA,NA,NA,NA,NA,NA,NA,NA,NA,2,1,2,,NA,NA,NA
Female,Native American,NA,NA,NA,NA,NA,NA,NA,NA,NA,NA,NA,NA,NA,NA,NA,NA,NA,NA,NA,NA,,,NA,NA,NA,NA,NA,NA,NA,NA,NA,NA,NA,NA,NA,NA,NA,NA,NA,NA,NA,NA,NA,NA,NA,NA,NA,NA,NA,NA,NA,1,1,2,,NA,NA,NA
Male,White/Caucasian,"100,000 or more",4-year College Degree,NA,NA,NA,NA,NA,NA,NA,NA,NA,NA,NA,NA,NA,NA,NA,NA,NA,NA,,,NA,NA,NA,NA,NA,NA,NA,NA,NA,NA,NA,NA,NA,NA,NA,NA,NA,NA,NA,NA,NA,NA,NA,NA,NA,NA,NA,NA,NA,2,2,2,,NA,NA,NA
Male,White/Caucasian,"40,000 – 49,999",Some College,NA,NA,NA,NA,NA,NA,NA,NA,NA,NA,NA,NA,NA,NA,NA,NA,NA,NA,,,NA,NA,NA,NA,NA,NA,NA,NA,NA,NA,NA,NA,NA,NA,NA,NA,NA,NA,NA,NA,NA,NA,NA,NA,NA,NA,NA,NA,NA,2,1,2,,NA,NA,NA
Male,Other,"Less than 30,000",Some College,Republican,NA,Strong Republican,NA,50,Yes,No,Yes,FALSE,FALSE,TRUE,TRUE,FALSE,TRUE,FALSE,TRUE,TRUE,TRUE,3,90,Somewhat agree,Neither agree nor disagree,Somewhat agree,No,No,1 - Not at all,4,3,3,4,2,3,2,2,2,2,3,3,Florida,Strongly oppose,Unjustified,Yes,NA,NA,NA,NA,NA,NA,NA,1,2,1,1,Democrat,Republican,NA
Female,Pacific Islander,NA,NA,NA,NA,NA,NA,NA,NA,NA,NA,NA,NA,NA,NA,NA,NA,NA,NA,NA,NA,,,NA,NA,NA,NA,NA,NA,NA,NA,NA,NA,NA,NA,NA,NA,NA,NA,NA,NA,NA,NA,NA,NA,NA,NA,NA,NA,NA,NA,NA,1,2,1,,NA,NA,NA
Male,White/Caucasian,"40,000 – 49,999",High School / GED,NA,NA,NA,NA,NA,NA,NA,NA,NA,NA,NA,NA,NA,NA,NA,NA,NA,NA,,,NA,NA,NA,NA,NA,NA,NA,NA,NA,NA,NA,NA,NA,NA,NA,NA,NA,NA,NA,NA,NA,NA,NA,NA,NA,NA,NA,NA,NA,1,1,2,,NA,NA,NA
Female,White/Caucasian,NA,NA,NA,NA,NA,NA,NA,NA,NA,NA,NA,NA,NA,NA,NA,NA,NA,NA,NA,NA,,,NA,NA,NA,NA,NA,NA,NA,NA,NA,NA,NA,NA,NA,NA,NA,NA,NA,NA,NA,NA,NA,NA,NA,NA,NA,NA,NA,NA,NA,1,1,2,,NA,NA,NA
Male,White/Caucasian,"100,000 or more",2-year College Degree,NA,NA,NA,NA,NA,NA,NA,NA,NA,NA,NA,NA,NA,NA,NA,NA,NA,NA,,,NA,NA,NA,NA,NA,NA,NA,NA,NA,NA,NA,NA,NA,NA,NA,NA,NA,NA,NA,NA,NA,NA,NA,NA,NA,NA,NA,NA,NA,2,2,1,,NA,NA,NA
Male,White/Caucasian,"50,000 – 59,999",2-year College Degree,NA,NA,NA,NA,NA,NA,NA,NA,NA,NA,NA,NA,NA,NA,NA,NA,NA,NA,,,NA,NA,NA,NA,NA,NA,NA,NA,NA,NA,NA,NA,NA,NA,NA,NA,NA,NA,NA,NA,NA,NA,NA,NA,NA,NA,NA,NA,NA,1,2,2,,NA,NA,NA
Male,White/Caucasian,"100,000 or more",Some College,NA,NA,NA,NA,NA,NA,NA,NA,NA,NA,NA,NA,NA,NA,NA,NA,NA,NA,,,NA,NA,NA,NA,NA,NA,NA,NA,NA,NA,NA,NA,NA,NA,NA,NA,NA,NA,NA,NA,NA,NA,NA,NA,NA,NA,NA,NA,NA,1,1,2,,NA,NA,NA
Female,African American,NA,NA,NA,NA,NA,NA,NA,NA,NA,NA,NA,NA,NA,NA,NA,NA,NA,NA,NA,NA,,,NA,NA,NA,NA,NA,NA,NA,NA,NA,NA,NA,NA,NA,NA,NA,NA,NA,NA,NA,NA,NA,NA,NA,NA,NA,NA,NA,NA,NA,1,2,2,,NA,NA,NA
Male,Asian,"50,000 – 59,999",High School / GED,Republican,NA,Not a strong Republican,NA,53,No,No,Yes,TRUE,TRUE,TRUE,TRUE,TRUE,FALSE,FALSE,FALSE,FALSE,TRUE,62,78,Somewhat agree,Strongly disagree,Neither agree nor disagree,No,No,1 - Not at all,1- Very unlike me,2,2,2,1- Very unlike me,3,1- Very unlike me,1- Very unlike me,2,1- Very unlike me,3,1- Very unlike me,NA,NA,NA,NA,NA,NA,NA,NA,Oregon,2 - 5 years in prison,Oppose,2,2,1,1,Democrat,Republican,assault with a deadly weapon
Male,White/Caucasian,"70,000 – 79,999",2-year College Degree,NA,NA,NA,NA,NA,NA,NA,NA,NA,NA,NA,NA,NA,NA,NA,NA,NA,NA,,,NA,NA,NA,NA,NA,NA,NA,NA,NA,NA,NA,NA,NA,NA,NA,NA,NA,NA,NA,NA,NA,NA,NA,NA,NA,NA,NA,NA,NA,1,1,2,,NA,NA,NA
Male,White/Caucasian,"60,000 – 69,999",High School / GED,NA,NA,NA,NA,NA,NA,NA,NA,NA,NA,NA,NA,NA,NA,NA,NA,NA,NA,,,NA,NA,NA,NA,NA,NA,NA,NA,NA,NA,NA,NA,NA,NA,NA,NA,NA,NA,NA,NA,NA,NA,NA,NA,NA,NA,NA,NA,NA,2,1,2,,NA,NA,NA
Male,White/Caucasian,"Less than 30,000",Masters Degree,NA,NA,NA,NA,NA,NA,NA,NA,NA,NA,NA,NA,NA,NA,NA,NA,NA,NA,,,NA,NA,NA,NA,NA,NA,NA,NA,NA,NA,NA,NA,NA,NA,NA,NA,NA,NA,NA,NA,NA,NA,NA,NA,NA,NA,NA,NA,NA,2,1,2,,NA,NA,NA
Male,White/Caucasian,"30,000 – 39,999",4-year College Degree,NA,NA,NA,NA,NA,NA,NA,NA,NA,NA,NA,NA,NA,NA,NA,NA,NA,NA,,,NA,NA,NA,NA,NA,NA,NA,NA,NA,NA,NA,NA,NA,NA,NA,NA,NA,NA,NA,NA,NA,NA,NA,NA,NA,NA,NA,NA,NA,2,1,1,,NA,NA,NA
Male,White/Caucasian,"100,000 or more",4-year College Degree,NA,NA,NA,NA,NA,NA,NA,NA,NA,NA,NA,NA,NA,NA,NA,NA,NA,NA,,,NA,NA,NA,NA,NA,NA,NA,NA,NA,NA,NA,NA,NA,NA,NA,NA,NA,NA,NA,NA,NA,NA,NA,NA,NA,NA,NA,NA,NA,2,1,2,,NA,NA,NA
Male,White/Caucasian,"100,000 or more",4-year College Degree,NA,NA,NA,NA,NA,NA,NA,NA,NA,NA,NA,NA,NA,NA,NA,NA,NA,NA,,,NA,NA,NA,NA,NA,NA,NA,NA,NA,NA,NA,NA,NA,NA,NA,NA,NA,NA,NA,NA,NA,NA,NA,NA,NA,NA,NA,NA,NA,2,2,1,,NA,NA,NA
Male,White/Caucasian,"100,000 or more","Professional Degree (JD, MD)",NA,NA,NA,NA,NA,NA,NA,NA,NA,NA,NA,NA,NA,NA,NA,NA,NA,NA,,,NA,NA,NA,NA,NA,NA,NA,NA,NA,NA,NA,NA,NA,NA,NA,NA,NA,NA,NA,NA,NA,NA,NA,NA,NA,NA,NA,NA,NA,1,1,1,,NA,NA,NA
NA,NA,NA,NA,NA,NA,NA,NA,NA,NA,NA,NA,NA,NA,NA,NA,NA,NA,NA,NA,NA,NA,,,NA,NA,NA,NA,NA,NA,NA,NA,NA,NA,NA,NA,NA,NA,NA,NA,NA,NA,NA,NA,NA,NA,NA,NA,NA,NA,NA,NA,NA,2,1,2,,NA,NA,NA
Male,White/Caucasian,"100,000 or more",4-year College Degree,NA,NA,NA,NA,NA,NA,NA,NA,NA,NA,NA,NA,NA,NA,NA,NA,NA,NA,,,NA,NA,NA,NA,NA,NA,NA,NA,NA,NA,NA,NA,NA,NA,NA,NA,NA,NA,NA,NA,NA,NA,NA,NA,NA,NA,NA,NA,NA,2,2,2,,NA,NA,NA
Male,White/Caucasian,"Less than 30,000",High School / GED,NA,NA,NA,NA,NA,NA,NA,NA,NA,NA,NA,NA,NA,NA,NA,NA,NA,NA,,,NA,NA,NA,NA,NA,NA,NA,NA,NA,NA,NA,NA,NA,NA,NA,NA,NA,NA,NA,NA,NA,NA,NA,NA,NA,NA,NA,NA,NA,2,2,1,,NA,NA,NA
Female,White/Caucasian,"40,000 – 49,999",Some College,Republican,NA,Not a strong Republican,NA,48,NA,NA,NA,NA,NA,NA,NA,NA,NA,NA,NA,NA,NA,,,NA,NA,NA,NA,NA,NA,NA,NA,NA,NA,NA,NA,NA,NA,NA,NA,NA,NA,NA,NA,NA,NA,NA,NA,NA,NA,NA,NA,NA,1,2,1,,NA,NA,NA
NA,NA,NA,NA,NA,NA,NA,NA,NA,NA,NA,NA,NA,NA,NA,NA,NA,NA,NA,NA,NA,NA,,,NA,NA,NA,NA,NA,NA,NA,NA,NA,NA,NA,NA,NA,NA,NA,NA,NA,NA,NA,NA,NA,NA,NA,NA,NA,NA,NA,NA,NA,1,1,1,,NA,NA,NA
NA,NA,NA,NA,NA,NA,NA,NA,NA,NA,NA,NA,NA,NA,NA,NA,NA,NA,NA,NA,NA,NA,,,NA,NA,NA,NA,NA,NA,NA,NA,NA,NA,NA,NA,NA,NA,NA,NA,NA,NA,NA,NA,NA,NA,NA,NA,NA,NA,NA,NA,NA,2,1,1,,NA,NA,NA
Male,White/Caucasian,"30,000 – 39,999",Less than High School,NA,NA,NA,NA,NA,NA,NA,NA,NA,NA,NA,NA,NA,NA,NA,NA,NA,NA,,,NA,NA,NA,NA,NA,NA,NA,NA,NA,NA,NA,NA,NA,NA,NA,NA,NA,NA,NA,NA,NA,NA,NA,NA,NA,NA,NA,NA,NA,2,1,2,,NA,NA,NA
Male,White/Caucasian,"30,000 – 39,999",Less than High School,NA,NA,NA,NA,NA,NA,NA,NA,NA,NA,NA,NA,NA,NA,NA,NA,NA,NA,,,NA,NA,NA,NA,NA,NA,NA,NA,NA,NA,NA,NA,NA,NA,NA,NA,NA,NA,NA,NA,NA,NA,NA,NA,NA,NA,NA,NA,NA,1,2,1,,NA,NA,NA
Female,White/Caucasian,"Less than 30,000",Some College,NA,NA,NA,NA,NA,NA,NA,NA,NA,NA,NA,NA,NA,NA,NA,NA,NA,NA,,,NA,NA,NA,NA,NA,NA,NA,NA,NA,NA,NA,NA,NA,NA,NA,NA,NA,NA,NA,NA,NA,NA,NA,NA,NA,NA,NA,NA,NA,1,1,2,,NA,NA,NA
NA,NA,NA,NA,NA,NA,NA,NA,NA,NA,NA,NA,NA,NA,NA,NA,NA,NA,NA,NA,NA,NA,,,NA,NA,NA,NA,NA,NA,NA,NA,NA,NA,NA,NA,NA,NA,NA,NA,NA,NA,NA,NA,NA,NA,NA,NA,NA,NA,NA,NA,NA,2,1,1,,NA,NA,NA
Male,White/Caucasian,"100,000 or more",Masters Degree,Republican,NA,Strong Republican,NA,34,NA,NA,NA,NA,NA,NA,NA,NA,NA,NA,NA,NA,NA,,,NA,NA,NA,NA,NA,NA,NA,NA,NA,NA,NA,NA,NA,NA,NA,NA,NA,NA,NA,NA,NA,NA,NA,NA,NA,NA,NA,NA,NA,2,1,1,,NA,NA,NA
Female,White/Caucasian,"Less than 30,000",High School / GED,Republican,NA,Strong Republican,NA,61,No,Yes,No,FALSE,TRUE,TRUE,TRUE,TRUE,TRUE,FALSE,TRUE,FALSE,FALSE,10,79,NA,NA,NA,NA,NA,NA,NA,NA,NA,NA,NA,NA,NA,NA,NA,NA,NA,NA,NA,NA,NA,NA,NA,NA,NA,NA,NA,NA,NA,1,1,1,,Democrat,Republican,NA
Male,White/Caucasian,"Less than 30,000",High School / GED,Republican,NA,Not a strong Republican,NA,64,NA,NA,NA,TRUE,TRUE,FALSE,TRUE,FALSE,TRUE,FALSE,TRUE,FALSE,TRUE,61,51,Neither agree nor disagree,Neither agree nor disagree,Somewhat agree,No,Yes,3,3,4,3,4,4,3,3,4,3,4,3,3,NA,NA,NA,NA,NA,NA,NA,NA,NA,NA,NA,2,1,2,,Democrat,Republican,arson
Female,White/Caucasian,"40,000 – 49,999",4-year College Degree,Republican,NA,Not a strong Republican,NA,20,No,No,Yes,FALSE,TRUE,TRUE,TRUE,TRUE,FALSE,FALSE,TRUE,TRUE,FALSE,29,70,Somewhat disagree,Strongly disagree,Strongly disagree,No,No,1 - Not at all,3,3,1- Very unlike me,1- Very unlike me,2,1- Very unlike me,1- Very unlike me,1- Very unlike me,1- Very unlike me,1- Very unlike me,1- Very unlike me,1- Very unlike me,Florida,NA,NA,NA,NA,NA,NA,NA,NA,NA,NA,1,1,1,,Democrat,Republican,NA
NA,NA,NA,NA,NA,NA,NA,NA,NA,NA,NA,NA,NA,NA,NA,NA,NA,NA,NA,NA,NA,NA,,,NA,NA,NA,NA,NA,NA,NA,NA,NA,NA,NA,NA,NA,NA,NA,NA,NA,NA,NA,NA,NA,NA,NA,NA,NA,NA,NA,NA,NA,1,1,2,,NA,NA,NA
NA,NA,NA,NA,NA,NA,NA,NA,NA,NA,NA,NA,NA,NA,NA,NA,NA,NA,NA,NA,NA,NA,,,NA,NA,NA,NA,NA,NA,NA,NA,NA,NA,NA,NA,NA,NA,NA,NA,NA,NA,NA,NA,NA,NA,NA,NA,NA,NA,NA,NA,NA,2,1,2,,NA,NA,NA
NA,NA,NA,NA,NA,NA,NA,NA,NA,NA,NA,NA,NA,NA,NA,NA,NA,NA,NA,NA,NA,NA,,,NA,NA,NA,NA,NA,NA,NA,NA,NA,NA,NA,NA,NA,NA,NA,NA,NA,NA,NA,NA,NA,NA,NA,NA,NA,NA,NA,NA,NA,2,2,2,,NA,NA,NA
Female,White/Caucasian,"Less than 30,000",High School / GED,Republican,NA,Strong Republican,NA,48,No,No,Yes,FALSE,TRUE,TRUE,TRUE,TRUE,FALSE,TRUE,FALSE,FALSE,FALSE,11,83,Neither agree nor disagree,Strongly disagree,Somewhat agree,Yes,No,3,1- Very unlike me,1- Very unlike me,3,1- Very unlike me,1- Very unlike me,1- Very unlike me,1- Very unlike me,1- Very unlike me,2,1- Very unlike me,1- Very unlike me,2,NA,NA,NA,NA,NA,NA,NA,NA,NA,NA,NA,1,1,2,,Democrat,Republican,NA
Female,White/Caucasian,"30,000 – 39,999",2-year College Degree,Republican,NA,Strong Republican,NA,49,No,No,Yes,TRUE,TRUE,FALSE,TRUE,TRUE,FALSE,FALSE,FALSE,FALSE,FALSE,30,94,Neither agree nor disagree,Strongly disagree,Strongly disagree,No,No,1 - Not at all,NA,NA,NA,NA,NA,NA,NA,NA,NA,NA,NA,NA,NA,NA,NA,NA,NA,NA,NA,NA,NA,NA,NA,2,2,1,,Democrat,Republican,NA
NA,NA,NA,NA,NA,NA,NA,NA,NA,NA,NA,NA,NA,NA,NA,NA,NA,NA,NA,NA,NA,NA,,,NA,NA,NA,NA,NA,NA,NA,NA,NA,NA,NA,NA,NA,NA,NA,NA,NA,NA,NA,NA,NA,NA,NA,NA,NA,NA,NA,NA,NA,2,1,1,,NA,NA,NA
Female,White/Caucasian,"Less than 30,000",Some College,Republican,NA,Strong Republican,NA,49,No,No,Yes,NA,FALSE,FALSE,FALSE,NA,NA,NA,TRUE,FALSE,NA,,,NA,NA,NA,NA,NA,NA,NA,NA,NA,NA,NA,NA,NA,NA,NA,NA,NA,NA,NA,NA,NA,NA,NA,NA,NA,NA,NA,NA,NA,2,1,1,,NA,NA,NA
NA,NA,NA,NA,NA,NA,NA,NA,NA,NA,NA,NA,NA,NA,NA,NA,NA,NA,NA,NA,NA,NA,,,NA,NA,NA,NA,NA,NA,NA,NA,NA,NA,NA,NA,NA,NA,NA,NA,NA,NA,NA,NA,NA,NA,NA,NA,NA,NA,NA,NA,NA,1,2,2,,NA,NA,NA
NA,NA,NA,NA,NA,NA,NA,NA,NA,NA,NA,NA,NA,NA,NA,NA,NA,NA,NA,NA,NA,NA,,,NA,NA,NA,NA,NA,NA,NA,NA,NA,NA,NA,NA,NA,NA,NA,NA,NA,NA,NA,NA,NA,NA,NA,NA,NA,NA,NA,NA,NA,2,2,2,,NA,NA,NA
NA,NA,NA,NA,NA,NA,NA,NA,NA,NA,NA,NA,NA,NA,NA,NA,NA,NA,NA,NA,NA,NA,,,NA,NA,NA,NA,NA,NA,NA,NA,NA,NA,NA,NA,NA,NA,NA,NA,NA,NA,NA,NA,NA,NA,NA,NA,NA,NA,NA,NA,NA,1,2,2,,NA,NA,NA
Female,White/Caucasian,"Less than 30,000",Some College,Republican,NA,Strong Republican,NA,61,NA,NA,NA,FALSE,TRUE,TRUE,TRUE,TRUE,TRUE,FALSE,TRUE,FALSE,TRUE,0,81,NA,NA,NA,NA,NA,NA,NA,NA,NA,NA,NA,NA,NA,NA,NA,NA,NA,NA,NA,NA,NA,NA,NA,NA,NA,NA,NA,NA,NA,1,2,1,,Democrat,Republican,NA
NA,NA,NA,NA,NA,NA,NA,NA,NA,NA,NA,NA,NA,NA,NA,NA,NA,NA,NA,NA,NA,NA,,,NA,NA,NA,NA,NA,NA,NA,NA,NA,NA,NA,NA,NA,NA,NA,NA,NA,NA,NA,NA,NA,NA,NA,NA,NA,NA,NA,NA,NA,1,1,1,,NA,NA,NA
NA,NA,NA,NA,NA,NA,NA,NA,NA,NA,NA,NA,NA,NA,NA,NA,NA,NA,NA,NA,NA,NA,,,NA,NA,NA,NA,NA,NA,NA,NA,NA,NA,NA,NA,NA,NA,NA,NA,NA,NA,NA,NA,NA,NA,NA,NA,NA,NA,NA,NA,NA,2,1,2,,NA,NA,NA
NA,NA,NA,NA,NA,NA,NA,NA,NA,NA,NA,NA,NA,NA,NA,NA,NA,NA,NA,NA,NA,NA,,,NA,NA,NA,NA,NA,NA,NA,NA,NA,NA,NA,NA,NA,NA,NA,NA,NA,NA,NA,NA,NA,NA,NA,NA,NA,NA,NA,NA,NA,2,1,1,,NA,NA,NA
